5000 100 71 0
0 6 17
0 8 17
0 10 19
0 11 15
0 14 17
0 16 9
0 17 2
0 21 3
0 22 17
0 23 2
0 24 15
0 25 8
0 27 14
0 28 4
0 29 19
0 30 10
0 31 1
0 32 8
0 35 7
0 37 6
0 38 8
0 39 10
0 41 8
0 45 1
0 46 13
0 49 1
0 50 14
0 55 13
0 56 4
0 60 6
0 61 6
0 65 1
0 69 18
0 70 18
0 71 1
0 73 17
0 79 20
0 81 2
0 83 4
0 84 16
0 87 19
0 88 13
0 90 5
0 92 19
0 93 9
0 96 18
0 99 16
1 0 7
1 2 18
1 5 18
1 11 18
1 12 16
1 13 9
1 14 11
1 19 6
1 24 13
1 26 10
1 29 9
1 31 20
1 33 5
1 34 12
1 36 14
1 40 20
1 42 4
1 43 2
1 44 6
1 47 11
1 48 4
1 50 9
1 53 11
1 54 12
1 55 18
1 56 13
1 57 8
1 59 19
1 63 7
1 67 20
1 69 17
1 70 1
1 72 15
1 74 6
1 75 17
1 79 15
1 81 18
1 83 8
1 86 18
1 88 18
1 89 15
1 91 9
1 92 16
1 93 3
1 94 6
1 95 2
1 99 5
2 4 15
2 6 7
2 7 3
2 13 10
2 14 12
2 16 19
2 17 15
2 18 19
2 23 6
2 24 5
2 26 14
2 27 10
2 28 16
2 31 8
2 32 19
2 34 8
2 36 15
2 37 4
2 38 11
2 39 19
2 40 6
2 41 20
2 45 4
2 46 2
2 47 9
2 49 18
2 54 17
2 58 17
2 59 2
2 60 6
2 66 8
2 68 11
2 74 20
2 75 9
2 77 19
2 81 2
2 83 5
2 86 8
2 91 11
2 93 20
2 96 9
2 99 15
3 0 8
3 1 1
3 5 20
3 6 17
3 7 17
3 9 12
3 10 13
3 11 9
3 12 7
3 13 17
3 16 5
3 23 15
3 25 8
3 28 17
3 29 5
3 31 3
3 36 14
3 38 13
3 39 13
3 41 14
3 42 5
3 43 5
3 44 10
3 45 7
3 46 4
3 47 1
3 49 6
3 50 1
3 51 6
3 53 10
3 54 7
3 58 3
3 59 3
3 61 10
3 62 7
3 63 8
3 65 13
3 66 18
3 68 9
3 69 7
3 71 5
3 72 10
3 75 7
3 77 3
3 78 1
3 81 19
3 82 3
3 83 20
3 85 4
3 87 17
3 88 18
3 89 3
3 91 13
3 93 1
3 94 15
3 95 1
3 96 12
3 97 9
3 99 20
4 0 14
4 1 18
4 2 1
4 3 3
4 5 2
4 7 12
4 8 10
4 9 2
4 12 7
4 13 9
4 17 15
4 19 13
4 20 1
4 21 10
4 22 20
4 28 18
4 29 3
4 32 1
4 34 13
4 36 6
4 38 15
4 39 13
4 40 15
4 41 5
4 42 5
4 47 18
4 49 9
4 53 1
4 55 18
4 59 12
4 60 17
4 62 6
4 65 18
4 67 14
4 68 7
4 70 7
4 74 15
4 79 12
4 80 9
4 85 20
4 86 6
4 88 12
4 92 16
4 93 17
4 97 10
5 0 16
5 4 14
5 6 20
5 7 16
5 8 12
5 10 16
5 12 14
5 16 16
5 17 2
5 18 1
5 20 10
5 21 1
5 22 9
5 23 5
5 26 3
5 27 13
5 28 20
5 30 9
5 33 18
5 36 19
5 37 20
5 38 20
5 40 7
5 45 19
5 46 16
5 47 7
5 48 14
5 49 6
5 50 13
5 51 16
5 52 18
5 54 9
5 55 13
5 57 14
5 58 20
5 62 6
5 64 16
5 66 1
5 67 15
5 70 11
5 71 11
5 72 2
5 73 7
5 75 11
5 77 7
5 78 17
5 80 17
5 81 8
5 82 17
5 83 13
5 84 16
5 85 1
5 86 19
5 92 4
5 94 15
5 95 3
5 96 15
6 1 6
6 10 11
6 11 14
6 12 19
6 13 15
6 14 5
6 16 20
6 18 4
6 23 5
6 30 6
6 32 4
6 33 15
6 34 20
6 35 3
6 37 9
6 38 6
6 40 11
6 42 18
6 43 2
6 44 19
6 45 10
6 47 8
6 49 1
6 51 6
6 52 9
6 53 6
6 54 3
6 55 1
6 57 4
6 58 7
6 61 16
6 64 10
6 67 19
6 69 15
6 71 20
6 73 15
6 75 18
6 77 18
6 78 17
6 79 3
6 81 1
6 82 1
6 83 9
6 91 8
6 94 4
6 96 7
6 98 20
6 99 1
7 5 17
7 8 18
7 12 14
7 13 12
7 14 20
7 17 8
7 19 3
7 20 13
7 24 7
7 29 3
7 31 2
7 34 16
7 38 15
7 44 18
7 47 3
7 52 17
7 55 11
7 57 16
7 74 1
7 78 5
7 79 15
7 81 6
7 84 1
7 85 2
7 86 20
7 89 1
7 91 16
7 92 15
7 93 18
7 94 15
7 96 8
7 98 7
8 3 3
8 5 2
8 12 2
8 13 7
8 15 8
8 19 6
8 20 4
8 21 3
8 22 13
8 23 10
8 24 2
8 25 18
8 26 2
8 30 14
8 32 9
8 35 3
8 38 3
8 39 8
8 41 18
8 44 17
8 47 10
8 50 20
8 51 7
8 59 9
8 62 18
8 66 16
8 67 20
8 70 7
8 73 17
8 74 4
8 78 4
8 79 20
8 80 19
8 82 16
8 83 16
8 84 11
8 85 17
8 86 14
8 89 16
8 91 12
8 94 12
8 95 7
8 96 19
8 99 18
9 0 2
9 6 19
9 7 10
9 8 1
9 10 5
9 11 9
9 14 17
9 15 12
9 16 20
9 18 2
9 23 6
9 24 2
9 26 6
9 27 6
9 28 14
9 29 10
9 30 14
9 31 6
9 35 15
9 41 1
9 43 8
9 44 5
9 45 18
9 46 10
9 47 15
9 48 12
9 50 1
9 52 17
9 53 16
9 54 8
9 56 7
9 59 5
9 60 12
9 63 6
9 66 12
9 68 6
9 69 20
9 72 6
9 73 11
9 74 18
9 76 13
9 80 17
9 81 3
9 82 14
9 83 4
9 85 5
9 87 10
9 88 10
9 89 16
9 90 14
9 91 7
9 93 2
9 94 7
9 96 17
9 97 20
9 99 16
10 0 7
10 1 17
10 2 19
10 6 12
10 7 17
10 8 11
10 9 7
10 12 14
10 13 5
10 16 18
10 17 19
10 21 12
10 22 9
10 23 12
10 24 9
10 25 6
10 27 9
10 30 4
10 32 17
10 35 1
10 37 2
10 38 7
10 39 13
10 41 15
10 42 5
10 44 3
10 46 1
10 50 6
10 51 11
10 52 14
10 53 13
10 54 16
10 55 3
10 57 2
10 58 1
10 59 16
10 60 12
10 63 20
10 66 11
10 67 12
10 68 14
10 70 12
10 71 18
10 73 1
10 77 20
10 78 6
10 81 8
10 82 6
10 83 6
10 86 8
10 87 17
10 88 14
10 91 11
10 92 2
10 94 5
10 97 12
10 98 16
11 1 11
11 3 4
11 7 10
11 10 10
11 12 6
11 14 9
11 15 15
11 16 15
11 17 5
11 19 16
11 20 13
11 21 4
11 24 13
11 25 18
11 26 14
11 27 4
11 28 12
11 29 8
11 30 13
11 31 16
11 32 4
11 36 5
11 37 6
11 40 10
11 41 8
11 44 12
11 45 1
11 47 16
11 52 13
11 53 13
11 55 10
11 57 5
11 58 5
11 60 12
11 61 5
11 62 10
11 63 2
11 65 10
11 70 20
11 72 14
11 75 10
11 76 13
11 79 18
11 82 6
11 84 4
11 85 18
11 86 13
11 89 1
11 91 10
11 93 4
11 96 13
12 3 14
12 4 3
12 6 2
12 7 20
12 11 18
12 14 20
12 15 14
12 16 2
12 18 10
12 20 11
12 21 6
12 22 2
12 25 3
12 28 20
12 30 16
12 31 13
12 32 7
12 33 12
12 34 15
12 35 10
12 37 4
12 38 1
12 42 12
12 43 13
12 45 18
12 46 13
12 53 18
12 54 11
12 55 10
12 61 1
12 62 7
12 64 16
12 65 11
12 66 1
12 67 4
12 68 4
12 71 9
12 74 9
12 75 1
12 76 20
12 78 20
12 80 10
12 82 15
12 83 20
12 84 10
12 85 14
12 87 20
12 88 2
12 91 14
12 92 3
12 95 5
12 96 2
12 97 6
12 99 20
13 2 12
13 3 8
13 4 14
13 6 17
13 8 13
13 9 11
13 11 9
13 12 1
13 14 17
13 16 7
13 18 8
13 19 9
13 20 11
13 22 1
13 23 18
13 27 2
13 28 11
13 29 2
13 30 12
13 36 20
13 39 3
13 40 16
13 41 11
13 42 10
13 43 1
13 44 1
13 46 4
13 47 12
13 50 14
13 52 3
13 54 6
13 55 5
13 60 12
13 62 1
13 63 16
13 67 17
13 69 14
13 73 3
13 80 19
13 83 11
13 85 4
13 87 10
13 88 3
13 90 17
13 93 1
13 96 6
14 0 14
14 1 18
14 3 15
14 4 9
14 5 9
14 10 6
14 11 15
14 16 15
14 17 18
14 18 12
14 22 12
14 23 6
14 25 16
14 26 17
14 27 7
14 29 18
14 32 5
14 33 10
14 34 11
14 35 2
14 36 12
14 37 6
14 38 1
14 41 10
14 43 2
14 44 5
14 45 1
14 47 15
14 48 19
14 49 6
14 50 16
14 51 7
14 54 1
14 55 13
14 58 6
14 62 5
14 63 10
14 64 19
14 67 1
14 71 1
14 72 14
14 74 12
14 75 2
14 76 16
14 80 11
14 81 2
14 84 18
14 87 12
14 89 12
14 91 5
14 92 13
14 94 19
14 99 12
15 2 1
15 3 10
15 5 19
15 8 18
15 9 17
15 11 3
15 13 15
15 16 12
15 18 15
15 19 18
15 21 15
15 23 18
15 24 10
15 25 12
15 26 2
15 27 15
15 30 8
15 31 3
15 33 9
15 34 9
15 36 15
15 39 6
15 40 2
15 43 18
15 44 5
15 46 18
15 47 8
15 48 14
15 51 10
15 53 18
15 54 16
15 55 1
15 58 11
15 59 3
15 60 12
15 61 13
15 62 7
15 65 13
15 68 14
15 69 13
15 74 4
15 75 19
15 77 9
15 78 15
15 80 3
15 84 1
15 86 5
15 88 11
15 92 2
15 94 12
15 95 3
15 98 19
16 0 18
16 2 19
16 4 20
16 5 9
16 8 18
16 10 9
16 17 6
16 18 10
16 25 17
16 26 2
16 27 19
16 30 18
16 32 18
16 33 6
16 34 20
16 40 7
16 43 13
16 44 18
16 47 19
16 49 4
16 50 19
16 51 16
16 56 2
16 57 17
16 58 2
16 62 3
16 65 7
16 66 13
16 67 16
16 69 18
16 70 15
16 71 20
16 72 2
16 73 19
16 75 16
16 76 10
16 77 5
16 83 16
16 84 9
16 85 3
16 86 14
16 87 13
16 88 16
16 92 15
16 93 17
16 94 13
16 95 4
16 97 12
16 98 8
16 99 11
17 0 14
17 3 3
17 4 13
17 5 20
17 6 6
17 7 3
17 8 19
17 9 16
17 14 18
17 16 4
17 18 5
17 20 2
17 23 7
17 24 12
17 27 5
17 28 20
17 30 14
17 31 3
17 32 16
17 33 5
17 35 15
17 37 12
17 38 14
17 39 2
17 41 13
17 42 13
17 44 9
17 46 6
17 48 7
17 49 6
17 53 18
17 54 7
17 55 16
17 56 20
17 57 8
17 59 11
17 60 5
17 64 4
17 66 3
17 69 8
17 71 6
17 72 19
17 77 7
17 78 5
17 80 11
17 82 13
17 84 5
17 86 8
17 88 5
17 90 20
17 91 13
17 92 4
17 93 10
17 94 7
17 96 11
17 99 4
18 5 20
18 8 11
18 11 6
18 13 4
18 15 16
18 19 15
18 21 20
18 22 4
18 23 1
18 24 9
18 26 13
18 28 15
18 29 4
18 31 3
18 32 6
18 34 8
18 36 10
18 37 18
18 38 12
18 40 5
18 41 3
18 44 6
18 45 16
18 46 20
18 47 4
18 49 10
18 51 14
18 52 19
18 53 7
18 55 1
18 56 10
18 58 14
18 59 1
18 60 18
18 61 2
18 64 13
18 65 10
18 66 6
18 67 9
18 68 6
18 69 10
18 71 15
18 73 18
18 75 13
18 79 9
18 80 4
18 81 19
18 84 12
18 85 15
18 89 3
18 93 7
18 96 11
18 97 20
19 5 6
19 7 20
19 10 18
19 11 19
19 12 18
19 14 8
19 15 18
19 17 4
19 21 8
19 22 5
19 23 18
19 24 19
19 26 1
19 27 1
19 28 5
19 31 4
19 32 19
19 38 5
19 39 11
19 44 3
19 46 4
19 47 6
19 48 8
19 49 1
19 53 17
19 56 19
19 57 14
19 68 5
19 69 4
19 71 10
19 73 17
19 75 18
19 76 11
19 77 3
19 79 20
19 80 12
19 82 12
19 84 5
19 88 7
19 91 5
19 93 13
19 97 15
19 99 15
20 1 10
20 2 8
20 3 4
20 4 3
20 7 6
20 8 3
20 10 11
20 11 12
20 13 19
20 15 17
20 17 10
20 18 17
20 21 9
20 25 12
20 27 3
20 28 18
20 31 17
20 32 19
20 34 14
20 36 5
20 38 2
20 39 8
20 42 2
20 43 8
20 44 18
20 45 9
20 48 11
20 49 9
20 52 20
20 53 5
20 55 5
20 56 11
20 57 14
20 59 10
20 62 10
20 64 4
20 65 3
20 66 6
20 69 6
20 74 8
20 76 4
20 77 16
20 78 6
20 84 13
20 93 19
20 94 16
20 96 17
20 97 3
20 98 15
21 1 10
21 2 17
21 9 3
21 10 11
21 12 16
21 14 13
21 15 20
21 16 17
21 18 7
21 19 17
21 20 7
21 22 7
21 23 4
21 25 18
21 27 3
21 28 20
21 29 10
21 30 20
21 31 4
21 33 1
21 36 5
21 38 7
21 39 17
21 40 20
21 41 8
21 42 12
21 45 20
21 47 11
21 48 5
21 55 10
21 56 7
21 57 14
21 59 16
21 60 17
21 61 10
21 62 16
21 65 10
21 66 12
21 69 6
21 71 15
21 72 15
21 74 1
21 76 6
21 77 13
21 80 9
21 82 19
21 83 3
21 84 16
21 85 11
21 88 17
21 90 11
21 91 15
21 93 17
21 94 2
21 96 1
21 97 6
21 98 1
22 0 7
22 3 15
22 4 3
22 5 14
22 7 15
22 8 8
22 11 1
22 14 13
22 17 5
22 19 15
22 23 3
22 25 15
22 26 19
22 27 19
22 28 2
22 31 10
22 32 20
22 33 13
22 34 7
22 35 20
22 39 16
22 40 1
22 42 16
22 43 2
22 45 3
22 47 20
22 49 13
22 50 11
22 51 6
22 52 4
22 55 9
22 57 18
22 59 17
22 62 9
22 63 12
22 65 3
22 66 15
22 67 16
22 70 3
22 71 19
22 72 8
22 78 12
22 81 5
22 82 19
22 84 9
22 85 6
22 86 20
22 87 9
22 89 5
22 94 3
22 95 20
22 96 5
23 1 20
23 6 4
23 7 19
23 8 2
23 10 18
23 12 7
23 14 13
23 21 3
23 22 9
23 24 13
23 26 20
23 28 9
23 30 11
23 33 12
23 36 2
23 37 20
23 38 17
23 39 14
23 43 3
23 46 9
23 47 4
23 49 18
23 50 9
23 53 18
23 57 20
23 59 8
23 60 9
23 61 2
23 62 19
23 67 15
23 69 20
23 70 5
23 71 2
23 75 9
23 78 3
23 80 17
23 82 1
23 84 14
23 86 10
23 89 11
23 91 7
23 92 20
23 93 2
23 94 2
23 95 7
23 96 6
23 97 5
23 98 2
23 99 7
24 0 19
24 2 11
24 4 8
24 6 14
24 7 4
24 8 8
24 9 3
24 10 1
24 11 12
24 13 5
24 14 20
24 18 12
24 20 3
24 21 16
24 25 9
24 26 8
24 31 2
24 34 8
24 35 8
24 36 4
24 38 9
24 40 7
24 41 1
24 42 19
24 44 13
24 45 4
24 46 17
24 49 18
24 54 10
24 56 18
24 59 12
24 64 12
24 65 20
24 68 18
24 69 9
24 70 8
24 75 11
24 76 8
24 77 20
24 80 1
24 87 12
24 89 15
24 90 13
24 91 14
24 92 2
24 93 13
24 94 12
24 95 2
24 96 1
24 97 3
24 99 3
25 1 7
25 2 3
25 3 14
25 5 11
25 10 6
25 12 6
25 17 7
25 18 18
25 20 6
25 21 5
25 23 4
25 27 11
25 28 5
25 29 8
25 30 4
25 31 16
25 32 14
25 33 14
25 34 15
25 35 18
25 37 19
25 39 14
25 41 9
25 42 12
25 45 10
25 47 16
25 51 14
25 54 8
25 55 3
25 57 20
25 59 19
25 61 8
25 62 17
25 63 20
25 65 19
25 66 18
25 67 16
25 68 2
25 70 2
25 72 16
25 73 12
25 75 16
25 76 14
25 80 17
25 83 5
25 89 18
25 92 1
25 96 5
25 97 10
25 99 14
26 3 8
26 4 15
26 6 11
26 7 13
26 9 13
26 10 7
26 13 10
26 14 16
26 16 1
26 17 11
26 19 14
26 20 9
26 21 18
26 22 7
26 24 4
26 27 4
26 29 6
26 31 8
26 33 5
26 34 19
26 35 19
26 36 11
26 37 17
26 40 1
26 41 18
26 43 7
26 45 10
26 46 5
26 49 7
26 51 9
26 58 5
26 60 11
26 61 15
26 63 5
26 64 1
26 68 17
26 69 19
26 76 11
26 78 1
26 79 15
26 80 20
26 81 18
26 82 7
26 85 2
26 87 19
26 89 17
26 90 1
26 92 16
26 94 6
26 95 19
26 96 17
26 98 1
26 99 2
27 0 11
27 3 7
27 5 9
27 8 1
27 10 13
27 13 15
27 14 1
27 15 8
27 16 12
27 17 19
27 18 4
27 22 20
27 23 14
27 24 17
27 29 4
27 30 12
27 31 19
27 32 2
27 33 7
27 34 5
27 38 7
27 40 2
27 41 4
27 44 10
27 46 2
27 47 13
27 48 13
27 53 11
27 54 16
27 55 13
27 56 11
27 57 19
27 58 13
27 63 6
27 64 4
27 65 15
27 69 15
27 71 4
27 73 2
27 75 6
27 77 3
27 78 4
27 79 17
27 83 11
27 84 5
27 86 17
27 88 17
27 90 17
27 92 3
27 98 8
28 3 19
28 6 11
28 12 14
28 13 19
28 14 2
28 15 16
28 16 8
28 19 12
28 20 3
28 23 12
28 26 6
28 27 17
28 31 16
28 33 10
28 36 8
28 37 17
28 38 18
28 39 12
28 41 11
28 43 1
28 45 7
28 46 8
28 48 3
28 49 6
28 53 7
28 55 17
28 56 6
28 57 1
28 58 17
28 59 17
28 60 4
28 61 2
28 62 8
28 63 12
28 64 9
28 65 14
28 66 14
28 67 11
28 69 18
28 72 15
28 73 12
28 74 19
28 77 2
28 78 11
28 80 20
28 81 19
28 83 16
28 85 12
28 86 2
28 88 14
28 89 11
28 92 4
28 94 7
28 96 17
28 98 1
28 99 16
29 0 15
29 2 4
29 3 5
29 4 20
29 7 2
29 8 14
29 11 17
29 13 2
29 14 10
29 15 19
29 17 9
29 18 9
29 20 15
29 21 5
29 22 14
29 24 1
29 33 14
29 34 4
29 36 14
29 38 14
29 40 4
29 41 10
29 44 18
29 45 6
29 48 13
29 49 18
29 50 9
29 51 6
29 54 13
29 56 10
29 57 17
29 58 14
29 61 18
29 62 20
29 64 18
29 66 6
29 68 9
29 69 19
29 72 2
29 73 18
29 74 16
29 76 13
29 77 5
29 78 4
29 79 18
29 83 3
29 84 9
29 88 13
29 89 10
29 91 18
29 94 6
29 95 8
29 96 4
30 0 2
30 5 10
30 6 1
30 7 12
30 10 19
30 11 14
30 13 6
30 14 19
30 15 11
30 16 17
30 17 5
30 18 3
30 19 19
30 20 18
30 21 13
30 22 15
30 23 4
30 26 9
30 28 10
30 35 4
30 36 19
30 37 15
30 38 20
30 41 1
30 42 3
30 48 20
30 50 12
30 54 2
30 55 13
30 57 12
30 60 14
30 62 2
30 63 16
30 65 13
30 66 10
30 68 1
30 73 12
30 74 12
30 77 14
30 82 6
30 83 12
30 87 16
30 88 20
30 89 8
30 91 20
30 92 20
30 93 6
30 95 17
30 96 19
30 99 18
31 1 10
31 3 13
31 4 2
31 7 6
31 8 15
31 10 12
31 17 19
31 20 13
31 21 18
31 22 4
31 27 6
31 30 13
31 32 1
31 33 5
31 34 17
31 35 5
31 36 16
31 38 2
31 39 4
31 40 9
31 41 10
31 46 17
31 47 9
31 52 15
31 55 20
31 56 6
31 58 19
31 60 12
31 63 9
31 64 13
31 65 4
31 66 9
31 70 2
31 73 8
31 78 12
31 80 20
31 82 1
31 83 12
31 85 14
31 88 1
31 89 11
31 92 4
31 93 15
31 98 6
31 99 7
32 0 5
32 1 8
32 2 15
32 3 1
32 4 4
32 5 9
32 6 9
32 10 14
32 12 5
32 13 2
32 16 19
32 17 18
32 18 14
32 22 13
32 24 3
32 25 2
32 27 9
32 28 8
32 37 2
32 40 13
32 41 8
32 42 4
32 43 11
32 44 3
32 45 2
32 46 9
32 47 6
32 48 12
32 49 6
32 50 12
32 51 1
32 53 8
32 54 1
32 56 20
32 58 8
32 59 15
32 65 5
32 67 2
32 68 13
32 69 12
32 72 20
32 73 1
32 75 10
32 77 3
32 78 20
32 79 15
32 83 4
32 84 5
32 85 13
32 86 10
32 87 14
32 96 15
32 98 16
32 99 10
33 3 19
33 4 9
33 5 16
33 8 11
33 11 1
33 12 7
33 13 10
33 14 1
33 16 2
33 19 5
33 21 13
33 24 8
33 25 11
33 26 17
33 27 13
33 28 3
33 29 17
33 31 1
33 34 6
33 37 4
33 39 8
33 42 10
33 43 12
33 44 20
33 47 6
33 48 2
33 49 1
33 50 11
33 51 5
33 52 3
33 54 14
33 55 1
33 57 19
33 62 10
33 64 16
33 69 14
33 70 4
33 73 1
33 74 3
33 78 15
33 81 7
33 85 16
33 87 4
33 90 5
33 93 13
33 97 11
33 99 9
34 1 10
34 2 7
34 5 19
34 9 3
34 13 4
34 19 13
34 20 13
34 21 9
34 23 6
34 25 2
34 27 4
34 29 13
34 31 8
34 32 1
34 33 20
34 37 11
34 39 14
34 40 19
34 41 20
34 42 16
34 47 8
34 51 5
34 53 15
34 54 4
34 59 9
34 60 15
34 63 14
34 68 8
34 69 9
34 71 12
34 72 8
34 73 10
34 75 14
34 77 6
34 78 10
34 80 13
34 82 16
34 83 10
34 87 6
34 88 18
34 89 10
34 90 10
34 92 11
34 93 18
34 96 14
34 98 5
35 3 17
35 4 6
35 6 15
35 10 17
35 11 5
35 12 12
35 13 1
35 14 1
35 17 8
35 19 17
35 20 7
35 26 14
35 28 18
35 30 17
35 31 19
35 32 11
35 34 4
35 37 19
35 39 5
35 41 10
35 42 20
35 45 1
35 47 12
35 51 12
35 55 11
35 56 9
35 57 13
35 58 1
35 63 10
35 64 2
35 65 12
35 66 19
35 67 13
35 71 3
35 72 13
35 78 9
35 79 13
35 80 13
35 81 10
35 82 8
35 84 6
35 85 15
35 89 4
35 94 19
35 97 16
35 99 16
36 0 9
36 1 16
36 5 11
36 6 20
36 8 16
36 9 5
36 10 13
36 13 13
36 14 17
36 22 11
36 23 10
36 24 14
36 28 19
36 29 12
36 34 20
36 37 16
36 39 3
36 43 8
36 44 11
36 48 12
36 56 10
36 61 18
36 65 6
36 67 13
36 68 12
36 70 12
36 71 3
36 72 2
36 73 8
36 75 5
36 76 16
36 77 14
36 79 7
36 80 8
36 82 8
36 84 16
36 87 15
36 88 8
36 90 15
36 91 14
36 98 15
37 0 20
37 2 12
37 4 6
37 10 12
37 11 20
37 13 16
37 23 7
37 24 11
37 25 10
37 26 9
37 27 11
37 28 13
37 29 17
37 30 12
37 33 7
37 34 10
37 40 11
37 41 4
37 42 15
37 43 1
37 45 8
37 46 20
37 49 16
37 51 7
37 52 7
37 54 18
37 58 2
37 59 19
37 61 3
37 66 5
37 67 13
37 68 13
37 70 20
37 71 20
37 72 2
37 73 19
37 77 16
37 78 15
37 79 1
37 80 7
37 81 5
37 83 7
37 84 4
37 85 10
37 89 4
37 90 10
37 92 5
37 94 2
38 1 13
38 2 2
38 3 18
38 5 5
38 6 12
38 7 2
38 8 18
38 9 19
38 11 12
38 13 18
38 14 10
38 15 10
38 16 15
38 17 11
38 21 9
38 23 12
38 26 16
38 27 14
38 32 18
38 34 10
38 35 17
38 37 14
38 39 20
38 40 6
38 41 17
38 45 20
38 47 2
38 48 1
38 53 5
38 55 12
38 56 4
38 57 9
38 59 16
38 61 12
38 62 16
38 63 8
38 65 16
38 67 1
38 68 15
38 69 4
38 70 16
38 74 5
38 75 9
38 77 6
38 81 7
38 82 5
38 85 19
38 88 3
38 91 10
38 93 17
38 94 12
38 95 17
38 97 3
38 98 2
38 99 16
39 2 8
39 3 2
39 4 19
39 5 11
39 8 18
39 9 9
39 13 11
39 14 6
39 15 19
39 16 5
39 17 16
39 19 1
39 21 6
39 22 8
39 26 4
39 27 19
39 28 16
39 29 18
39 30 11
39 32 3
39 35 20
39 36 4
39 37 8
39 38 13
39 44 14
39 47 11
39 54 6
39 56 2
39 58 10
39 59 15
39 61 12
39 65 16
39 66 14
39 67 20
39 75 13
39 77 19
39 78 15
39 79 7
39 82 9
39 83 14
39 87 2
39 89 2
39 90 13
39 91 10
39 92 6
39 95 6
39 96 10
39 97 9
39 98 10
40 2 8
40 5 1
40 6 1
40 10 15
40 13 2
40 16 15
40 17 18
40 25 18
40 33 14
40 34 10
40 35 7
40 36 14
40 38 1
40 39 9
40 41 13
40 42 12
40 45 3
40 46 4
40 47 13
40 52 18
40 57 6
40 58 5
40 61 3
40 62 6
40 64 13
40 65 20
40 66 3
40 67 13
40 68 6
40 69 19
40 71 3
40 73 14
40 75 13
40 77 4
40 78 5
40 79 20
40 81 4
40 82 17
40 86 4
40 88 10
40 90 18
40 91 15
40 93 12
41 0 13
41 2 9
41 3 1
41 5 3
41 6 20
41 11 19
41 14 5
41 15 11
41 16 5
41 17 3
41 18 16
41 20 5
41 22 14
41 24 13
41 25 1
41 32 10
41 33 17
41 34 15
41 35 15
41 38 7
41 40 13
41 42 13
41 43 11
41 44 12
41 45 3
41 46 17
41 48 18
41 50 16
41 51 6
41 52 20
41 53 17
41 56 6
41 61 18
41 65 15
41 66 6
41 67 13
41 69 13
41 70 7
41 74 17
41 76 6
41 77 3
41 78 4
41 79 20
41 80 18
41 81 6
41 82 12
41 83 20
41 85 10
41 88 18
41 89 13
41 92 19
41 98 20
42 1 6
42 3 18
42 4 13
42 5 13
42 6 4
42 9 2
42 10 18
42 12 18
42 13 2
42 14 7
42 15 2
42 17 13
42 18 15
42 21 7
42 22 3
42 23 12
42 26 3
42 28 12
42 30 13
42 31 20
42 32 15
42 34 5
42 36 6
42 37 10
42 38 6
42 40 5
42 44 19
42 45 4
42 47 20
42 51 14
42 52 19
42 53 18
42 54 9
42 55 13
42 57 13
42 58 17
42 60 17
42 61 19
42 62 20
42 63 12
42 67 11
42 70 6
42 71 10
42 73 16
42 74 15
42 76 16
42 78 16
42 80 16
42 82 17
42 84 11
42 86 10
42 87 17
42 91 13
42 99 19
43 0 18
43 1 7
43 3 19
43 4 17
43 6 16
43 7 3
43 9 16
43 12 7
43 16 19
43 20 1
43 23 12
43 25 7
43 26 9
43 28 17
43 30 3
43 32 3
43 33 13
43 39 17
43 40 13
43 42 15
43 53 2
43 54 3
43 57 11
43 59 17
43 60 6
43 61 11
43 62 4
43 64 13
43 66 5
43 67 10
43 75 7
43 76 5
43 78 14
43 79 1
43 80 14
43 82 8
43 83 5
43 84 4
43 85 7
43 86 19
43 87 4
43 90 6
43 91 4
43 92 2
43 93 4
43 95 9
43 96 3
43 97 12
43 98 11
44 1 5
44 3 16
44 4 16
44 5 8
44 6 15
44 8 10
44 9 1
44 14 9
44 15 7
44 19 5
44 20 1
44 23 10
44 24 1
44 25 6
44 26 2
44 28 15
44 35 20
44 36 6
44 37 2
44 42 7
44 43 16
44 45 19
44 48 11
44 50 2
44 53 2
44 55 2
44 56 17
44 57 5
44 60 3
44 61 2
44 62 8
44 66 9
44 67 2
44 68 11
44 70 2
44 75 13
44 76 1
44 78 2
44 81 19
44 82 8
44 86 20
44 87 20
44 88 12
44 89 18
44 91 5
44 93 1
44 94 4
44 95 11
44 97 20
44 99 20
45 0 1
45 1 11
45 2 7
45 4 12
45 7 16
45 11 19
45 14 6
45 15 10
45 18 16
45 19 12
45 21 6
45 22 11
45 24 6
45 25 5
45 29 7
45 30 6
45 32 11
45 33 4
45 35 17
45 38 18
45 39 9
45 40 11
45 41 6
45 44 8
45 47 19
45 48 5
45 49 10
45 50 2
45 51 2
45 52 9
45 53 18
45 54 17
45 56 4
45 57 18
45 64 9
45 65 7
45 71 9
45 74 17
45 75 7
45 79 10
45 82 16
45 85 14
45 88 20
45 90 10
45 91 2
45 95 17
45 96 10
45 97 12
45 99 5
46 0 8
46 1 6
46 3 17
46 4 1
46 7 15
46 9 10
46 14 4
46 20 9
46 25 18
46 26 4
46 27 10
46 29 20
46 30 14
46 31 7
46 32 18
46 34 17
46 35 6
46 36 17
46 37 4
46 38 3
46 39 7
46 45 10
46 50 18
46 52 8
46 53 1
46 56 17
46 57 1
46 58 13
46 62 3
46 64 1
46 67 2
46 68 4
46 75 16
46 77 3
46 83 2
46 87 6
46 89 11
46 90 2
46 92 12
46 95 9
46 97 1
46 99 7
47 0 19
47 1 12
47 2 10
47 5 3
47 12 20
47 13 10
47 15 7
47 16 2
47 17 9
47 18 19
47 20 11
47 21 8
47 22 14
47 23 17
47 27 5
47 34 17
47 35 12
47 37 16
47 38 10
47 39 13
47 42 9
47 43 8
47 44 20
47 46 2
47 52 4
47 62 16
47 63 2
47 65 11
47 66 6
47 71 4
47 74 10
47 77 9
47 78 11
47 80 3
47 81 1
47 84 5
47 85 18
47 89 20
47 91 1
47 94 12
47 95 7
47 96 16
47 98 6
48 1 7
48 5 3
48 7 14
48 8 18
48 9 6
48 11 9
48 13 17
48 15 12
48 18 15
48 19 6
48 21 13
48 22 20
48 26 2
48 27 2
48 28 9
48 34 5
48 39 6
48 40 18
48 43 10
48 44 2
48 46 5
48 47 20
48 49 9
48 58 3
48 59 18
48 62 1
48 63 8
48 65 15
48 66 5
48 68 11
48 70 10
48 71 3
48 74 12
48 75 16
48 76 7
48 79 1
48 82 11
48 83 16
48 86 13
48 87 6
48 90 4
48 95 3
48 98 15
48 99 12
49 3 7
49 5 9
49 6 5
49 8 4
49 10 3
49 12 20
49 17 1
49 18 9
49 19 6
49 20 14
49 25 10
49 27 9
49 29 2
49 31 13
49 34 19
49 36 12
49 37 5
49 39 8
49 42 15
49 43 1
49 44 16
49 46 8
49 48 20
49 50 16
49 53 10
49 54 20
49 55 18
49 56 16
49 57 4
49 58 5
49 59 15
49 61 14
49 62 19
49 63 3
49 70 5
49 71 11
49 73 14
49 74 18
49 75 19
49 76 13
49 77 8
49 78 2
49 79 3
49 83 3
49 86 1
49 87 13
49 90 10
49 91 15
49 92 14
49 97 16
49 98 5
50 1 18
50 5 1
50 8 7
50 10 6
50 12 15
50 14 11
50 16 11
50 22 9
50 24 4
50 26 8
50 29 17
50 30 13
50 33 12
50 35 16
50 36 8
50 37 14
50 38 16
50 39 2
50 42 13
50 44 18
50 47 16
50 48 6
50 54 17
50 56 15
50 57 13
50 58 7
50 59 9
50 60 20
50 61 11
50 62 20
50 65 4
50 66 4
50 67 11
50 69 10
50 70 7
50 71 5
50 74 9
50 77 19
50 80 14
50 87 18
50 88 11
50 90 14
50 91 12
50 92 11
50 96 13
50 99 16
51 0 6
51 2 8
51 3 3
51 5 1
51 7 12
51 8 8
51 9 9
51 10 18
51 13 19
51 15 11
51 16 17
51 18 5
51 19 15
51 21 6
51 22 19
51 23 2
51 26 6
51 28 20
51 30 14
51 33 8
51 34 8
51 35 14
51 36 17
51 39 20
51 43 16
51 44 20
51 48 13
51 50 12
51 52 11
51 53 16
51 54 14
51 57 4
51 61 19
51 62 16
51 67 8
51 70 3
51 74 7
51 75 15
51 80 17
51 82 12
51 83 5
51 84 11
51 89 12
51 96 3
52 0 14
52 3 17
52 5 12
52 6 20
52 8 1
52 10 20
52 12 18
52 16 8
52 17 17
52 18 8
52 20 11
52 22 10
52 23 10
52 26 10
52 27 16
52 28 5
52 30 10
52 31 17
52 33 1
52 34 14
52 35 2
52 37 14
52 38 12
52 40 20
52 41 20
52 43 3
52 44 5
52 46 5
52 47 12
52 48 15
52 50 1
52 54 7
52 57 2
52 58 8
52 60 5
52 63 16
52 64 10
52 69 4
52 71 5
52 72 2
52 75 10
52 77 18
52 78 6
52 80 6
52 81 8
52 83 9
52 88 3
52 90 9
52 92 14
52 93 12
52 95 6
53 0 17
53 1 12
53 2 1
53 3 7
53 4 11
53 5 8
53 7 7
53 9 7
53 10 8
53 11 18
53 13 17
53 18 16
53 19 1
53 20 10
53 21 17
53 27 10
53 28 17
53 30 5
53 31 18
53 32 12
53 33 16
53 34 10
53 35 6
53 43 15
53 46 5
53 49 7
53 55 1
53 56 14
53 58 18
53 59 17
53 61 3
53 62 1
53 64 15
53 65 20
53 69 13
53 70 17
53 74 1
53 75 5
53 78 15
53 80 7
53 82 13
53 83 7
53 84 18
53 86 1
53 88 13
53 90 4
53 91 18
53 93 12
53 94 19
53 96 14
54 2 11
54 3 3
54 6 4
54 9 18
54 13 1
54 14 14
54 15 4
54 16 18
54 17 20
54 18 4
54 20 7
54 21 7
54 25 4
54 26 11
54 27 9
54 28 14
54 31 17
54 32 17
54 33 9
54 35 15
54 39 13
54 40 12
54 41 3
54 44 18
54 45 5
54 47 10
54 49 10
54 51 19
54 53 5
54 56 11
54 59 6
54 60 9
54 61 4
54 62 11
54 64 19
54 65 11
54 67 13
54 68 15
54 70 13
54 71 18
54 72 14
54 74 3
54 75 7
54 80 3
54 81 9
54 82 5
54 83 11
54 84 5
54 85 2
54 86 14
54 87 2
54 92 18
54 95 3
54 96 14
54 98 8
54 99 20
55 1 18
55 3 6
55 5 5
55 6 4
55 7 13
55 9 8
55 10 1
55 15 13
55 16 3
55 19 14
55 22 8
55 24 7
55 26 13
55 27 7
55 28 7
55 32 3
55 33 7
55 35 15
55 36 5
55 38 7
55 39 3
55 42 19
55 44 20
55 45 4
55 47 16
55 48 14
55 49 13
55 54 19
55 56 10
55 57 10
55 58 2
55 61 6
55 62 18
55 64 11
55 65 12
55 66 9
55 67 19
55 68 8
55 71 19
55 74 20
55 75 15
55 77 18
55 78 5
55 80 12
55 81 13
55 82 18
55 83 19
55 85 14
55 88 9
55 90 7
55 92 11
55 93 5
56 0 18
56 1 1
56 2 20
56 5 14
56 7 14
56 9 8
56 11 13
56 12 11
56 17 12
56 18 9
56 22 19
56 24 11
56 25 7
56 26 1
56 27 2
56 30 19
56 32 6
56 33 16
56 37 13
56 40 3
56 41 11
56 43 12
56 45 5
56 47 17
56 54 5
56 55 3
56 57 17
56 58 16
56 59 2
56 61 3
56 63 15
56 70 6
56 71 11
56 75 8
56 76 20
56 80 6
56 81 6
56 82 6
56 86 18
56 91 18
56 92 7
56 94 12
56 95 17
57 0 10
57 1 17
57 2 12
57 3 18
57 5 3
57 9 11
57 11 18
57 12 3
57 16 2
57 19 15
57 26 8
57 28 17
57 30 20
57 33 14
57 34 16
57 35 16
57 36 12
57 37 7
57 39 19
57 41 7
57 42 13
57 43 2
57 44 12
57 47 6
57 48 12
57 49 12
57 50 14
57 51 14
57 52 17
57 55 4
57 56 1
57 58 3
57 59 10
57 60 8
57 65 1
57 66 13
57 69 16
57 71 14
57 72 19
57 74 6
57 77 11
57 79 11
57 83 3
57 85 10
57 88 11
57 90 8
57 91 9
57 95 1
57 96 2
57 99 3
58 0 10
58 5 10
58 6 4
58 8 17
58 9 11
58 10 16
58 11 10
58 12 5
58 13 14
58 18 12
58 19 18
58 21 8
58 25 8
58 29 1
58 30 11
58 31 6
58 33 4
58 36 2
58 41 19
58 42 18
58 48 20
58 50 4
58 51 10
58 61 5
58 62 6
58 64 7
58 68 18
58 70 11
58 71 5
58 74 15
58 76 11
58 78 12
58 84 13
58 89 4
58 90 7
58 92 1
58 93 16
58 94 19
58 95 9
58 96 14
58 98 16
59 0 16
59 1 1
59 2 6
59 3 12
59 4 4
59 5 14
59 7 5
59 8 2
59 9 15
59 10 17
59 11 8
59 13 13
59 15 13
59 18 15
59 19 14
59 20 9
59 25 11
59 27 7
59 28 8
59 29 6
59 31 6
59 34 13
59 36 16
59 37 4
59 41 7
59 45 12
59 48 1
59 49 11
59 55 14
59 61 10
59 62 5
59 63 16
59 64 17
59 65 7
59 66 19
59 67 19
59 68 9
59 69 9
59 71 19
59 73 12
59 74 18
59 78 16
59 79 6
59 81 20
59 82 19
59 83 14
59 84 11
59 85 7
59 87 8
59 90 17
59 91 1
59 92 11
59 94 4
59 98 17
59 99 6
60 1 13
60 2 13
60 3 17
60 7 6
60 9 11
60 10 7
60 12 2
60 16 18
60 18 14
60 21 11
60 22 4
60 25 14
60 26 8
60 27 6
60 28 4
60 32 4
60 33 12
60 34 20
60 35 19
60 37 14
60 38 11
60 39 17
60 40 8
60 41 12
60 45 8
60 47 2
60 50 8
60 51 20
60 52 1
60 53 1
60 59 6
60 62 19
60 63 6
60 64 19
60 66 16
60 68 14
60 69 20
60 71 16
60 72 5
60 73 7
60 75 3
60 76 2
60 77 14
60 78 9
60 79 18
60 80 11
60 82 20
60 85 9
60 86 6
60 87 11
60 88 13
60 90 16
60 92 19
60 93 10
60 95 18
60 96 18
60 97 3
61 2 15
61 5 8
61 7 16
61 8 1
61 12 19
61 14 7
61 23 2
61 25 13
61 27 16
61 28 4
61 30 4
61 32 13
61 33 9
61 34 13
61 35 16
61 36 13
61 38 15
61 39 5
61 42 14
61 43 13
61 44 7
61 48 16
61 50 9
61 51 18
61 54 2
61 55 9
61 57 5
61 62 12
61 63 13
61 64 7
61 66 6
61 67 3
61 68 9
61 72 5
61 74 20
61 76 17
61 80 13
61 82 6
61 84 5
61 86 4
61 88 15
61 93 10
61 99 3
62 0 19
62 1 2
62 2 2
62 4 14
62 7 11
62 11 6
62 13 8
62 15 14
62 16 18
62 18 4
62 22 2
62 28 2
62 30 18
62 34 9
62 35 8
62 38 2
62 39 2
62 40 1
62 41 7
62 42 11
62 46 17
62 47 8
62 51 12
62 52 9
62 56 8
62 57 8
62 61 3
62 66 16
62 68 8
62 72 4
62 73 11
62 76 2
62 77 10
62 78 3
62 79 9
62 80 6
62 83 11
62 84 9
62 87 11
62 88 16
62 90 10
62 92 10
62 93 8
62 95 7
62 97 3
62 98 17
63 0 3
63 1 20
63 4 15
63 7 15
63 8 2
63 9 3
63 13 10
63 14 14
63 15 13
63 16 6
63 17 19
63 18 18
63 19 19
63 23 6
63 25 7
63 26 11
63 29 16
63 30 20
63 32 11
63 36 1
63 38 4
63 39 19
63 40 20
63 41 1
63 42 3
63 44 8
63 48 11
63 51 6
63 53 12
63 54 15
63 61 19
63 64 6
63 65 18
63 67 3
63 70 10
63 71 5
63 72 12
63 77 19
63 81 20
63 82 10
63 83 13
63 85 10
63 86 18
63 87 7
63 88 13
63 89 14
63 90 2
63 91 14
63 92 17
63 93 16
63 94 5
63 95 13
63 96 17
63 97 4
63 98 17
64 1 19
64 4 4
64 5 14
64 6 5
64 7 10
64 8 10
64 10 7
64 11 15
64 18 11
64 19 9
64 22 12
64 24 20
64 26 18
64 28 18
64 35 4
64 36 19
64 38 8
64 40 4
64 41 14
64 42 12
64 44 13
64 46 7
64 52 16
64 53 6
64 54 19
64 55 8
64 56 8
64 58 14
64 59 14
64 63 19
64 66 14
64 67 14
64 69 4
64 71 17
64 72 6
64 73 3
64 74 1
64 75 18
64 76 17
64 77 3
64 84 10
64 86 17
64 88 10
64 91 18
64 94 19
64 95 11
64 97 7
64 99 5
65 0 18
65 1 1
65 2 15
65 3 10
65 7 16
65 9 9
65 10 7
65 11 17
65 12 18
65 13 19
65 16 10
65 17 1
65 20 13
65 22 3
65 23 6
65 25 10
65 26 11
65 28 19
65 29 7
65 31 20
65 32 17
65 34 7
65 35 3
65 37 18
65 38 20
65 39 17
65 40 14
65 43 6
65 46 17
65 47 10
65 49 20
65 50 8
65 53 11
65 57 4
65 59 10
65 61 1
65 64 2
65 66 12
65 67 12
65 68 16
65 69 12
65 71 4
65 75 5
65 79 13
65 80 12
65 82 12
65 83 9
65 84 20
65 86 18
65 87 9
65 89 4
65 91 4
65 92 12
65 94 14
65 95 6
65 97 6
66 0 14
66 1 10
66 5 9
66 7 1
66 8 6
66 9 1
66 12 10
66 14 15
66 15 13
66 16 14
66 17 9
66 18 17
66 19 6
66 22 4
66 24 4
66 26 13
66 32 9
66 35 6
66 37 14
66 43 2
66 45 3
66 48 8
66 49 17
66 50 7
66 53 1
66 56 2
66 57 15
66 59 18
66 60 17
66 64 12
66 67 3
66 70 9
66 71 1
66 72 9
66 73 14
66 74 19
66 75 15
66 76 2
66 77 16
66 85 15
66 86 12
66 88 12
66 89 12
66 91 3
66 93 7
66 96 1
66 97 2
66 99 11
67 0 20
67 3 19
67 5 6
67 7 16
67 8 10
67 12 19
67 13 16
67 14 12
67 15 10
67 18 10
67 20 11
67 22 17
67 23 7
67 24 20
67 27 12
67 31 1
67 32 3
67 34 1
67 35 6
67 36 19
67 38 13
67 39 2
67 40 8
67 43 8
67 44 1
67 47 1
67 48 13
67 53 18
67 54 7
67 55 11
67 57 11
67 58 12
67 60 11
67 61 20
67 69 4
67 70 19
67 71 18
67 72 17
67 73 6
67 76 4
67 77 7
67 78 11
67 79 6
67 81 13
67 86 4
67 87 5
67 89 15
67 90 12
67 91 1
67 93 7
67 95 7
67 98 18
68 6 5
68 7 5
68 8 12
68 9 5
68 10 12
68 12 16
68 14 20
68 17 12
68 19 3
68 22 2
68 24 19
68 27 17
68 28 12
68 29 12
68 30 2
68 42 4
68 44 11
68 45 19
68 46 18
68 47 17
68 48 16
68 50 20
68 51 5
68 52 13
68 54 6
68 55 10
68 56 3
68 59 7
68 64 12
68 66 16
68 71 15
68 75 1
68 76 15
68 78 7
68 80 13
68 81 2
68 83 20
68 84 17
68 85 18
68 86 11
68 88 4
68 89 5
68 90 1
68 91 18
68 92 14
68 94 20
68 95 18
68 96 10
68 98 7
69 2 19
69 3 14
69 4 15
69 5 3
69 7 20
69 10 6
69 11 1
69 16 13
69 17 17
69 21 16
69 23 17
69 24 5
69 25 17
69 28 18
69 29 18
69 34 8
69 35 15
69 36 5
69 38 19
69 40 11
69 42 14
69 43 12
69 45 5
69 46 15
69 47 11
69 48 6
69 49 4
69 50 8
69 53 8
69 54 18
69 55 20
69 60 5
69 63 8
69 65 18
69 68 11
69 70 5
69 71 16
69 73 5
69 78 14
69 79 10
69 81 1
69 82 4
69 84 7
69 85 13
69 87 18
69 90 13
69 92 10
69 94 7
69 95 12
69 96 2
70 0 18
70 2 15
70 3 16
70 5 6
70 8 16
70 9 18
70 12 16
70 13 18
70 14 18
70 15 16
70 16 18
70 18 19
70 22 19
70 24 15
70 25 11
70 26 1
70 28 5
70 30 12
70 32 12
70 33 6
70 34 9
70 35 6
70 39 6
70 41 16
70 42 6
70 43 18
70 48 7
70 50 15
70 51 5
70 52 3
70 55 16
70 58 11
70 59 4
70 61 20
70 62 8
70 63 4
70 65 13
70 67 10
70 69 11
70 71 6
70 73 16
70 76 6
70 81 6
70 84 1
70 85 16
70 86 4
70 88 2
70 89 11
70 90 6
70 91 3
70 95 3
70 99 19
71 1 7
71 2 10
71 3 14
71 4 7
71 7 19
71 8 10
71 10 1
71 11 16
71 14 14
71 19 17
71 20 8
71 22 14
71 23 17
71 24 2
71 29 19
71 30 16
71 31 13
71 32 15
71 33 11
71 35 13
71 36 2
71 37 15
71 41 16
71 42 10
71 43 9
71 47 11
71 48 10
71 49 1
71 50 7
71 51 17
71 52 12
71 53 13
71 56 17
71 59 8
71 61 6
71 62 19
71 63 18
71 64 20
71 65 13
71 66 19
71 67 13
71 72 10
71 74 10
71 76 2
71 79 19
71 80 12
71 81 2
71 82 3
71 83 20
71 85 5
71 86 4
71 87 16
71 90 15
71 91 20
71 94 4
71 95 10
71 97 2
71 98 17
71 99 13
72 0 6
72 1 1
72 4 17
72 5 5
72 6 9
72 9 20
72 11 3
72 12 6
72 13 16
72 20 19
72 22 18
72 23 7
72 24 11
72 26 11
72 27 4
72 28 5
72 31 13
72 32 7
72 34 14
72 35 1
72 36 4
72 39 3
72 41 8
72 42 11
72 43 10
72 45 18
72 46 19
72 50 14
72 51 7
72 53 16
72 58 19
72 60 19
72 61 7
72 62 18
72 63 8
72 66 17
72 67 2
72 68 8
72 73 18
72 74 2
72 75 7
72 76 11
72 77 14
72 80 6
72 84 2
72 86 10
72 87 8
72 88 20
72 90 16
72 92 5
72 95 14
72 97 11
73 0 6
73 3 15
73 4 18
73 5 18
73 6 16
73 7 18
73 9 6
73 10 2
73 11 1
73 14 4
73 18 6
73 23 14
73 25 9
73 26 2
73 28 17
73 30 11
73 33 14
73 36 7
73 37 1
73 38 17
73 42 20
73 43 4
73 44 2
73 50 5
73 53 19
73 56 18
73 57 13
73 59 17
73 62 15
73 63 4
73 64 8
73 66 18
73 70 16
73 72 17
73 74 1
73 77 14
73 78 4
73 79 10
73 80 18
73 81 16
73 82 4
73 83 13
73 87 3
73 88 3
73 91 9
73 93 7
73 96 10
73 97 3
74 1 11
74 4 5
74 5 4
74 10 18
74 11 16
74 13 5
74 14 20
74 19 19
74 20 13
74 21 9
74 22 8
74 26 12
74 28 15
74 30 15
74 31 3
74 32 14
74 33 8
74 34 6
74 41 6
74 42 2
74 43 20
74 48 9
74 53 11
74 55 7
74 58 20
74 62 14
74 64 13
74 65 2
74 67 3
74 70 10
74 71 19
74 73 15
74 75 6
74 79 5
74 80 12
74 84 3
74 86 14
74 89 1
74 90 4
74 91 10
74 92 9
74 94 16
74 95 17
74 96 18
74 98 11
75 0 6
75 3 20
75 9 16
75 11 8
75 12 7
75 13 7
75 14 4
75 16 1
75 18 8
75 19 11
75 20 10
75 21 3
75 22 9
75 23 13
75 24 5
75 27 15
75 28 12
75 29 13
75 31 13
75 33 16
75 35 17
75 37 8
75 38 15
75 39 9
75 41 17
75 43 17
75 45 20
75 47 10
75 51 18
75 52 15
75 53 9
75 54 12
75 55 15
75 60 12
75 63 19
75 68 2
75 69 4
75 71 2
75 73 18
75 74 18
75 76 1
75 77 1
75 78 4
75 79 8
75 81 13
75 82 14
75 83 10
75 86 11
75 87 11
75 94 12
75 95 1
75 96 5
76 0 9
76 1 5
76 2 11
76 3 4
76 4 15
76 8 13
76 9 4
76 11 1
76 12 5
76 14 4
76 15 13
76 16 7
76 20 18
76 23 5
76 24 7
76 25 3
76 27 16
76 29 18
76 30 13
76 31 16
76 32 15
76 33 11
76 34 16
76 35 19
76 36 5
76 37 4
76 39 11
76 40 18
76 41 12
76 42 16
76 44 8
76 45 2
76 47 2
76 50 18
76 51 1
76 57 5
76 61 19
76 62 19
76 63 17
76 66 4
76 67 17
76 68 13
76 69 14
76 70 15
76 71 1
76 72 10
76 74 19
76 75 16
76 79 16
76 80 13
76 81 6
76 82 2
76 83 19
76 84 18
76 86 15
76 87 3
76 88 3
76 91 16
76 93 16
76 94 13
76 95 5
76 96 15
76 97 20
77 0 1
77 1 13
77 6 11
77 7 14
77 9 18
77 11 14
77 12 3
77 14 20
77 15 4
77 17 9
77 19 8
77 22 8
77 24 12
77 26 1
77 34 13
77 36 1
77 41 12
77 42 8
77 45 14
77 49 14
77 51 7
77 52 1
77 53 19
77 54 1
77 56 10
77 57 5
77 58 4
77 60 9
77 66 7
77 67 14
77 69 15
77 71 4
77 74 8
77 76 6
77 79 11
77 80 9
77 81 20
77 83 4
77 84 11
77 90 13
77 93 3
77 95 3
77 96 18
77 97 13
77 98 2
78 5 14
78 10 5
78 11 11
78 12 18
78 14 17
78 16 15
78 17 10
78 18 7
78 20 19
78 21 16
78 24 16
78 26 4
78 27 18
78 29 15
78 30 3
78 34 4
78 35 6
78 44 12
78 46 16
78 53 9
78 59 13
78 62 13
78 63 3
78 69 1
78 72 3
78 73 6
78 74 20
78 77 7
78 81 7
78 82 1
78 83 4
78 84 18
78 88 9
78 89 7
78 90 18
78 91 9
78 94 10
78 96 17
78 98 13
78 99 4
79 0 1
79 4 9
79 9 4
79 10 4
79 11 11
79 12 20
79 16 19
79 18 7
79 19 5
79 20 2
79 21 1
79 22 3
79 25 15
79 28 3
79 29 19
79 30 18
79 33 5
79 34 12
79 36 19
79 37 10
79 40 9
79 42 5
79 44 16
79 45 6
79 46 7
79 48 2
79 49 1
79 51 8
79 52 11
79 54 6
79 56 11
79 57 5
79 58 4
79 61 18
79 63 14
79 64 6
79 65 18
79 71 14
79 72 15
79 76 12
79 77 8
79 81 13
79 82 2
79 83 19
79 88 11
79 89 6
79 90 4
79 91 1
79 94 20
79 95 4
79 96 20
79 98 8
79 99 12
80 0 16
80 4 12
80 5 17
80 11 8
80 12 12
80 15 16
80 17 7
80 23 7
80 24 18
80 26 12
80 28 13
80 29 5
80 30 16
80 31 20
80 33 1
80 35 7
80 36 13
80 37 2
80 39 7
80 40 16
80 45 6
80 46 12
80 48 17
80 49 7
80 51 16
80 55 2
80 58 6
80 59 15
80 60 18
80 61 18
80 65 19
80 69 11
80 71 2
80 72 12
80 75 8
80 76 8
80 78 8
80 82 16
80 87 17
80 91 16
80 92 1
80 93 16
80 95 6
81 0 5
81 1 10
81 2 6
81 4 17
81 5 4
81 10 4
81 12 13
81 13 5
81 15 19
81 16 19
81 18 9
81 20 19
81 22 1
81 23 10
81 26 16
81 29 18
81 35 10
81 37 8
81 39 17
81 40 6
81 41 16
81 42 12
81 45 20
81 46 18
81 47 15
81 49 18
81 52 16
81 55 5
81 56 20
81 57 11
81 59 12
81 60 15
81 61 1
81 62 19
81 63 3
81 64 18
81 66 18
81 67 18
81 68 18
81 70 9
81 72 18
81 74 20
81 75 2
81 76 18
81 78 16
81 80 19
81 82 15
81 83 12
81 87 7
81 88 9
81 91 6
81 93 15
82 0 4
82 1 6
82 6 2
82 7 5
82 10 9
82 15 12
82 18 13
82 19 14
82 25 20
82 26 10
82 27 2
82 29 5
82 30 7
82 32 10
82 34 12
82 35 11
82 37 6
82 38 13
82 39 10
82 40 9
82 42 18
82 44 6
82 45 20
82 46 11
82 50 4
82 51 17
82 52 2
82 53 3
82 55 9
82 56 10
82 58 6
82 59 1
82 60 18
82 61 19
82 62 18
82 64 20
82 65 15
82 68 18
82 73 4
82 74 6
82 75 1
82 77 5
82 79 18
82 80 19
82 85 12
82 86 8
82 88 7
82 90 3
82 97 8
82 98 2
83 0 6
83 1 5
83 3 7
83 7 11
83 10 14
83 13 18
83 16 3
83 17 17
83 18 4
83 22 6
83 24 17
83 26 12
83 27 9
83 28 11
83 29 10
83 31 8
83 32 12
83 34 12
83 35 8
83 36 9
83 38 6
83 40 14
83 43 13
83 45 4
83 46 9
83 47 7
83 48 7
83 50 11
83 51 5
83 52 17
83 55 3
83 56 9
83 58 17
83 59 3
83 64 7
83 67 20
83 73 4
83 77 3
83 78 7
83 79 2
83 80 8
83 82 10
83 84 8
83 85 6
83 86 3
83 89 17
83 90 4
83 91 17
83 92 10
83 93 3
83 96 2
83 98 6
83 99 9
84 0 13
84 2 10
84 4 18
84 7 5
84 8 14
84 12 3
84 13 13
84 14 18
84 16 4
84 20 9
84 22 7
84 25 17
84 28 12
84 32 1
84 33 9
84 36 17
84 37 13
84 38 14
84 41 7
84 42 10
84 43 13
84 44 17
84 45 1
84 46 14
84 47 17
84 48 7
84 49 8
84 51 16
84 53 8
84 56 2
84 57 19
84 58 11
84 60 17
84 62 16
84 64 8
84 65 7
84 67 4
84 68 14
84 70 7
84 71 16
84 72 12
84 73 10
84 74 14
84 81 3
84 83 4
84 86 16
84 88 4
84 89 13
84 94 15
84 95 13
84 97 16
84 98 12
85 0 5
85 2 16
85 4 8
85 7 11
85 8 17
85 10 3
85 11 19
85 13 6
85 14 20
85 16 6
85 17 2
85 19 15
85 20 1
85 21 12
85 26 19
85 29 2
85 30 20
85 35 5
85 37 19
85 39 15
85 41 3
85 42 18
85 45 6
85 47 5
85 48 17
85 49 20
85 50 12
85 52 6
85 53 18
85 55 2
85 56 7
85 57 15
85 60 5
85 61 10
85 62 20
85 63 18
85 65 18
85 66 14
85 67 3
85 68 10
85 70 3
85 71 8
85 74 5
85 75 4
85 77 12
85 78 6
85 81 4
85 82 20
85 87 11
85 88 11
85 92 14
85 95 13
85 96 10
85 98 3
85 99 18
86 0 17
86 1 6
86 5 15
86 6 15
86 8 11
86 10 18
86 11 10
86 12 17
86 13 8
86 14 16
86 15 20
86 16 7
86 19 3
86 23 7
86 25 2
86 30 12
86 33 7
86 35 4
86 36 4
86 37 5
86 38 19
86 40 11
86 41 1
86 42 16
86 44 6
86 45 2
86 46 3
86 48 9
86 49 6
86 51 17
86 52 20
86 56 18
86 57 10
86 58 15
86 59 10
86 60 20
86 63 11
86 64 12
86 65 17
86 66 15
86 68 9
86 69 2
86 71 9
86 74 11
86 75 5
86 76 9
86 77 12
86 78 11
86 79 7
86 80 13
86 81 11
86 82 1
86 85 4
86 87 16
86 92 3
86 93 13
87 0 17
87 1 9
87 2 19
87 5 7
87 6 7
87 7 14
87 8 18
87 11 14
87 13 2
87 17 9
87 18 6
87 21 8
87 22 6
87 23 7
87 24 8
87 29 18
87 30 13
87 35 17
87 37 10
87 40 16
87 47 18
87 48 17
87 50 10
87 51 4
87 52 18
87 53 2
87 54 19
87 56 1
87 58 13
87 60 14
87 61 10
87 62 11
87 64 19
87 66 14
87 71 7
87 74 3
87 75 2
87 77 1
87 79 13
87 82 19
87 84 4
87 86 17
87 88 12
87 90 16
87 92 2
87 95 5
88 0 1
88 1 8
88 3 17
88 4 12
88 5 10
88 7 19
88 11 4
88 13 14
88 15 19
88 16 13
88 17 4
88 19 15
88 23 1
88 25 2
88 27 12
88 29 6
88 31 9
88 32 5
88 36 10
88 37 14
88 39 4
88 40 10
88 42 6
88 43 4
88 45 5
88 46 20
88 48 3
88 51 10
88 53 16
88 55 9
88 56 19
88 57 12
88 60 7
88 63 19
88 65 10
88 66 12
88 67 11
88 68 4
88 70 15
88 72 9
88 73 13
88 74 17
88 75 14
88 77 6
88 78 18
88 79 19
88 82 15
88 83 19
88 84 6
88 86 15
88 87 16
88 91 9
88 94 10
88 96 9
88 98 5
88 99 9
89 2 1
89 4 5
89 5 5
89 6 10
89 7 20
89 8 10
89 12 10
89 13 16
89 15 2
89 16 17
89 18 14
89 20 9
89 21 11
89 22 10
89 23 16
89 24 16
89 28 6
89 29 8
89 30 5
89 33 2
89 34 15
89 37 2
89 39 19
89 41 12
89 43 11
89 45 12
89 46 10
89 48 19
89 50 19
89 51 5
89 54 9
89 55 11
89 57 5
89 59 19
89 63 18
89 64 16
89 65 9
89 66 10
89 67 9
89 70 2
89 73 12
89 74 2
89 80 4
89 86 9
89 87 1
89 90 9
89 93 11
89 97 9
89 99 17
90 0 15
90 1 5
90 3 8
90 5 15
90 7 2
90 9 3
90 10 19
90 12 9
90 13 5
90 14 12
90 15 18
90 25 7
90 26 12
90 27 4
90 31 9
90 32 4
90 34 4
90 37 2
90 38 3
90 39 7
90 40 14
90 45 7
90 46 6
90 48 10
90 49 15
90 50 15
90 51 8
90 53 19
90 56 6
90 57 9
90 59 4
90 60 16
90 62 18
90 65 13
90 67 9
90 69 10
90 70 12
90 71 11
90 72 10
90 76 18
90 78 10
90 79 11
90 82 3
90 86 16
90 87 12
90 88 5
90 89 15
90 96 5
90 98 1
90 99 5
91 0 3
91 1 14
91 4 19
91 5 20
91 12 20
91 13 11
91 14 17
91 15 7
91 16 10
91 19 10
91 20 7
91 22 9
91 23 19
91 24 15
91 25 19
91 27 9
91 32 2
91 33 1
91 34 12
91 36 13
91 37 10
91 38 18
91 39 1
91 40 5
91 41 19
91 42 3
91 43 18
91 44 2
91 48 11
91 49 11
91 50 7
91 53 14
91 54 4
91 55 10
91 57 8
91 59 11
91 61 10
91 64 14
91 65 1
91 66 6
91 68 4
91 69 9
91 70 1
91 73 13
91 74 14
91 76 3
91 77 11
91 78 14
91 79 17
91 81 2
91 83 11
91 85 16
91 87 9
91 92 8
91 96 18
91 97 7
91 98 9
91 99 16
92 2 7
92 3 1
92 5 14
92 6 10
92 7 2
92 9 1
92 10 3
92 11 9
92 12 16
92 13 19
92 14 2
92 16 12
92 17 18
92 18 6
92 19 1
92 20 8
92 21 12
92 22 12
92 23 16
92 24 3
92 25 14
92 26 8
92 28 4
92 29 1
92 31 16
92 32 5
92 33 17
92 36 11
92 38 12
92 39 1
92 41 4
92 42 1
92 47 18
92 53 7
92 57 16
92 58 7
92 61 4
92 63 5
92 64 16
92 65 16
92 68 6
92 69 18
92 70 5
92 71 14
92 72 16
92 73 9
92 76 17
92 77 19
92 78 6
92 89 1
92 90 19
92 91 17
92 93 16
92 94 7
92 98 9
93 2 13
93 4 10
93 6 18
93 7 4
93 8 3
93 9 12
93 10 2
93 13 16
93 14 6
93 16 19
93 23 15
93 24 5
93 26 9
93 29 4
93 31 6
93 33 19
93 34 20
93 37 10
93 42 12
93 43 1
93 44 11
93 47 9
93 50 3
93 53 1
93 54 14
93 55 4
93 56 16
93 57 17
93 59 12
93 62 5
93 63 14
93 64 4
93 66 3
93 68 7
93 70 8
93 71 6
93 72 1
93 78 16
93 79 13
93 80 20
93 83 17
93 84 12
93 86 6
93 89 14
93 91 3
93 97 15
93 98 9
93 99 13
94 1 10
94 2 17
94 3 15
94 5 19
94 6 13
94 7 17
94 10 1
94 14 7
94 15 6
94 16 16
94 18 12
94 19 13
94 20 1
94 22 12
94 24 5
94 26 8
94 29 15
94 30 9
94 31 7
94 35 15
94 37 1
94 39 15
94 40 16
94 42 16
94 43 16
94 44 16
94 45 6
94 46 20
94 47 3
94 49 9
94 50 9
94 52 6
94 54 1
94 69 17
94 70 15
94 71 11
94 74 20
94 78 17
94 79 12
94 80 8
94 82 5
94 84 7
94 85 18
94 86 2
94 88 10
94 89 11
94 93 14
94 95 6
94 97 1
95 1 6
95 4 7
95 6 7
95 7 9
95 8 2
95 9 10
95 10 2
95 12 20
95 14 19
95 16 14
95 17 3
95 18 13
95 19 6
95 20 3
95 21 11
95 23 10
95 24 7
95 25 2
95 26 17
95 27 5
95 33 14
95 34 10
95 35 4
95 37 4
95 39 1
95 42 10
95 43 2
95 44 4
95 45 12
95 46 9
95 47 3
95 48 13
95 51 16
95 53 18
95 54 20
95 55 8
95 56 12
95 57 1
95 58 15
95 61 4
95 62 1
95 64 13
95 66 7
95 67 4
95 68 6
95 72 6
95 73 14
95 76 15
95 79 3
95 80 11
95 81 14
95 82 3
95 96 3
96 0 15
96 4 12
96 9 4
96 11 10
96 12 20
96 14 14
96 15 18
96 17 17
96 18 15
96 20 5
96 24 9
96 25 11
96 26 18
96 27 3
96 28 18
96 32 14
96 34 12
96 35 7
96 36 3
96 37 7
96 38 8
96 39 5
96 42 6
96 45 18
96 46 12
96 47 19
96 48 3
96 49 13
96 53 10
96 60 19
96 61 4
96 62 14
96 66 18
96 67 1
96 70 5
96 73 4
96 74 11
96 78 6
96 85 10
96 86 9
96 89 2
96 91 6
96 95 10
96 98 17
96 99 14
97 2 15
97 3 6
97 5 15
97 9 3
97 10 7
97 14 16
97 15 19
97 17 16
97 19 6
97 21 3
97 22 10
97 23 10
97 24 5
97 25 14
97 30 15
97 31 19
97 33 1
97 37 13
97 44 16
97 45 2
97 51 2
97 53 20
97 57 5
97 58 2
97 59 16
97 60 8
97 61 16
97 62 15
97 66 11
97 67 17
97 69 12
97 70 7
97 71 20
97 72 8
97 74 17
97 75 3
97 76 17
97 79 3
97 81 12
97 82 7
97 83 4
97 84 12
97 86 3
97 88 11
97 89 15
97 90 8
97 92 15
97 95 8
97 98 12
98 0 7
98 1 18
98 3 19
98 5 1
98 9 7
98 10 20
98 11 7
98 12 19
98 15 8
98 17 8
98 21 16
98 22 19
98 23 16
98 25 10
98 27 14
98 29 15
98 30 9
98 32 12
98 34 12
98 35 2
98 36 11
98 38 16
98 39 9
98 43 9
98 44 14
98 46 18
98 48 16
98 49 6
98 50 16
98 51 20
98 53 3
98 59 14
98 60 17
98 63 6
98 64 18
98 68 18
98 73 3
98 74 20
98 75 11
98 77 13
98 79 20
98 80 3
98 82 7
98 83 10
98 85 5
98 86 13
98 88 17
98 89 19
98 90 18
98 91 18
98 93 18
98 95 9
98 96 10
99 0 8
99 1 8
99 3 2
99 7 10
99 8 12
99 9 11
99 13 12
99 15 6
99 16 10
99 17 19
99 18 11
99 21 18
99 23 16
99 25 19
99 27 18
99 28 19
99 30 14
99 32 2
99 33 12
99 34 7
99 35 13
99 36 17
99 37 9
99 38 13
99 40 4
99 45 10
99 47 8
99 49 6
99 50 7
99 51 14
99 53 3
99 54 7
99 56 2
99 57 17
99 58 14
99 59 10
99 60 11
99 61 20
99 63 15
99 66 20
99 73 6
99 74 18
99 75 4
99 76 16
99 79 4
99 81 15
99 85 4
99 86 8
99 87 17
99 88 19
99 89 1
99 92 5
99 93 14
99 94 20
99 95 14
99 96 3
99 98 3
