313 50 37 0
0 3 14
0 5 5
0 16 4
0 17 10
0 19 19
0 20 14
0 37 6
0 40 11
0 41 9
0 43 6
0 46 18
0 48 9
0 49 12
1 8 20
1 10 8
1 15 3
1 18 1
1 21 18
1 23 1
1 26 2
1 27 2
1 29 20
1 31 5
1 32 14
1 35 1
1 37 4
1 39 20
1 45 13
1 49 18
2 3 2
2 5 10
2 7 7
2 9 5
2 10 9
2 13 8
2 30 12
2 34 12
2 38 6
3 4 12
3 11 14
3 13 5
3 17 9
3 23 17
3 25 8
3 30 20
3 38 5
3 42 5
4 6 20
4 9 17
4 11 3
4 15 11
4 16 15
4 17 1
4 21 5
4 23 12
4 24 9
4 35 18
4 37 4
4 38 20
4 41 7
4 43 17
4 48 9
5 6 8
5 10 17
5 16 14
5 23 5
5 26 8
5 28 7
5 31 3
5 34 5
5 36 14
5 40 19
5 42 12
5 45 2
5 46 5
5 47 8
6 9 9
6 12 20
6 14 12
6 21 10
6 22 18
6 24 11
6 27 3
6 29 18
6 38 11
6 42 17
7 10 5
7 17 20
7 19 2
7 21 20
7 23 6
7 24 17
7 27 11
7 32 19
7 34 19
7 38 14
7 39 16
7 43 6
7 45 11
7 48 11
8 10 7
8 11 2
8 16 10
8 17 2
8 18 1
8 32 4
8 33 3
8 38 17
8 44 15
8 46 1
8 49 12
9 14 11
9 19 14
9 21 19
9 25 2
9 27 8
9 28 9
9 32 20
9 33 18
9 34 7
9 35 10
9 38 6
9 41 15
9 46 18
10 11 2
10 14 16
10 31 11
10 33 4
10 36 11
10 39 6
10 44 12
10 47 17
10 48 14
11 21 17
11 22 17
11 25 19
11 29 14
11 32 1
11 36 13
12 22 7
12 23 1
12 27 10
12 36 6
12 43 2
13 17 16
13 21 11
13 22 20
13 25 7
13 30 7
13 35 20
13 36 6
13 48 6
13 49 9
14 16 1
14 28 13
14 30 14
14 41 19
14 44 11
14 48 13
15 19 18
15 23 10
15 24 10
15 26 3
15 27 20
15 28 10
15 29 10
15 31 19
15 35 12
15 36 15
15 37 5
16 17 1
16 24 9
16 28 11
16 32 2
16 35 2
16 49 10
17 25 16
17 26 13
17 27 14
17 36 19
17 44 14
17 47 5
17 48 15
18 20 6
18 23 15
18 34 2
18 35 11
18 40 8
18 44 2
18 47 14
19 20 8
19 22 16
19 24 10
19 27 15
19 31 6
19 34 16
19 37 15
19 46 14
20 21 6
20 23 13
20 27 20
20 33 7
20 37 1
20 39 4
20 42 7
20 45 15
20 49 11
21 24 11
21 30 5
21 31 20
21 36 6
21 41 3
21 42 18
21 43 20
21 44 18
21 45 15
21 49 9
22 38 11
22 41 17
22 44 12
22 45 5
23 27 16
23 29 8
23 31 12
23 32 15
23 39 8
23 44 4
23 45 15
23 46 11
24 25 15
24 26 13
24 28 20
24 34 5
24 35 18
24 36 19
24 37 6
24 41 16
24 44 11
24 49 10
25 28 4
25 29 10
25 37 19
25 38 8
26 29 20
26 33 14
26 37 20
26 40 8
26 44 3
26 48 5
27 30 13
27 32 11
27 42 14
27 44 2
27 46 15
27 48 14
28 29 16
28 31 7
28 34 2
28 37 18
28 46 20
29 37 12
29 44 13
30 36 1
30 44 16
30 48 16
30 49 1
31 35 10
31 37 20
31 41 19
31 46 20
31 49 19
32 41 8
32 44 15
32 46 1
33 38 10
33 40 14
33 41 7
33 45 1
34 39 11
34 40 6
34 46 17
35 37 11
35 38 6
35 41 9
35 49 17
36 41 13
36 44 16
36 45 3
36 46 20
36 47 11
37 40 5
37 41 1
37 43 10
37 46 20
37 49 4
38 42 14
38 43 14
38 45 16
38 49 2
39 48 19
39 49 4
40 42 17
40 46 2
40 48 2
40 49 10
41 42 8
41 43 20
41 48 2
41 49 3
42 47 2
42 49 19
43 47 19
45 47 18
