9900 100 56 0
0 1 10
0 2 14
0 3 5
0 4 9
0 5 1
0 6 4
0 7 19
0 8 15
0 9 3
0 10 15
0 11 3
0 12 19
0 13 7
0 14 17
0 15 7
0 16 3
0 17 18
0 18 16
0 19 5
0 20 12
0 21 8
0 22 8
0 23 17
0 24 14
0 25 10
0 26 10
0 27 3
0 28 3
0 29 2
0 30 13
0 31 4
0 32 10
0 33 14
0 34 7
0 35 17
0 36 13
0 37 19
0 38 8
0 39 9
0 40 20
0 41 5
0 42 5
0 43 3
0 44 20
0 45 14
0 46 4
0 47 7
0 48 20
0 49 16
0 50 15
0 51 7
0 52 7
0 53 5
0 54 11
0 55 5
0 56 20
0 57 20
0 58 14
0 59 8
0 60 15
0 61 20
0 62 8
0 63 15
0 64 13
0 65 9
0 66 2
0 67 12
0 68 9
0 69 11
0 70 7
0 71 7
0 72 4
0 73 2
0 74 10
0 75 17
0 76 17
0 77 17
0 78 3
0 79 20
0 80 17
0 81 2
0 82 5
0 83 15
0 84 2
0 85 2
0 86 19
0 87 5
0 88 3
0 89 8
0 90 17
0 91 16
0 92 19
0 93 7
0 94 14
0 95 12
0 96 13
0 97 20
0 98 4
0 99 12
1 0 20
1 2 6
1 3 17
1 4 19
1 5 7
1 6 10
1 7 14
1 8 17
1 9 12
1 10 7
1 11 4
1 12 8
1 13 9
1 14 20
1 15 17
1 16 6
1 17 10
1 18 18
1 19 6
1 20 15
1 21 9
1 22 11
1 23 6
1 24 9
1 25 7
1 26 14
1 27 10
1 28 17
1 29 18
1 30 20
1 31 1
1 32 11
1 33 10
1 34 18
1 35 7
1 36 11
1 37 12
1 38 13
1 39 17
1 40 18
1 41 19
1 42 18
1 43 7
1 44 2
1 45 4
1 46 18
1 47 2
1 48 12
1 49 15
1 50 12
1 51 5
1 52 18
1 53 8
1 54 15
1 55 18
1 56 4
1 57 16
1 58 10
1 59 15
1 60 12
1 61 13
1 62 13
1 63 20
1 64 6
1 65 10
1 66 4
1 67 19
1 68 3
1 69 16
1 70 17
1 71 16
1 72 14
1 73 4
1 74 12
1 75 7
1 76 12
1 77 20
1 78 4
1 79 7
1 80 10
1 81 1
1 82 16
1 83 12
1 84 10
1 85 8
1 86 8
1 87 14
1 88 18
1 89 2
1 90 18
1 91 11
1 92 2
1 93 5
1 94 16
1 95 13
1 96 9
1 97 19
1 98 8
1 99 15
2 0 11
2 1 11
2 3 20
2 4 2
2 5 20
2 6 11
2 7 6
2 8 13
2 9 6
2 10 18
2 11 5
2 12 6
2 13 20
2 14 20
2 15 11
2 16 11
2 17 7
2 18 4
2 19 19
2 20 1
2 21 13
2 22 4
2 23 18
2 24 3
2 25 20
2 26 9
2 27 3
2 28 6
2 29 4
2 30 7
2 31 2
2 32 6
2 33 17
2 34 14
2 35 8
2 36 9
2 37 13
2 38 1
2 39 2
2 40 13
2 41 4
2 42 17
2 43 17
2 44 2
2 45 10
2 46 1
2 47 7
2 48 7
2 49 10
2 50 1
2 51 12
2 52 11
2 53 1
2 54 6
2 55 8
2 56 14
2 57 7
2 58 14
2 59 11
2 60 20
2 61 14
2 62 9
2 63 13
2 64 10
2 65 16
2 66 4
2 67 15
2 68 20
2 69 20
2 70 15
2 71 8
2 72 16
2 73 18
2 74 19
2 75 6
2 76 12
2 77 2
2 78 18
2 79 17
2 80 16
2 81 1
2 82 5
2 83 2
2 84 15
2 85 4
2 86 8
2 87 18
2 88 13
2 89 10
2 90 13
2 91 9
2 92 5
2 93 20
2 94 9
2 95 3
2 96 4
2 97 4
2 98 4
2 99 17
3 0 18
3 1 15
3 2 14
3 4 19
3 5 14
3 6 3
3 7 9
3 8 2
3 9 14
3 10 2
3 11 14
3 12 13
3 13 4
3 14 15
3 15 20
3 16 7
3 17 3
3 18 5
3 19 4
3 20 15
3 21 3
3 22 12
3 23 11
3 24 17
3 25 9
3 26 18
3 27 13
3 28 8
3 29 13
3 30 9
3 31 9
3 32 19
3 33 9
3 34 5
3 35 18
3 36 12
3 37 17
3 38 5
3 39 20
3 40 13
3 41 3
3 42 4
3 43 17
3 44 20
3 45 19
3 46 2
3 47 16
3 48 15
3 49 16
3 50 9
3 51 9
3 52 14
3 53 14
3 54 8
3 55 8
3 56 5
3 57 11
3 58 3
3 59 1
3 60 6
3 61 5
3 62 18
3 63 11
3 64 9
3 65 9
3 66 15
3 67 13
3 68 20
3 69 5
3 70 5
3 71 14
3 72 19
3 73 7
3 74 2
3 75 15
3 76 16
3 77 3
3 78 10
3 79 18
3 80 15
3 81 17
3 82 17
3 83 13
3 84 13
3 85 2
3 86 10
3 87 8
3 88 5
3 89 18
3 90 7
3 91 10
3 92 13
3 93 20
3 94 10
3 95 18
3 96 17
3 97 4
3 98 18
3 99 7
4 0 19
4 1 13
4 2 4
4 3 1
4 5 11
4 6 2
4 7 19
4 8 11
4 9 13
4 10 18
4 11 11
4 12 19
4 13 18
4 14 12
4 15 6
4 16 18
4 17 14
4 18 9
4 19 17
4 20 5
4 21 9
4 22 20
4 23 19
4 24 19
4 25 10
4 26 8
4 27 10
4 28 11
4 29 1
4 30 6
4 31 18
4 32 12
4 33 3
4 34 3
4 35 17
4 36 5
4 37 16
4 38 20
4 39 13
4 40 15
4 41 15
4 42 20
4 43 3
4 44 17
4 45 8
4 46 15
4 47 12
4 48 12
4 49 3
4 50 5
4 51 9
4 52 20
4 53 2
4 54 16
4 55 20
4 56 10
4 57 11
4 58 10
4 59 5
4 60 12
4 61 16
4 62 17
4 63 19
4 64 18
4 65 19
4 66 5
4 67 1
4 68 7
4 69 16
4 70 4
4 71 12
4 72 15
4 73 3
4 74 6
4 75 13
4 76 6
4 77 20
4 78 2
4 79 17
4 80 8
4 81 14
4 82 1
4 83 20
4 84 10
4 85 9
4 86 9
4 87 13
4 88 2
4 89 18
4 90 1
4 91 19
4 92 10
4 93 17
4 94 15
4 95 20
4 96 1
4 97 18
4 98 19
4 99 1
5 0 15
5 1 9
5 2 17
5 3 17
5 4 5
5 6 17
5 7 16
5 8 4
5 9 6
5 10 14
5 11 1
5 12 10
5 13 16
5 14 6
5 15 3
5 16 11
5 17 9
5 18 5
5 19 10
5 20 10
5 21 20
5 22 9
5 23 20
5 24 18
5 25 4
5 26 12
5 27 13
5 28 11
5 29 13
5 30 17
5 31 9
5 32 18
5 33 18
5 34 8
5 35 19
5 36 15
5 37 14
5 38 6
5 39 12
5 40 18
5 41 7
5 42 10
5 43 15
5 44 20
5 45 5
5 46 11
5 47 15
5 48 18
5 49 10
5 50 15
5 51 19
5 52 10
5 53 9
5 54 7
5 55 14
5 56 12
5 57 15
5 58 12
5 59 4
5 60 7
5 61 1
5 62 6
5 63 14
5 64 6
5 65 15
5 66 16
5 67 1
5 68 16
5 69 12
5 70 12
5 71 1
5 72 19
5 73 14
5 74 9
5 75 11
5 76 4
5 77 13
5 78 5
5 79 5
5 80 2
5 81 16
5 82 20
5 83 4
5 84 16
5 85 19
5 86 13
5 87 13
5 88 4
5 89 19
5 90 3
5 91 19
5 92 10
5 93 10
5 94 6
5 95 19
5 96 9
5 97 15
5 98 13
5 99 6
6 0 16
6 1 6
6 2 7
6 3 6
6 4 4
6 5 13
6 7 12
6 8 17
6 9 19
6 10 17
6 11 17
6 12 16
6 13 2
6 14 3
6 15 8
6 16 1
6 17 5
6 18 2
6 19 6
6 20 8
6 21 1
6 22 1
6 23 8
6 24 16
6 25 5
6 26 12
6 27 4
6 28 3
6 29 14
6 30 6
6 31 19
6 32 13
6 33 9
6 34 13
6 35 11
6 36 11
6 37 20
6 38 14
6 39 8
6 40 5
6 41 17
6 42 8
6 43 12
6 44 11
6 45 8
6 46 12
6 47 17
6 48 20
6 49 8
6 50 4
6 51 15
6 52 17
6 53 4
6 54 2
6 55 7
6 56 17
6 57 14
6 58 18
6 59 19
6 60 17
6 61 8
6 62 10
6 63 15
6 64 15
6 65 20
6 66 20
6 67 5
6 68 1
6 69 4
6 70 15
6 71 12
6 72 2
6 73 3
6 74 1
6 75 11
6 76 1
6 77 15
6 78 8
6 79 13
6 80 20
6 81 6
6 82 16
6 83 20
6 84 11
6 85 11
6 86 6
6 87 15
6 88 13
6 89 18
6 90 17
6 91 8
6 92 18
6 93 1
6 94 20
6 95 5
6 96 15
6 97 12
6 98 16
6 99 19
7 0 13
7 1 11
7 2 7
7 3 11
7 4 6
7 5 17
7 6 9
7 8 16
7 9 2
7 10 2
7 11 16
7 12 15
7 13 3
7 14 13
7 15 7
7 16 6
7 17 18
7 18 14
7 19 18
7 20 10
7 21 1
7 22 1
7 23 4
7 24 19
7 25 9
7 26 1
7 27 13
7 28 18
7 29 9
7 30 1
7 31 19
7 32 4
7 33 1
7 34 19
7 35 17
7 36 9
7 37 9
7 38 16
7 39 20
7 40 4
7 41 12
7 42 11
7 43 15
7 44 9
7 45 19
7 46 10
7 47 2
7 48 6
7 49 7
7 50 3
7 51 12
7 52 3
7 53 7
7 54 6
7 55 11
7 56 2
7 57 12
7 58 1
7 59 5
7 60 19
7 61 3
7 62 6
7 63 9
7 64 12
7 65 7
7 66 19
7 67 1
7 68 15
7 69 16
7 70 13
7 71 19
7 72 19
7 73 19
7 74 20
7 75 15
7 76 17
7 77 6
7 78 16
7 79 5
7 80 3
7 81 8
7 82 3
7 83 17
7 84 14
7 85 9
7 86 5
7 87 9
7 88 20
7 89 14
7 90 13
7 91 18
7 92 13
7 93 11
7 94 8
7 95 20
7 96 12
7 97 15
7 98 8
7 99 9
8 0 4
8 1 20
8 2 19
8 3 3
8 4 5
8 5 8
8 6 15
8 7 6
8 9 14
8 10 8
8 11 14
8 12 17
8 13 14
8 14 11
8 15 18
8 16 8
8 17 16
8 18 12
8 19 15
8 20 12
8 21 7
8 22 12
8 23 2
8 24 7
8 25 20
8 26 17
8 27 3
8 28 11
8 29 1
8 30 15
8 31 6
8 32 11
8 33 14
8 34 6
8 35 1
8 36 4
8 37 15
8 38 12
8 39 6
8 40 5
8 41 2
8 42 10
8 43 10
8 44 2
8 45 8
8 46 8
8 47 18
8 48 2
8 49 6
8 50 20
8 51 6
8 52 18
8 53 5
8 54 20
8 55 4
8 56 12
8 57 10
8 58 4
8 59 3
8 60 5
8 61 16
8 62 6
8 63 12
8 64 16
8 65 14
8 66 15
8 67 15
8 68 10
8 69 15
8 70 8
8 71 19
8 72 18
8 73 20
8 74 6
8 75 10
8 76 17
8 77 10
8 78 16
8 79 6
8 80 13
8 81 15
8 82 11
8 83 4
8 84 12
8 85 19
8 86 17
8 87 15
8 88 5
8 89 7
8 90 11
8 91 5
8 92 11
8 93 9
8 94 16
8 95 10
8 96 5
8 97 15
8 98 19
8 99 8
9 0 2
9 1 11
9 2 6
9 3 12
9 4 2
9 5 15
9 6 19
9 7 15
9 8 18
9 10 18
9 11 4
9 12 5
9 13 1
9 14 7
9 15 7
9 16 6
9 17 14
9 18 3
9 19 13
9 20 5
9 21 10
9 22 16
9 23 16
9 24 15
9 25 3
9 26 9
9 27 9
9 28 4
9 29 7
9 30 5
9 31 9
9 32 8
9 33 9
9 34 19
9 35 14
9 36 8
9 37 11
9 38 10
9 39 2
9 40 14
9 41 5
9 42 12
9 43 1
9 44 12
9 45 8
9 46 4
9 47 1
9 48 3
9 49 11
9 50 18
9 51 5
9 52 8
9 53 20
9 54 14
9 55 13
9 56 8
9 57 19
9 58 13
9 59 6
9 60 8
9 61 8
9 62 18
9 63 13
9 64 18
9 65 4
9 66 10
9 67 9
9 68 10
9 69 18
9 70 5
9 71 2
9 72 10
9 73 5
9 74 18
9 75 10
9 76 2
9 77 15
9 78 19
9 79 11
9 80 9
9 81 15
9 82 19
9 83 10
9 84 6
9 85 19
9 86 3
9 87 17
9 88 6
9 89 15
9 90 2
9 91 17
9 92 12
9 93 8
9 94 2
9 95 16
9 96 11
9 97 7
9 98 20
9 99 6
10 0 3
10 1 11
10 2 18
10 3 5
10 4 6
10 5 10
10 6 20
10 7 3
10 8 11
10 9 10
10 11 6
10 12 2
10 13 3
10 14 3
10 15 19
10 16 2
10 17 7
10 18 15
10 19 4
10 20 19
10 21 12
10 22 17
10 23 6
10 24 15
10 25 12
10 26 7
10 27 15
10 28 3
10 29 15
10 30 2
10 31 11
10 32 2
10 33 5
10 34 7
10 35 9
10 36 16
10 37 11
10 38 6
10 39 1
10 40 10
10 41 6
10 42 5
10 43 11
10 44 10
10 45 5
10 46 19
10 47 6
10 48 2
10 49 18
10 50 9
10 51 11
10 52 4
10 53 7
10 54 17
10 55 7
10 56 13
10 57 8
10 58 12
10 59 5
10 60 9
10 61 1
10 62 14
10 63 2
10 64 7
10 65 3
10 66 16
10 67 14
10 68 3
10 69 19
10 70 10
10 71 15
10 72 1
10 73 17
10 74 20
10 75 8
10 76 1
10 77 10
10 78 12
10 79 15
10 80 17
10 81 4
10 82 13
10 83 6
10 84 15
10 85 18
10 86 12
10 87 14
10 88 16
10 89 5
10 90 19
10 91 2
10 92 4
10 93 9
10 94 17
10 95 3
10 96 1
10 97 6
10 98 6
10 99 1
11 0 19
11 1 12
11 2 6
11 3 5
11 4 20
11 5 12
11 6 12
11 7 2
11 8 3
11 9 14
11 10 18
11 12 9
11 13 18
11 14 19
11 15 6
11 16 13
11 17 9
11 18 4
11 19 9
11 20 14
11 21 4
11 22 13
11 23 11
11 24 3
11 25 5
11 26 9
11 27 18
11 28 13
11 29 4
11 30 14
11 31 13
11 32 11
11 33 6
11 34 16
11 35 1
11 36 17
11 37 11
11 38 15
11 39 1
11 40 14
11 41 18
11 42 15
11 43 16
11 44 4
11 45 15
11 46 18
11 47 16
11 48 4
11 49 4
11 50 16
11 51 5
11 52 4
11 53 16
11 54 8
11 55 2
11 56 19
11 57 11
11 58 10
11 59 10
11 60 18
11 61 15
11 62 6
11 63 3
11 64 15
11 65 13
11 66 11
11 67 17
11 68 11
11 69 11
11 70 3
11 71 9
11 72 17
11 73 14
11 74 12
11 75 2
11 76 20
11 77 12
11 78 12
11 79 3
11 80 15
11 81 8
11 82 8
11 83 5
11 84 5
11 85 2
11 86 10
11 87 16
11 88 7
11 89 14
11 90 2
11 91 20
11 92 19
11 93 11
11 94 1
11 95 19
11 96 13
11 97 5
11 98 9
11 99 2
12 0 16
12 1 20
12 2 12
12 3 19
12 4 18
12 5 19
12 6 8
12 7 9
12 8 3
12 9 19
12 10 7
12 11 6
12 13 7
12 14 17
12 15 1
12 16 11
12 17 9
12 18 16
12 19 6
12 20 20
12 21 1
12 22 11
12 23 17
12 24 16
12 25 12
12 26 4
12 27 5
12 28 5
12 29 14
12 30 2
12 31 18
12 32 19
12 33 17
12 34 9
12 35 3
12 36 11
12 37 19
12 38 10
12 39 14
12 40 20
12 41 15
12 42 7
12 43 11
12 44 5
12 45 11
12 46 3
12 47 12
12 48 12
12 49 14
12 50 18
12 51 3
12 52 19
12 53 10
12 54 20
12 55 2
12 56 12
12 57 13
12 58 10
12 59 8
12 60 5
12 61 11
12 62 20
12 63 20
12 64 19
12 65 14
12 66 15
12 67 3
12 68 8
12 69 17
12 70 2
12 71 14
12 72 2
12 73 10
12 74 6
12 75 16
12 76 6
12 77 18
12 78 12
12 79 5
12 80 3
12 81 18
12 82 4
12 83 7
12 84 16
12 85 18
12 86 3
12 87 6
12 88 5
12 89 3
12 90 13
12 91 17
12 92 19
12 93 6
12 94 7
12 95 8
12 96 9
12 97 1
12 98 19
12 99 3
13 0 19
13 1 15
13 2 8
13 3 18
13 4 3
13 5 12
13 6 20
13 7 19
13 8 8
13 9 12
13 10 8
13 11 18
13 12 1
13 14 3
13 15 18
13 16 6
13 17 11
13 18 14
13 19 14
13 20 9
13 21 14
13 22 1
13 23 10
13 24 17
13 25 8
13 26 17
13 27 10
13 28 18
13 29 13
13 30 13
13 31 2
13 32 8
13 33 6
13 34 17
13 35 6
13 36 4
13 37 7
13 38 8
13 39 16
13 40 8
13 41 19
13 42 12
13 43 8
13 44 8
13 45 6
13 46 19
13 47 10
13 48 7
13 49 16
13 50 11
13 51 12
13 52 15
13 53 13
13 54 3
13 55 14
13 56 9
13 57 17
13 58 13
13 59 6
13 60 3
13 61 14
13 62 8
13 63 4
13 64 13
13 65 14
13 66 13
13 67 19
13 68 14
13 69 11
13 70 15
13 71 8
13 72 6
13 73 4
13 74 8
13 75 4
13 76 14
13 77 7
13 78 17
13 79 16
13 80 10
13 81 18
13 82 10
13 83 16
13 84 6
13 85 6
13 86 5
13 87 6
13 88 20
13 89 15
13 90 17
13 91 11
13 92 13
13 93 17
13 94 10
13 95 4
13 96 8
13 97 4
13 98 12
13 99 12
14 0 5
14 1 3
14 2 14
14 3 15
14 4 8
14 5 20
14 6 15
14 7 5
14 8 2
14 9 20
14 10 18
14 11 16
14 12 4
14 13 17
14 15 18
14 16 14
14 17 13
14 18 7
14 19 9
14 20 9
14 21 20
14 22 18
14 23 13
14 24 11
14 25 15
14 26 19
14 27 15
14 28 20
14 29 2
14 30 14
14 31 16
14 32 16
14 33 14
14 34 1
14 35 15
14 36 11
14 37 20
14 38 13
14 39 12
14 40 7
14 41 5
14 42 15
14 43 3
14 44 7
14 45 17
14 46 18
14 47 16
14 48 7
14 49 3
14 50 1
14 51 7
14 52 13
14 53 10
14 54 3
14 55 5
14 56 16
14 57 7
14 58 15
14 59 19
14 60 5
14 61 11
14 62 2
14 63 7
14 64 20
14 65 18
14 66 13
14 67 7
14 68 13
14 69 15
14 70 11
14 71 16
14 72 14
14 73 14
14 74 20
14 75 12
14 76 13
14 77 14
14 78 8
14 79 3
14 80 15
14 81 16
14 82 8
14 83 10
14 84 13
14 85 16
14 86 18
14 87 1
14 88 20
14 89 9
14 90 9
14 91 14
14 92 16
14 93 10
14 94 2
14 95 11
14 96 6
14 97 3
14 98 6
14 99 6
15 0 2
15 1 2
15 2 10
15 3 7
15 4 4
15 5 16
15 6 13
15 7 8
15 8 2
15 9 19
15 10 9
15 11 11
15 12 5
15 13 5
15 14 9
15 16 20
15 17 4
15 18 9
15 19 15
15 20 10
15 21 9
15 22 5
15 23 6
15 24 9
15 25 15
15 26 13
15 27 1
15 28 17
15 29 16
15 30 15
15 31 5
15 32 2
15 33 2
15 34 2
15 35 11
15 36 11
15 37 4
15 38 13
15 39 2
15 40 14
15 41 16
15 42 2
15 43 3
15 44 20
15 45 13
15 46 9
15 47 4
15 48 9
15 49 15
15 50 6
15 51 4
15 52 10
15 53 15
15 54 6
15 55 18
15 56 3
15 57 1
15 58 4
15 59 12
15 60 5
15 61 12
15 62 18
15 63 5
15 64 20
15 65 2
15 66 19
15 67 5
15 68 20
15 69 4
15 70 10
15 71 19
15 72 11
15 73 16
15 74 14
15 75 9
15 76 8
15 77 5
15 78 3
15 79 16
15 80 13
15 81 8
15 82 18
15 83 10
15 84 5
15 85 19
15 86 20
15 87 17
15 88 14
15 89 19
15 90 17
15 91 19
15 92 15
15 93 14
15 94 12
15 95 4
15 96 17
15 97 2
15 98 16
15 99 8
16 0 4
16 1 1
16 2 16
16 3 12
16 4 16
16 5 14
16 6 14
16 7 7
16 8 15
16 9 18
16 10 2
16 11 15
16 12 19
16 13 9
16 14 13
16 15 7
16 17 19
16 18 9
16 19 15
16 20 4
16 21 2
16 22 15
16 23 16
16 24 20
16 25 1
16 26 2
16 27 11
16 28 19
16 29 13
16 30 14
16 31 5
16 32 15
16 33 5
16 34 1
16 35 12
16 36 20
16 37 8
16 38 17
16 39 13
16 40 13
16 41 10
16 42 14
16 43 17
16 44 8
16 45 9
16 46 19
16 47 9
16 48 5
16 49 12
16 50 11
16 51 14
16 52 17
16 53 3
16 54 12
16 55 3
16 56 16
16 57 20
16 58 3
16 59 2
16 60 13
16 61 16
16 62 5
16 63 7
16 64 14
16 65 4
16 66 8
16 67 14
16 68 9
16 69 20
16 70 15
16 71 19
16 72 4
16 73 12
16 74 8
16 75 4
16 76 11
16 77 4
16 78 16
16 79 11
16 80 15
16 81 18
16 82 16
16 83 14
16 84 12
16 85 16
16 86 2
16 87 10
16 88 8
16 89 9
16 90 12
16 91 17
16 92 15
16 93 12
16 94 7
16 95 3
16 96 8
16 97 4
16 98 1
16 99 2
17 0 8
17 1 20
17 2 4
17 3 17
17 4 11
17 5 3
17 6 15
17 7 20
17 8 11
17 9 10
17 10 10
17 11 8
17 12 12
17 13 2
17 14 8
17 15 18
17 16 9
17 18 9
17 19 20
17 20 12
17 21 13
17 22 4
17 23 4
17 24 2
17 25 10
17 26 17
17 27 6
17 28 4
17 29 1
17 30 11
17 31 1
17 32 4
17 33 12
17 34 16
17 35 10
17 36 6
17 37 19
17 38 19
17 39 10
17 40 19
17 41 15
17 42 18
17 43 16
17 44 8
17 45 14
17 46 12
17 47 16
17 48 13
17 49 6
17 50 3
17 51 17
17 52 4
17 53 3
17 54 1
17 55 20
17 56 5
17 57 1
17 58 8
17 59 1
17 60 12
17 61 7
17 62 2
17 63 4
17 64 5
17 65 20
17 66 19
17 67 1
17 68 14
17 69 3
17 70 6
17 71 3
17 72 15
17 73 6
17 74 8
17 75 15
17 76 16
17 77 6
17 78 12
17 79 4
17 80 2
17 81 7
17 82 11
17 83 20
17 84 11
17 85 14
17 86 4
17 87 12
17 88 15
17 89 8
17 90 14
17 91 19
17 92 5
17 93 9
17 94 3
17 95 17
17 96 16
17 97 13
17 98 16
17 99 16
18 0 12
18 1 14
18 2 1
18 3 1
18 4 6
18 5 6
18 6 16
18 7 13
18 8 1
18 9 8
18 10 14
18 11 1
18 12 4
18 13 2
18 14 16
18 15 5
18 16 6
18 17 4
18 19 8
18 20 8
18 21 15
18 22 12
18 23 4
18 24 15
18 25 18
18 26 17
18 27 20
18 28 20
18 29 1
18 30 8
18 31 15
18 32 11
18 33 7
18 34 15
18 35 20
18 36 18
18 37 4
18 38 8
18 39 18
18 40 20
18 41 4
18 42 2
18 43 3
18 44 14
18 45 16
18 46 7
18 47 3
18 48 19
18 49 8
18 50 19
18 51 9
18 52 2
18 53 9
18 54 14
18 55 9
18 56 5
18 57 11
18 58 11
18 59 2
18 60 20
18 61 9
18 62 2
18 63 18
18 64 2
18 65 17
18 66 8
18 67 7
18 68 20
18 69 6
18 70 13
18 71 3
18 72 2
18 73 19
18 74 14
18 75 9
18 76 17
18 77 12
18 78 2
18 79 1
18 80 3
18 81 11
18 82 3
18 83 6
18 84 13
18 85 12
18 86 4
18 87 10
18 88 5
18 89 16
18 90 2
18 91 16
18 92 6
18 93 13
18 94 14
18 95 7
18 96 12
18 97 14
18 98 11
18 99 2
19 0 12
19 1 19
19 2 15
19 3 7
19 4 14
19 5 10
19 6 4
19 7 11
19 8 6
19 9 9
19 10 14
19 11 19
19 12 13
19 13 19
19 14 10
19 15 1
19 16 3
19 17 6
19 18 18
19 20 7
19 21 11
19 22 20
19 23 1
19 24 5
19 25 20
19 26 20
19 27 11
19 28 6
19 29 16
19 30 16
19 31 11
19 32 4
19 33 16
19 34 17
19 35 15
19 36 19
19 37 13
19 38 1
19 39 20
19 40 1
19 41 10
19 42 7
19 43 6
19 44 17
19 45 10
19 46 19
19 47 17
19 48 10
19 49 19
19 50 6
19 51 18
19 52 14
19 53 16
19 54 17
19 55 10
19 56 9
19 57 9
19 58 7
19 59 16
19 60 12
19 61 9
19 62 4
19 63 17
19 64 8
19 65 12
19 66 15
19 67 9
19 68 4
19 69 2
19 70 20
19 71 5
19 72 3
19 73 1
19 74 14
19 75 16
19 76 20
19 77 17
19 78 16
19 79 3
19 80 13
19 81 15
19 82 15
19 83 3
19 84 16
19 85 3
19 86 11
19 87 1
19 88 15
19 89 14
19 90 12
19 91 3
19 92 4
19 93 10
19 94 15
19 95 3
19 96 11
19 97 3
19 98 1
19 99 20
20 0 16
20 1 7
20 2 14
20 3 3
20 4 19
20 5 18
20 6 13
20 7 2
20 8 1
20 9 15
20 10 11
20 11 2
20 12 8
20 13 3
20 14 6
20 15 17
20 16 10
20 17 11
20 18 4
20 19 19
20 21 10
20 22 3
20 23 14
20 24 14
20 25 5
20 26 14
20 27 2
20 28 19
20 29 4
20 30 11
20 31 6
20 32 10
20 33 9
20 34 16
20 35 10
20 36 20
20 37 10
20 38 19
20 39 19
20 40 20
20 41 1
20 42 15
20 43 11
20 44 11
20 45 1
20 46 15
20 47 17
20 48 6
20 49 17
20 50 13
20 51 19
20 52 7
20 53 12
20 54 13
20 55 16
20 56 9
20 57 15
20 58 7
20 59 11
20 60 7
20 61 6
20 62 15
20 63 15
20 64 3
20 65 11
20 66 6
20 67 6
20 68 16
20 69 15
20 70 10
20 71 8
20 72 14
20 73 14
20 74 17
20 75 8
20 76 1
20 77 15
20 78 8
20 79 20
20 80 14
20 81 4
20 82 4
20 83 1
20 84 12
20 85 8
20 86 15
20 87 1
20 88 4
20 89 15
20 90 19
20 91 18
20 92 6
20 93 7
20 94 3
20 95 19
20 96 20
20 97 11
20 98 11
20 99 3
21 0 8
21 1 13
21 2 12
21 3 15
21 4 6
21 5 9
21 6 1
21 7 12
21 8 2
21 9 5
21 10 7
21 11 7
21 12 13
21 13 1
21 14 19
21 15 17
21 16 4
21 17 10
21 18 5
21 19 7
21 20 10
21 22 13
21 23 3
21 24 20
21 25 9
21 26 10
21 27 19
21 28 9
21 29 5
21 30 16
21 31 10
21 32 2
21 33 5
21 34 1
21 35 9
21 36 19
21 37 14
21 38 18
21 39 3
21 40 8
21 41 19
21 42 4
21 43 2
21 44 1
21 45 12
21 46 10
21 47 20
21 48 5
21 49 9
21 50 9
21 51 18
21 52 14
21 53 4
21 54 10
21 55 14
21 56 8
21 57 5
21 58 6
21 59 2
21 60 12
21 61 2
21 62 10
21 63 16
21 64 12
21 65 2
21 66 2
21 67 5
21 68 11
21 69 12
21 70 6
21 71 16
21 72 11
21 73 3
21 74 15
21 75 8
21 76 17
21 77 13
21 78 15
21 79 9
21 80 1
21 81 14
21 82 3
21 83 19
21 84 20
21 85 18
21 86 12
21 87 8
21 88 6
21 89 7
21 90 2
21 91 15
21 92 5
21 93 20
21 94 11
21 95 13
21 96 16
21 97 20
21 98 10
21 99 18
22 0 15
22 1 4
22 2 20
22 3 20
22 4 20
22 5 17
22 6 15
22 7 14
22 8 15
22 9 20
22 10 15
22 11 7
22 12 5
22 13 9
22 14 4
22 15 15
22 16 11
22 17 9
22 18 11
22 19 17
22 20 17
22 21 10
22 23 4
22 24 1
22 25 2
22 26 18
22 27 12
22 28 14
22 29 14
22 30 7
22 31 17
22 32 12
22 33 4
22 34 19
22 35 7
22 36 17
22 37 20
22 38 9
22 39 16
22 40 16
22 41 13
22 42 19
22 43 8
22 44 13
22 45 10
22 46 11
22 47 8
22 48 1
22 49 5
22 50 17
22 51 6
22 52 6
22 53 7
22 54 6
22 55 19
22 56 10
22 57 7
22 58 8
22 59 13
22 60 16
22 61 15
22 62 2
22 63 14
22 64 7
22 65 5
22 66 1
22 67 9
22 68 13
22 69 7
22 70 14
22 71 19
22 72 10
22 73 8
22 74 15
22 75 10
22 76 19
22 77 5
22 78 2
22 79 15
22 80 12
22 81 16
22 82 4
22 83 17
22 84 7
22 85 12
22 86 8
22 87 13
22 88 18
22 89 17
22 90 19
22 91 13
22 92 4
22 93 14
22 94 6
22 95 3
22 96 9
22 97 3
22 98 12
22 99 6
23 0 20
23 1 10
23 2 2
23 3 8
23 4 13
23 5 20
23 6 19
23 7 8
23 8 4
23 9 3
23 10 3
23 11 9
23 12 5
23 13 7
23 14 7
23 15 17
23 16 2
23 17 4
23 18 9
23 19 14
23 20 5
23 21 8
23 22 6
23 24 11
23 25 5
23 26 3
23 27 6
23 28 12
23 29 1
23 30 11
23 31 4
23 32 19
23 33 12
23 34 10
23 35 10
23 36 15
23 37 18
23 38 15
23 39 12
23 40 3
23 41 9
23 42 20
23 43 3
23 44 16
23 45 7
23 46 19
23 47 10
23 48 6
23 49 18
23 50 3
23 51 13
23 52 12
23 53 7
23 54 12
23 55 19
23 56 19
23 57 11
23 58 20
23 59 17
23 60 13
23 61 3
23 62 4
23 63 17
23 64 18
23 65 17
23 66 13
23 67 1
23 68 8
23 69 17
23 70 15
23 71 20
23 72 4
23 73 16
23 74 10
23 75 8
23 76 8
23 77 12
23 78 15
23 79 16
23 80 7
23 81 2
23 82 18
23 83 19
23 84 18
23 85 10
23 86 14
23 87 17
23 88 18
23 89 19
23 90 10
23 91 20
23 92 19
23 93 1
23 94 3
23 95 1
23 96 9
23 97 11
23 98 9
23 99 8
24 0 17
24 1 5
24 2 20
24 3 5
24 4 6
24 5 15
24 6 11
24 7 1
24 8 10
24 9 8
24 10 4
24 11 8
24 12 5
24 13 12
24 14 16
24 15 14
24 16 19
24 17 9
24 18 1
24 19 19
24 20 17
24 21 10
24 22 10
24 23 13
24 25 15
24 26 1
24 27 7
24 28 19
24 29 13
24 30 15
24 31 15
24 32 16
24 33 3
24 34 20
24 35 16
24 36 13
24 37 2
24 38 12
24 39 1
24 40 18
24 41 13
24 42 15
24 43 9
24 44 8
24 45 3
24 46 9
24 47 1
24 48 18
24 49 18
24 50 16
24 51 8
24 52 17
24 53 20
24 54 3
24 55 13
24 56 14
24 57 10
24 58 11
24 59 1
24 60 20
24 61 8
24 62 7
24 63 1
24 64 7
24 65 1
24 66 6
24 67 12
24 68 9
24 69 15
24 70 2
24 71 7
24 72 14
24 73 19
24 74 6
24 75 14
24 76 20
24 77 13
24 78 13
24 79 3
24 80 19
24 81 6
24 82 3
24 83 2
24 84 9
24 85 16
24 86 14
24 87 3
24 88 12
24 89 13
24 90 1
24 91 9
24 92 16
24 93 5
24 94 10
24 95 3
24 96 4
24 97 13
24 98 15
24 99 5
25 0 11
25 1 15
25 2 8
25 3 14
25 4 16
25 5 5
25 6 18
25 7 18
25 8 16
25 9 5
25 10 7
25 11 13
25 12 3
25 13 18
25 14 7
25 15 17
25 16 5
25 17 7
25 18 3
25 19 12
25 20 15
25 21 17
25 22 18
25 23 9
25 24 12
25 26 14
25 27 2
25 28 3
25 29 18
25 30 13
25 31 13
25 32 10
25 33 8
25 34 18
25 35 18
25 36 1
25 37 18
25 38 6
25 39 1
25 40 3
25 41 11
25 42 2
25 43 11
25 44 16
25 45 3
25 46 11
25 47 7
25 48 4
25 49 17
25 50 19
25 51 7
25 52 5
25 53 9
25 54 12
25 55 2
25 56 1
25 57 6
25 58 5
25 59 11
25 60 6
25 61 4
25 62 17
25 63 18
25 64 12
25 65 19
25 66 11
25 67 1
25 68 7
25 69 11
25 70 1
25 71 1
25 72 14
25 73 12
25 74 10
25 75 9
25 76 3
25 77 13
25 78 17
25 79 14
25 80 14
25 81 14
25 82 18
25 83 2
25 84 2
25 85 10
25 86 17
25 87 4
25 88 15
25 89 4
25 90 19
25 91 5
25 92 12
25 93 12
25 94 11
25 95 5
25 96 2
25 97 1
25 98 19
25 99 13
26 0 18
26 1 8
26 2 3
26 3 16
26 4 14
26 5 15
26 6 17
26 7 20
26 8 7
26 9 10
26 10 7
26 11 19
26 12 19
26 13 19
26 14 5
26 15 15
26 16 9
26 17 13
26 18 19
26 19 5
26 20 6
26 21 10
26 22 3
26 23 15
26 24 19
26 25 16
26 27 20
26 28 14
26 29 19
26 30 3
26 31 12
26 32 6
26 33 17
26 34 8
26 35 16
26 36 18
26 37 3
26 38 20
26 39 15
26 40 8
26 41 13
26 42 1
26 43 18
26 44 4
26 45 5
26 46 13
26 47 17
26 48 14
26 49 7
26 50 16
26 51 13
26 52 7
26 53 10
26 54 16
26 55 5
26 56 6
26 57 2
26 58 15
26 59 17
26 60 11
26 61 5
26 62 10
26 63 18
26 64 3
26 65 10
26 66 19
26 67 12
26 68 14
26 69 12
26 70 1
26 71 16
26 72 13
26 73 15
26 74 2
26 75 5
26 76 16
26 77 3
26 78 7
26 79 17
26 80 2
26 81 13
26 82 9
26 83 17
26 84 14
26 85 16
26 86 14
26 87 3
26 88 16
26 89 16
26 90 19
26 91 1
26 92 20
26 93 1
26 94 14
26 95 5
26 96 17
26 97 7
26 98 19
26 99 7
27 0 12
27 1 14
27 2 8
27 3 15
27 4 3
27 5 12
27 6 5
27 7 17
27 8 15
27 9 8
27 10 17
27 11 3
27 12 20
27 13 12
27 14 7
27 15 5
27 16 10
27 17 19
27 18 19
27 19 14
27 20 17
27 21 17
27 22 2
27 23 9
27 24 4
27 25 19
27 26 5
27 28 18
27 29 18
27 30 2
27 31 14
27 32 7
27 33 17
27 34 10
27 35 4
27 36 20
27 37 13
27 38 17
27 39 8
27 40 6
27 41 3
27 42 9
27 43 3
27 44 7
27 45 11
27 46 17
27 47 4
27 48 6
27 49 10
27 50 3
27 51 8
27 52 12
27 53 9
27 54 19
27 55 11
27 56 13
27 57 6
27 58 3
27 59 19
27 60 11
27 61 4
27 62 5
27 63 7
27 64 9
27 65 8
27 66 4
27 67 3
27 68 16
27 69 7
27 70 20
27 71 15
27 72 7
27 73 11
27 74 5
27 75 14
27 76 5
27 77 17
27 78 11
27 79 9
27 80 8
27 81 5
27 82 8
27 83 18
27 84 8
27 85 10
27 86 9
27 87 19
27 88 13
27 89 4
27 90 18
27 91 9
27 92 11
27 93 6
27 94 16
27 95 17
27 96 4
27 97 6
27 98 11
27 99 2
28 0 7
28 1 13
28 2 16
28 3 16
28 4 5
28 5 19
28 6 16
28 7 5
28 8 1
28 9 11
28 10 14
28 11 20
28 12 2
28 13 4
28 14 20
28 15 12
28 16 5
28 17 17
28 18 10
28 19 14
28 20 13
28 21 9
28 22 7
28 23 8
28 24 1
28 25 19
28 26 16
28 27 18
28 29 9
28 30 7
28 31 10
28 32 5
28 33 19
28 34 5
28 35 7
28 36 3
28 37 15
28 38 2
28 39 7
28 40 9
28 41 10
28 42 4
28 43 7
28 44 16
28 45 12
28 46 5
28 47 8
28 48 8
28 49 19
28 50 8
28 51 3
28 52 3
28 53 17
28 54 9
28 55 19
28 56 3
28 57 14
28 58 11
28 59 5
28 60 7
28 61 3
28 62 16
28 63 7
28 64 14
28 65 9
28 66 4
28 67 16
28 68 2
28 69 15
28 70 12
28 71 6
28 72 1
28 73 15
28 74 4
28 75 9
28 76 6
28 77 17
28 78 13
28 79 17
28 80 19
28 81 18
28 82 1
28 83 9
28 84 2
28 85 12
28 86 19
28 87 6
28 88 12
28 89 20
28 90 13
28 91 10
28 92 8
28 93 18
28 94 7
28 95 1
28 96 8
28 97 3
28 98 15
28 99 20
29 0 20
29 1 7
29 2 14
29 3 8
29 4 2
29 5 13
29 6 4
29 7 15
29 8 14
29 9 4
29 10 14
29 11 5
29 12 11
29 13 12
29 14 2
29 15 13
29 16 2
29 17 18
29 18 1
29 19 2
29 20 3
29 21 19
29 22 19
29 23 8
29 24 15
29 25 6
29 26 10
29 27 2
29 28 7
29 30 17
29 31 18
29 32 16
29 33 6
29 34 18
29 35 2
29 36 8
29 37 3
29 38 11
29 39 1
29 40 14
29 41 4
29 42 19
29 43 10
29 44 5
29 45 6
29 46 19
29 47 16
29 48 18
29 49 14
29 50 17
29 51 5
29 52 4
29 53 20
29 54 17
29 55 11
29 56 3
29 57 2
29 58 4
29 59 6
29 60 6
29 61 7
29 62 6
29 63 16
29 64 18
29 65 9
29 66 15
29 67 20
29 68 8
29 69 1
29 70 9
29 71 2
29 72 10
29 73 10
29 74 20
29 75 7
29 76 5
29 77 9
29 78 1
29 79 9
29 80 12
29 81 12
29 82 5
29 83 7
29 84 12
29 85 9
29 86 4
29 87 13
29 88 5
29 89 4
29 90 14
29 91 20
29 92 19
29 93 18
29 94 15
29 95 17
29 96 13
29 97 2
29 98 7
29 99 13
30 0 8
30 1 15
30 2 8
30 3 20
30 4 11
30 5 19
30 6 13
30 7 14
30 8 19
30 9 2
30 10 5
30 11 19
30 12 12
30 13 17
30 14 15
30 15 16
30 16 19
30 17 18
30 18 9
30 19 12
30 20 3
30 21 14
30 22 17
30 23 20
30 24 11
30 25 12
30 26 17
30 27 1
30 28 9
30 29 17
30 31 6
30 32 18
30 33 11
30 34 5
30 35 1
30 36 9
30 37 17
30 38 11
30 39 6
30 40 2
30 41 18
30 42 11
30 43 13
30 44 4
30 45 19
30 46 3
30 47 7
30 48 10
30 49 12
30 50 19
30 51 2
30 52 11
30 53 9
30 54 8
30 55 20
30 56 11
30 57 10
30 58 11
30 59 11
30 60 7
30 61 15
30 62 15
30 63 16
30 64 17
30 65 10
30 66 3
30 67 7
30 68 5
30 69 1
30 70 4
30 71 2
30 72 3
30 73 14
30 74 12
30 75 11
30 76 20
30 77 17
30 78 15
30 79 19
30 80 7
30 81 4
30 82 16
30 83 3
30 84 3
30 85 1
30 86 4
30 87 14
30 88 16
30 89 13
30 90 1
30 91 6
30 92 2
30 93 5
30 94 3
30 95 10
30 96 16
30 97 3
30 98 11
30 99 10
31 0 1
31 1 20
31 2 15
31 3 9
31 4 15
31 5 2
31 6 19
31 7 7
31 8 18
31 9 4
31 10 4
31 11 7
31 12 16
31 13 13
31 14 19
31 15 13
31 16 7
31 17 19
31 18 20
31 19 11
31 20 12
31 21 11
31 22 18
31 23 5
31 24 20
31 25 3
31 26 4
31 27 17
31 28 7
31 29 19
31 30 15
31 32 12
31 33 8
31 34 5
31 35 13
31 36 16
31 37 13
31 38 7
31 39 10
31 40 9
31 41 5
31 42 1
31 43 11
31 44 7
31 45 7
31 46 13
31 47 11
31 48 11
31 49 16
31 50 1
31 51 1
31 52 3
31 53 11
31 54 10
31 55 8
31 56 15
31 57 5
31 58 6
31 59 8
31 60 1
31 61 12
31 62 18
31 63 3
31 64 18
31 65 10
31 66 18
31 67 8
31 68 8
31 69 19
31 70 7
31 71 7
31 72 19
31 73 10
31 74 10
31 75 9
31 76 6
31 77 14
31 78 16
31 79 17
31 80 9
31 81 14
31 82 10
31 83 2
31 84 20
31 85 13
31 86 10
31 87 1
31 88 20
31 89 20
31 90 8
31 91 8
31 92 13
31 93 7
31 94 8
31 95 10
31 96 4
31 97 11
31 98 7
31 99 8
32 0 1
32 1 16
32 2 11
32 3 19
32 4 9
32 5 14
32 6 4
32 7 11
32 8 15
32 9 5
32 10 8
32 11 9
32 12 12
32 13 15
32 14 13
32 15 10
32 16 16
32 17 8
32 18 2
32 19 6
32 20 7
32 21 2
32 22 6
32 23 20
32 24 4
32 25 13
32 26 19
32 27 18
32 28 1
32 29 9
32 30 2
32 31 3
32 33 7
32 34 5
32 35 5
32 36 18
32 37 12
32 38 12
32 39 8
32 40 17
32 41 1
32 42 15
32 43 18
32 44 14
32 45 20
32 46 15
32 47 5
32 48 17
32 49 20
32 50 13
32 51 15
32 52 16
32 53 11
32 54 9
32 55 3
32 56 9
32 57 15
32 58 2
32 59 1
32 60 9
32 61 9
32 62 7
32 63 10
32 64 12
32 65 18
32 66 10
32 67 6
32 68 5
32 69 1
32 70 11
32 71 19
32 72 9
32 73 17
32 74 7
32 75 14
32 76 8
32 77 2
32 78 10
32 79 9
32 80 17
32 81 1
32 82 1
32 83 1
32 84 20
32 85 8
32 86 20
32 87 14
32 88 11
32 89 18
32 90 11
32 91 18
32 92 20
32 93 8
32 94 1
32 95 2
32 96 15
32 97 7
32 98 3
32 99 20
33 0 17
33 1 7
33 2 7
33 3 20
33 4 7
33 5 17
33 6 2
33 7 11
33 8 5
33 9 10
33 10 16
33 11 15
33 12 4
33 13 18
33 14 8
33 15 10
33 16 6
33 17 2
33 18 6
33 19 8
33 20 7
33 21 3
33 22 15
33 23 20
33 24 4
33 25 15
33 26 1
33 27 20
33 28 10
33 29 14
33 30 9
33 31 7
33 32 5
33 34 19
33 35 14
33 36 10
33 37 5
33 38 3
33 39 3
33 40 4
33 41 6
33 42 2
33 43 6
33 44 14
33 45 15
33 46 17
33 47 5
33 48 11
33 49 7
33 50 8
33 51 11
33 52 2
33 53 9
33 54 19
33 55 2
33 56 14
33 57 13
33 58 6
33 59 16
33 60 16
33 61 13
33 62 13
33 63 8
33 64 18
33 65 15
33 66 12
33 67 4
33 68 14
33 69 19
33 70 20
33 71 2
33 72 3
33 73 2
33 74 7
33 75 9
33 76 2
33 77 8
33 78 8
33 79 15
33 80 11
33 81 10
33 82 17
33 83 13
33 84 3
33 85 11
33 86 15
33 87 10
33 88 2
33 89 8
33 90 10
33 91 20
33 92 11
33 93 18
33 94 2
33 95 17
33 96 3
33 97 18
33 98 11
33 99 5
34 0 12
34 1 12
34 2 11
34 3 18
34 4 10
34 5 16
34 6 1
34 7 14
34 8 4
34 9 19
34 10 3
34 11 9
34 12 13
34 13 16
34 14 13
34 15 9
34 16 18
34 17 14
34 18 17
34 19 3
34 20 1
34 21 20
34 22 13
34 23 13
34 24 13
34 25 1
34 26 6
34 27 6
34 28 20
34 29 1
34 30 8
34 31 11
34 32 19
34 33 18
34 35 8
34 36 6
34 37 20
34 38 18
34 39 16
34 40 18
34 41 11
34 42 11
34 43 20
34 44 9
34 45 15
34 46 15
34 47 15
34 48 8
34 49 6
34 50 11
34 51 19
34 52 5
34 53 9
34 54 1
34 55 20
34 56 7
34 57 15
34 58 20
34 59 19
34 60 7
34 61 17
34 62 18
34 63 12
34 64 19
34 65 18
34 66 9
34 67 8
34 68 20
34 69 16
34 70 14
34 71 20
34 72 20
34 73 5
34 74 8
34 75 7
34 76 12
34 77 11
34 78 1
34 79 13
34 80 9
34 81 14
34 82 7
34 83 8
34 84 15
34 85 3
34 86 3
34 87 17
34 88 14
34 89 3
34 90 8
34 91 11
34 92 1
34 93 4
34 94 7
34 95 17
34 96 20
34 97 12
34 98 6
34 99 2
35 0 20
35 1 15
35 2 5
35 3 6
35 4 20
35 5 12
35 6 8
35 7 19
35 8 12
35 9 15
35 10 13
35 11 13
35 12 2
35 13 16
35 14 20
35 15 1
35 16 15
35 17 17
35 18 5
35 19 1
35 20 2
35 21 8
35 22 18
35 23 10
35 24 13
35 25 4
35 26 1
35 27 6
35 28 12
35 29 7
35 30 16
35 31 2
35 32 9
35 33 2
35 34 8
35 36 2
35 37 15
35 38 19
35 39 1
35 40 8
35 41 17
35 42 12
35 43 12
35 44 7
35 45 4
35 46 4
35 47 15
35 48 18
35 49 6
35 50 6
35 51 15
35 52 12
35 53 11
35 54 13
35 55 3
35 56 15
35 57 10
35 58 10
35 59 18
35 60 8
35 61 18
35 62 12
35 63 12
35 64 3
35 65 13
35 66 8
35 67 7
35 68 16
35 69 8
35 70 3
35 71 5
35 72 5
35 73 4
35 74 19
35 75 2
35 76 8
35 77 10
35 78 16
35 79 5
35 80 16
35 81 18
35 82 18
35 83 2
35 84 3
35 85 18
35 86 4
35 87 11
35 88 13
35 89 9
35 90 10
35 91 9
35 92 11
35 93 5
35 94 11
35 95 6
35 96 3
35 97 6
35 98 13
35 99 2
36 0 20
36 1 11
36 2 18
36 3 8
36 4 18
36 5 12
36 6 16
36 7 4
36 8 15
36 9 19
36 10 6
36 11 5
36 12 20
36 13 2
36 14 9
36 15 1
36 16 11
36 17 18
36 18 16
36 19 2
36 20 18
36 21 19
36 22 12
36 23 15
36 24 17
36 25 17
36 26 11
36 27 4
36 28 1
36 29 8
36 30 20
36 31 5
36 32 7
36 33 14
36 34 6
36 35 5
36 37 20
36 38 11
36 39 13
36 40 10
36 41 14
36 42 15
36 43 13
36 44 12
36 45 1
36 46 4
36 47 4
36 48 6
36 49 5
36 50 1
36 51 15
36 52 4
36 53 7
36 54 17
36 55 12
36 56 17
36 57 11
36 58 5
36 59 19
36 60 3
36 61 19
36 62 18
36 63 13
36 64 19
36 65 18
36 66 7
36 67 17
36 68 20
36 69 2
36 70 15
36 71 3
36 72 3
36 73 18
36 74 5
36 75 13
36 76 17
36 77 9
36 78 18
36 79 2
36 80 1
36 81 15
36 82 18
36 83 10
36 84 15
36 85 5
36 86 1
36 87 20
36 88 9
36 89 2
36 90 15
36 91 20
36 92 9
36 93 18
36 94 6
36 95 19
36 96 14
36 97 8
36 98 3
36 99 3
37 0 11
37 1 13
37 2 20
37 3 7
37 4 13
37 5 15
37 6 20
37 7 16
37 8 5
37 9 18
37 10 16
37 11 1
37 12 3
37 13 16
37 14 12
37 15 8
37 16 2
37 17 5
37 18 12
37 19 3
37 20 11
37 21 17
37 22 18
37 23 5
37 24 11
37 25 19
37 26 16
37 27 4
37 28 8
37 29 14
37 30 8
37 31 11
37 32 10
37 33 5
37 34 14
37 35 10
37 36 18
37 38 20
37 39 14
37 40 2
37 41 19
37 42 20
37 43 17
37 44 5
37 45 10
37 46 18
37 47 6
37 48 2
37 49 14
37 50 14
37 51 1
37 52 19
37 53 10
37 54 10
37 55 17
37 56 8
37 57 4
37 58 4
37 59 2
37 60 16
37 61 19
37 62 19
37 63 15
37 64 9
37 65 7
37 66 20
37 67 14
37 68 8
37 69 15
37 70 2
37 71 10
37 72 12
37 73 19
37 74 16
37 75 18
37 76 4
37 77 15
37 78 18
37 79 16
37 80 18
37 81 8
37 82 15
37 83 18
37 84 9
37 85 12
37 86 3
37 87 6
37 88 10
37 89 7
37 90 18
37 91 15
37 92 8
37 93 19
37 94 19
37 95 13
37 96 5
37 97 19
37 98 2
37 99 3
38 0 20
38 1 16
38 2 11
38 3 10
38 4 8
38 5 16
38 6 17
38 7 13
38 8 1
38 9 12
38 10 20
38 11 2
38 12 17
38 13 14
38 14 13
38 15 14
38 16 19
38 17 2
38 18 12
38 19 1
38 20 5
38 21 6
38 22 10
38 23 20
38 24 10
38 25 15
38 26 15
38 27 10
38 28 19
38 29 7
38 30 11
38 31 11
38 32 9
38 33 15
38 34 1
38 35 1
38 36 3
38 37 19
38 39 15
38 40 5
38 41 13
38 42 14
38 43 5
38 44 4
38 45 5
38 46 13
38 47 6
38 48 3
38 49 4
38 50 15
38 51 18
38 52 9
38 53 9
38 54 19
38 55 12
38 56 4
38 57 19
38 58 4
38 59 17
38 60 16
38 61 7
38 62 12
38 63 8
38 64 11
38 65 5
38 66 18
38 67 6
38 68 19
38 69 4
38 70 8
38 71 9
38 72 17
38 73 13
38 74 11
38 75 16
38 76 17
38 77 16
38 78 1
38 79 18
38 80 13
38 81 3
38 82 14
38 83 1
38 84 15
38 85 4
38 86 9
38 87 12
38 88 16
38 89 7
38 90 6
38 91 16
38 92 19
38 93 5
38 94 4
38 95 10
38 96 20
38 97 7
38 98 6
38 99 18
39 0 7
39 1 11
39 2 13
39 3 8
39 4 2
39 5 13
39 6 3
39 7 15
39 8 10
39 9 6
39 10 4
39 11 5
39 12 1
39 13 6
39 14 14
39 15 14
39 16 10
39 17 13
39 18 13
39 19 15
39 20 5
39 21 15
39 22 12
39 23 16
39 24 10
39 25 20
39 26 3
39 27 1
39 28 13
39 29 5
39 30 9
39 31 15
39 32 18
39 33 1
39 34 16
39 35 10
39 36 6
39 37 7
39 38 11
39 40 15
39 41 20
39 42 20
39 43 13
39 44 14
39 45 13
39 46 7
39 47 6
39 48 16
39 49 20
39 50 14
39 51 2
39 52 10
39 53 10
39 54 8
39 55 11
39 56 17
39 57 20
39 58 19
39 59 5
39 60 3
39 61 4
39 62 14
39 63 5
39 64 16
39 65 8
39 66 5
39 67 5
39 68 20
39 69 10
39 70 8
39 71 9
39 72 5
39 73 6
39 74 10
39 75 20
39 76 17
39 77 18
39 78 1
39 79 3
39 80 19
39 81 9
39 82 10
39 83 1
39 84 14
39 85 13
39 86 12
39 87 9
39 88 16
39 89 10
39 90 1
39 91 4
39 92 8
39 93 5
39 94 1
39 95 11
39 96 10
39 97 17
39 98 6
39 99 12
40 0 4
40 1 7
40 2 4
40 3 20
40 4 3
40 5 4
40 6 4
40 7 13
40 8 15
40 9 11
40 10 16
40 11 5
40 12 1
40 13 16
40 14 3
40 15 20
40 16 13
40 17 10
40 18 11
40 19 20
40 20 12
40 21 14
40 22 14
40 23 20
40 24 14
40 25 13
40 26 9
40 27 11
40 28 10
40 29 19
40 30 17
40 31 20
40 32 1
40 33 8
40 34 2
40 35 17
40 36 4
40 37 5
40 38 12
40 39 15
40 41 15
40 42 1
40 43 18
40 44 1
40 45 11
40 46 3
40 47 1
40 48 13
40 49 2
40 50 13
40 51 16
40 52 18
40 53 2
40 54 20
40 55 11
40 56 17
40 57 15
40 58 7
40 59 4
40 60 17
40 61 15
40 62 1
40 63 19
40 64 6
40 65 17
40 66 17
40 67 2
40 68 10
40 69 13
40 70 18
40 71 10
40 72 4
40 73 16
40 74 18
40 75 9
40 76 14
40 77 9
40 78 7
40 79 16
40 80 1
40 81 2
40 82 3
40 83 13
40 84 14
40 85 7
40 86 19
40 87 16
40 88 16
40 89 10
40 90 18
40 91 17
40 92 15
40 93 16
40 94 8
40 95 1
40 96 20
40 97 16
40 98 14
40 99 4
41 0 17
41 1 15
41 2 1
41 3 18
41 4 2
41 5 19
41 6 7
41 7 2
41 8 18
41 9 11
41 10 14
41 11 12
41 12 8
41 13 20
41 14 15
41 15 5
41 16 19
41 17 7
41 18 13
41 19 6
41 20 15
41 21 7
41 22 5
41 23 5
41 24 4
41 25 8
41 26 3
41 27 9
41 28 6
41 29 7
41 30 11
41 31 15
41 32 16
41 33 13
41 34 3
41 35 16
41 36 8
41 37 8
41 38 6
41 39 16
41 40 19
41 42 14
41 43 14
41 44 9
41 45 12
41 46 10
41 47 2
41 48 19
41 49 5
41 50 20
41 51 8
41 52 20
41 53 19
41 54 17
41 55 11
41 56 6
41 57 14
41 58 9
41 59 20
41 60 9
41 61 8
41 62 7
41 63 15
41 64 10
41 65 18
41 66 2
41 67 5
41 68 20
41 69 15
41 70 7
41 71 19
41 72 6
41 73 1
41 74 15
41 75 15
41 76 10
41 77 18
41 78 10
41 79 12
41 80 1
41 81 18
41 82 10
41 83 18
41 84 17
41 85 12
41 86 5
41 87 9
41 88 4
41 89 2
41 90 1
41 91 14
41 92 17
41 93 10
41 94 4
41 95 17
41 96 12
41 97 20
41 98 5
41 99 2
42 0 1
42 1 15
42 2 3
42 3 15
42 4 6
42 5 8
42 6 8
42 7 15
42 8 6
42 9 10
42 10 15
42 11 14
42 12 10
42 13 16
42 14 7
42 15 12
42 16 13
42 17 16
42 18 15
42 19 3
42 20 16
42 21 16
42 22 5
42 23 2
42 24 19
42 25 3
42 26 9
42 27 7
42 28 7
42 29 8
42 30 16
42 31 19
42 32 7
42 33 2
42 34 3
42 35 2
42 36 6
42 37 18
42 38 11
42 39 8
42 40 11
42 41 10
42 43 6
42 44 13
42 45 10
42 46 8
42 47 2
42 48 16
42 49 17
42 50 17
42 51 13
42 52 6
42 53 18
42 54 17
42 55 14
42 56 13
42 57 13
42 58 15
42 59 7
42 60 1
42 61 2
42 62 11
42 63 10
42 64 17
42 65 11
42 66 20
42 67 4
42 68 14
42 69 6
42 70 17
42 71 10
42 72 13
42 73 9
42 74 2
42 75 20
42 76 9
42 77 18
42 78 16
42 79 19
42 80 13
42 81 4
42 82 16
42 83 15
42 84 13
42 85 9
42 86 16
42 87 16
42 88 16
42 89 12
42 90 4
42 91 2
42 92 6
42 93 20
42 94 20
42 95 11
42 96 16
42 97 5
42 98 11
42 99 17
43 0 12
43 1 19
43 2 6
43 3 15
43 4 16
43 5 20
43 6 5
43 7 1
43 8 16
43 9 14
43 10 7
43 11 16
43 12 1
43 13 20
43 14 14
43 15 2
43 16 11
43 17 20
43 18 7
43 19 7
43 20 15
43 21 10
43 22 8
43 23 8
43 24 5
43 25 8
43 26 8
43 27 15
43 28 13
43 29 7
43 30 9
43 31 10
43 32 15
43 33 5
43 34 6
43 35 6
43 36 5
43 37 20
43 38 6
43 39 17
43 40 20
43 41 12
43 42 9
43 44 4
43 45 12
43 46 6
43 47 4
43 48 4
43 49 6
43 50 8
43 51 20
43 52 11
43 53 9
43 54 17
43 55 8
43 56 18
43 57 5
43 58 3
43 59 4
43 60 20
43 61 13
43 62 3
43 63 1
43 64 18
43 65 6
43 66 13
43 67 9
43 68 15
43 69 1
43 70 18
43 71 12
43 72 2
43 73 17
43 74 15
43 75 17
43 76 1
43 77 7
43 78 19
43 79 7
43 80 20
43 81 14
43 82 18
43 83 11
43 84 8
43 85 1
43 86 18
43 87 7
43 88 6
43 89 1
43 90 1
43 91 19
43 92 7
43 93 9
43 94 1
43 95 5
43 96 18
43 97 9
43 98 9
43 99 5
44 0 9
44 1 18
44 2 8
44 3 19
44 4 2
44 5 2
44 6 10
44 7 17
44 8 7
44 9 7
44 10 15
44 11 12
44 12 11
44 13 9
44 14 3
44 15 11
44 16 20
44 17 14
44 18 7
44 19 17
44 20 2
44 21 8
44 22 2
44 23 12
44 24 11
44 25 18
44 26 6
44 27 11
44 28 7
44 29 3
44 30 19
44 31 20
44 32 3
44 33 20
44 34 11
44 35 2
44 36 2
44 37 20
44 38 9
44 39 8
44 40 18
44 41 2
44 42 4
44 43 2
44 45 12
44 46 1
44 47 2
44 48 5
44 49 15
44 50 2
44 51 16
44 52 4
44 53 7
44 54 20
44 55 4
44 56 4
44 57 11
44 58 12
44 59 5
44 60 15
44 61 16
44 62 12
44 63 10
44 64 2
44 65 15
44 66 8
44 67 6
44 68 6
44 69 11
44 70 16
44 71 14
44 72 20
44 73 15
44 74 18
44 75 2
44 76 14
44 77 19
44 78 13
44 79 4
44 80 8
44 81 10
44 82 4
44 83 12
44 84 1
44 85 16
44 86 1
44 87 20
44 88 2
44 89 19
44 90 15
44 91 18
44 92 14
44 93 5
44 94 1
44 95 11
44 96 8
44 97 9
44 98 12
44 99 15
45 0 9
45 1 1
45 2 2
45 3 12
45 4 5
45 5 3
45 6 13
45 7 12
45 8 16
45 9 4
45 10 1
45 11 9
45 12 11
45 13 2
45 14 13
45 15 3
45 16 4
45 17 5
45 18 7
45 19 11
45 20 1
45 21 10
45 22 8
45 23 14
45 24 20
45 25 5
45 26 16
45 27 8
45 28 4
45 29 14
45 30 17
45 31 10
45 32 4
45 33 2
45 34 3
45 35 2
45 36 8
45 37 19
45 38 16
45 39 7
45 40 6
45 41 17
45 42 19
45 43 2
45 44 15
45 46 14
45 47 19
45 48 10
45 49 12
45 50 3
45 51 3
45 52 14
45 53 13
45 54 16
45 55 5
45 56 1
45 57 16
45 58 6
45 59 5
45 60 1
45 61 6
45 62 3
45 63 19
45 64 7
45 65 19
45 66 3
45 67 18
45 68 2
45 69 15
45 70 7
45 71 3
45 72 9
45 73 12
45 74 1
45 75 18
45 76 16
45 77 15
45 78 3
45 79 13
45 80 20
45 81 1
45 82 8
45 83 3
45 84 7
45 85 11
45 86 15
45 87 8
45 88 5
45 89 12
45 90 17
45 91 12
45 92 20
45 93 8
45 94 2
45 95 18
45 96 8
45 97 9
45 98 19
45 99 7
46 0 19
46 1 8
46 2 16
46 3 5
46 4 10
46 5 1
46 6 9
46 7 20
46 8 5
46 9 14
46 10 2
46 11 8
46 12 15
46 13 7
46 14 3
46 15 20
46 16 5
46 17 12
46 18 12
46 19 5
46 20 13
46 21 2
46 22 6
46 23 2
46 24 10
46 25 18
46 26 14
46 27 15
46 28 19
46 29 7
46 30 5
46 31 17
46 32 16
46 33 2
46 34 17
46 35 4
46 36 11
46 37 7
46 38 11
46 39 9
46 40 17
46 41 10
46 42 7
46 43 17
46 44 10
46 45 5
46 47 7
46 48 7
46 49 8
46 50 10
46 51 1
46 52 6
46 53 9
46 54 15
46 55 2
46 56 9
46 57 3
46 58 16
46 59 3
46 60 6
46 61 4
46 62 7
46 63 12
46 64 18
46 65 1
46 66 9
46 67 7
46 68 8
46 69 3
46 70 13
46 71 15
46 72 13
46 73 9
46 74 2
46 75 9
46 76 9
46 77 15
46 78 9
46 79 4
46 80 7
46 81 11
46 82 13
46 83 14
46 84 2
46 85 17
46 86 10
46 87 15
46 88 2
46 89 2
46 90 10
46 91 19
46 92 8
46 93 1
46 94 12
46 95 4
46 96 2
46 97 14
46 98 20
46 99 18
47 0 14
47 1 12
47 2 3
47 3 7
47 4 15
47 5 10
47 6 3
47 7 12
47 8 14
47 9 4
47 10 13
47 11 8
47 12 3
47 13 14
47 14 11
47 15 14
47 16 17
47 17 6
47 18 14
47 19 13
47 20 18
47 21 4
47 22 7
47 23 20
47 24 2
47 25 13
47 26 19
47 27 3
47 28 13
47 29 3
47 30 12
47 31 13
47 32 13
47 33 4
47 34 2
47 35 1
47 36 14
47 37 7
47 38 14
47 39 6
47 40 17
47 41 17
47 42 2
47 43 10
47 44 2
47 45 4
47 46 14
47 48 3
47 49 5
47 50 6
47 51 6
47 52 12
47 53 6
47 54 5
47 55 12
47 56 12
47 57 16
47 58 6
47 59 11
47 60 15
47 61 5
47 62 18
47 63 20
47 64 17
47 65 9
47 66 4
47 67 11
47 68 19
47 69 13
47 70 18
47 71 12
47 72 10
47 73 15
47 74 13
47 75 7
47 76 19
47 77 5
47 78 19
47 79 8
47 80 16
47 81 5
47 82 18
47 83 8
47 84 18
47 85 9
47 86 19
47 87 16
47 88 12
47 89 4
47 90 9
47 91 18
47 92 5
47 93 8
47 94 19
47 95 18
47 96 19
47 97 1
47 98 8
47 99 1
48 0 13
48 1 18
48 2 8
48 3 18
48 4 11
48 5 7
48 6 16
48 7 5
48 8 5
48 9 16
48 10 6
48 11 15
48 12 12
48 13 15
48 14 11
48 15 19
48 16 15
48 17 2
48 18 8
48 19 12
48 20 13
48 21 5
48 22 10
48 23 11
48 24 17
48 25 20
48 26 18
48 27 14
48 28 17
48 29 2
48 30 15
48 31 12
48 32 11
48 33 14
48 34 13
48 35 10
48 36 8
48 37 19
48 38 7
48 39 20
48 40 12
48 41 5
48 42 10
48 43 15
48 44 16
48 45 10
48 46 12
48 47 10
48 49 20
48 50 2
48 51 8
48 52 13
48 53 1
48 54 1
48 55 14
48 56 3
48 57 6
48 58 7
48 59 16
48 60 4
48 61 8
48 62 10
48 63 14
48 64 11
48 65 20
48 66 2
48 67 14
48 68 12
48 69 16
48 70 20
48 71 16
48 72 15
48 73 16
48 74 10
48 75 12
48 76 20
48 77 17
48 78 17
48 79 8
48 80 10
48 81 19
48 82 12
48 83 15
48 84 5
48 85 1
48 86 8
48 87 16
48 88 16
48 89 11
48 90 9
48 91 5
48 92 12
48 93 6
48 94 9
48 95 5
48 96 15
48 97 4
48 98 2
48 99 2
49 0 17
49 1 10
49 2 18
49 3 12
49 4 5
49 5 19
49 6 16
49 7 6
49 8 12
49 9 11
49 10 10
49 11 2
49 12 18
49 13 7
49 14 7
49 15 18
49 16 17
49 17 18
49 18 4
49 19 8
49 20 4
49 21 18
49 22 19
49 23 4
49 24 10
49 25 16
49 26 15
49 27 5
49 28 8
49 29 1
49 30 10
49 31 11
49 32 2
49 33 17
49 34 6
49 35 17
49 36 15
49 37 1
49 38 14
49 39 4
49 40 11
49 41 15
49 42 11
49 43 19
49 44 14
49 45 5
49 46 9
49 47 15
49 48 11
49 50 13
49 51 3
49 52 9
49 53 10
49 54 12
49 55 14
49 56 8
49 57 1
49 58 9
49 59 8
49 60 2
49 61 20
49 62 15
49 63 16
49 64 16
49 65 10
49 66 3
49 67 9
49 68 2
49 69 20
49 70 3
49 71 20
49 72 6
49 73 1
49 74 9
49 75 15
49 76 2
49 77 9
49 78 5
49 79 3
49 80 15
49 81 14
49 82 9
49 83 14
49 84 19
49 85 14
49 86 14
49 87 3
49 88 8
49 89 3
49 90 18
49 91 9
49 92 15
49 93 20
49 94 4
49 95 5
49 96 4
49 97 9
49 98 18
49 99 12
50 0 19
50 1 2
50 2 14
50 3 19
50 4 16
50 5 10
50 6 19
50 7 6
50 8 7
50 9 3
50 10 1
50 11 9
50 12 9
50 13 3
50 14 6
50 15 19
50 16 12
50 17 3
50 18 2
50 19 1
50 20 16
50 21 10
50 22 19
50 23 7
50 24 1
50 25 12
50 26 11
50 27 7
50 28 19
50 29 6
50 30 1
50 31 5
50 32 1
50 33 14
50 34 17
50 35 1
50 36 14
50 37 12
50 38 14
50 39 14
50 40 5
50 41 8
50 42 15
50 43 16
50 44 1
50 45 6
50 46 4
50 47 3
50 48 5
50 49 10
50 51 1
50 52 19
50 53 11
50 54 19
50 55 14
50 56 14
50 57 3
50 58 20
50 59 17
50 60 9
50 61 17
50 62 19
50 63 17
50 64 1
50 65 5
50 66 16
50 67 18
50 68 9
50 69 9
50 70 5
50 71 17
50 72 6
50 73 1
50 74 7
50 75 15
50 76 7
50 77 4
50 78 9
50 79 18
50 80 16
50 81 17
50 82 13
50 83 17
50 84 16
50 85 3
50 86 4
50 87 2
50 88 13
50 89 3
50 90 8
50 91 3
50 92 6
50 93 14
50 94 19
50 95 11
50 96 16
50 97 11
50 98 18
50 99 5
51 0 15
51 1 12
51 2 13
51 3 16
51 4 14
51 5 4
51 6 14
51 7 20
51 8 14
51 9 5
51 10 6
51 11 8
51 12 8
51 13 1
51 14 5
51 15 19
51 16 3
51 17 10
51 18 14
51 19 5
51 20 6
51 21 18
51 22 6
51 23 15
51 24 18
51 25 9
51 26 13
51 27 2
51 28 10
51 29 14
51 30 10
51 31 2
51 32 9
51 33 19
51 34 11
51 35 2
51 36 18
51 37 2
51 38 9
51 39 11
51 40 11
51 41 12
51 42 4
51 43 19
51 44 6
51 45 15
51 46 5
51 47 8
51 48 11
51 49 3
51 50 4
51 52 20
51 53 7
51 54 12
51 55 3
51 56 20
51 57 20
51 58 2
51 59 4
51 60 8
51 61 15
51 62 4
51 63 11
51 64 17
51 65 19
51 66 14
51 67 20
51 68 9
51 69 5
51 70 19
51 71 7
51 72 15
51 73 12
51 74 19
51 75 7
51 76 5
51 77 1
51 78 16
51 79 13
51 80 17
51 81 17
51 82 16
51 83 19
51 84 11
51 85 2
51 86 6
51 87 8
51 88 14
51 89 1
51 90 17
51 91 8
51 92 19
51 93 6
51 94 9
51 95 15
51 96 7
51 97 13
51 98 8
51 99 4
52 0 18
52 1 5
52 2 20
52 3 5
52 4 6
52 5 3
52 6 20
52 7 17
52 8 7
52 9 19
52 10 9
52 11 2
52 12 8
52 13 10
52 14 20
52 15 9
52 16 8
52 17 16
52 18 16
52 19 11
52 20 4
52 21 10
52 22 1
52 23 4
52 24 13
52 25 20
52 26 15
52 27 10
52 28 19
52 29 4
52 30 16
52 31 17
52 32 3
52 33 2
52 34 13
52 35 7
52 36 14
52 37 13
52 38 12
52 39 5
52 40 14
52 41 3
52 42 13
52 43 13
52 44 3
52 45 15
52 46 18
52 47 4
52 48 15
52 49 2
52 50 4
52 51 12
52 53 2
52 54 3
52 55 16
52 56 10
52 57 6
52 58 19
52 59 13
52 60 13
52 61 20
52 62 18
52 63 1
52 64 2
52 65 14
52 66 16
52 67 11
52 68 7
52 69 3
52 70 20
52 71 11
52 72 8
52 73 10
52 74 12
52 75 14
52 76 15
52 77 5
52 78 15
52 79 9
52 80 13
52 81 5
52 82 20
52 83 3
52 84 15
52 85 6
52 86 12
52 87 19
52 88 6
52 89 16
52 90 2
52 91 5
52 92 8
52 93 1
52 94 13
52 95 5
52 96 7
52 97 1
52 98 10
52 99 6
53 0 9
53 1 9
53 2 7
53 3 20
53 4 4
53 5 19
53 6 9
53 7 16
53 8 5
53 9 2
53 10 16
53 11 2
53 12 14
53 13 5
53 14 16
53 15 10
53 16 12
53 17 5
53 18 4
53 19 16
53 20 5
53 21 8
53 22 5
53 23 12
53 24 2
53 25 7
53 26 18
53 27 11
53 28 6
53 29 12
53 30 4
53 31 3
53 32 17
53 33 4
53 34 11
53 35 13
53 36 9
53 37 8
53 38 18
53 39 13
53 40 20
53 41 11
53 42 12
53 43 12
53 44 18
53 45 18
53 46 15
53 47 9
53 48 9
53 49 3
53 50 11
53 51 15
53 52 4
53 54 16
53 55 17
53 56 17
53 57 13
53 58 13
53 59 20
53 60 1
53 61 10
53 62 15
53 63 7
53 64 15
53 65 13
53 66 3
53 67 6
53 68 17
53 69 16
53 70 1
53 71 19
53 72 11
53 73 11
53 74 18
53 75 9
53 76 7
53 77 3
53 78 18
53 79 15
53 80 17
53 81 20
53 82 13
53 83 4
53 84 18
53 85 11
53 86 10
53 87 15
53 88 1
53 89 17
53 90 14
53 91 14
53 92 16
53 93 7
53 94 9
53 95 10
53 96 1
53 97 10
53 98 15
53 99 1
54 0 17
54 1 1
54 2 20
54 3 16
54 4 15
54 5 14
54 6 4
54 7 20
54 8 2
54 9 4
54 10 11
54 11 14
54 12 16
54 13 5
54 14 18
54 15 8
54 16 12
54 17 18
54 18 14
54 19 11
54 20 13
54 21 3
54 22 5
54 23 5
54 24 2
54 25 10
54 26 5
54 27 20
54 28 10
54 29 3
54 30 7
54 31 10
54 32 3
54 33 14
54 34 8
54 35 13
54 36 17
54 37 4
54 38 9
54 39 1
54 40 6
54 41 7
54 42 12
54 43 6
54 44 2
54 45 18
54 46 13
54 47 20
54 48 12
54 49 20
54 50 1
54 51 10
54 52 1
54 53 9
54 55 11
54 56 4
54 57 8
54 58 12
54 59 7
54 60 17
54 61 14
54 62 20
54 63 9
54 64 1
54 65 5
54 66 16
54 67 14
54 68 2
54 69 1
54 70 9
54 71 2
54 72 12
54 73 15
54 74 6
54 75 15
54 76 3
54 77 16
54 78 5
54 79 1
54 80 5
54 81 10
54 82 20
54 83 2
54 84 3
54 85 2
54 86 8
54 87 3
54 88 20
54 89 12
54 90 5
54 91 12
54 92 19
54 93 5
54 94 11
54 95 2
54 96 12
54 97 11
54 98 17
54 99 20
55 0 6
55 1 14
55 2 9
55 3 7
55 4 18
55 5 11
55 6 9
55 7 10
55 8 12
55 9 1
55 10 17
55 11 1
55 12 13
55 13 16
55 14 13
55 15 12
55 16 15
55 17 1
55 18 11
55 19 16
55 20 7
55 21 2
55 22 20
55 23 7
55 24 18
55 25 19
55 26 13
55 27 7
55 28 14
55 29 1
55 30 11
55 31 15
55 32 4
55 33 13
55 34 20
55 35 4
55 36 9
55 37 9
55 38 3
55 39 3
55 40 12
55 41 15
55 42 18
55 43 19
55 44 6
55 45 15
55 46 5
55 47 10
55 48 4
55 49 4
55 50 5
55 51 11
55 52 1
55 53 6
55 54 8
55 56 9
55 57 3
55 58 20
55 59 17
55 60 9
55 61 16
55 62 20
55 63 2
55 64 8
55 65 10
55 66 2
55 67 7
55 68 18
55 69 18
55 70 13
55 71 15
55 72 12
55 73 11
55 74 6
55 75 11
55 76 13
55 77 12
55 78 5
55 79 1
55 80 2
55 81 15
55 82 11
55 83 7
55 84 20
55 85 14
55 86 10
55 87 10
55 88 6
55 89 5
55 90 17
55 91 2
55 92 13
55 93 10
55 94 5
55 95 8
55 96 2
55 97 1
55 98 3
55 99 4
56 0 13
56 1 8
56 2 15
56 3 2
56 4 9
56 5 18
56 6 8
56 7 11
56 8 17
56 9 17
56 10 8
56 11 7
56 12 5
56 13 14
56 14 10
56 15 10
56 16 8
56 17 20
56 18 4
56 19 5
56 20 4
56 21 6
56 22 19
56 23 20
56 24 6
56 25 14
56 26 12
56 27 10
56 28 5
56 29 5
56 30 18
56 31 8
56 32 12
56 33 19
56 34 9
56 35 19
56 36 7
56 37 4
56 38 19
56 39 4
56 40 13
56 41 6
56 42 20
56 43 16
56 44 1
56 45 13
56 46 18
56 47 16
56 48 9
56 49 20
56 50 19
56 51 16
56 52 1
56 53 15
56 54 7
56 55 6
56 57 4
56 58 13
56 59 6
56 60 2
56 61 3
56 62 17
56 63 12
56 64 18
56 65 7
56 66 8
56 67 7
56 68 11
56 69 18
56 70 5
56 71 9
56 72 17
56 73 12
56 74 20
56 75 5
56 76 10
56 77 8
56 78 20
56 79 3
56 80 19
56 81 10
56 82 10
56 83 20
56 84 20
56 85 7
56 86 6
56 87 16
56 88 20
56 89 17
56 90 18
56 91 18
56 92 7
56 93 16
56 94 3
56 95 11
56 96 5
56 97 19
56 98 6
56 99 20
57 0 20
57 1 8
57 2 5
57 3 9
57 4 17
57 5 18
57 6 16
57 7 16
57 8 3
57 9 13
57 10 13
57 11 5
57 12 4
57 13 11
57 14 12
57 15 19
57 16 13
57 17 4
57 18 17
57 19 20
57 20 11
57 21 8
57 22 19
57 23 4
57 24 16
57 25 13
57 26 20
57 27 18
57 28 12
57 29 6
57 30 2
57 31 18
57 32 11
57 33 11
57 34 14
57 35 1
57 36 7
57 37 18
57 38 2
57 39 10
57 40 2
57 41 18
57 42 19
57 43 5
57 44 13
57 45 1
57 46 8
57 47 11
57 48 4
57 49 13
57 50 7
57 51 18
57 52 6
57 53 20
57 54 9
57 55 15
57 56 13
57 58 15
57 59 2
57 60 13
57 61 18
57 62 17
57 63 7
57 64 1
57 65 2
57 66 5
57 67 8
57 68 9
57 69 5
57 70 6
57 71 12
57 72 11
57 73 11
57 74 17
57 75 1
57 76 18
57 77 9
57 78 11
57 79 4
57 80 10
57 81 6
57 82 17
57 83 15
57 84 15
57 85 4
57 86 12
57 87 19
57 88 12
57 89 11
57 90 1
57 91 2
57 92 12
57 93 6
57 94 18
57 95 15
57 96 16
57 97 6
57 98 2
57 99 7
58 0 8
58 1 8
58 2 6
58 3 3
58 4 17
58 5 18
58 6 7
58 7 2
58 8 17
58 9 13
58 10 9
58 11 2
58 12 18
58 13 16
58 14 12
58 15 14
58 16 15
58 17 5
58 18 17
58 19 6
58 20 20
58 21 5
58 22 6
58 23 13
58 24 6
58 25 4
58 26 20
58 27 6
58 28 20
58 29 13
58 30 18
58 31 12
58 32 19
58 33 4
58 34 15
58 35 9
58 36 20
58 37 7
58 38 11
58 39 5
58 40 3
58 41 4
58 42 13
58 43 19
58 44 11
58 45 4
58 46 11
58 47 6
58 48 2
58 49 4
58 50 17
58 51 17
58 52 11
58 53 7
58 54 7
58 55 1
58 56 17
58 57 16
58 59 16
58 60 9
58 61 12
58 62 2
58 63 7
58 64 15
58 65 9
58 66 8
58 67 3
58 68 12
58 69 8
58 70 11
58 71 6
58 72 11
58 73 11
58 74 13
58 75 5
58 76 10
58 77 19
58 78 13
58 79 7
58 80 18
58 81 19
58 82 15
58 83 13
58 84 20
58 85 16
58 86 8
58 87 15
58 88 15
58 89 16
58 90 3
58 91 17
58 92 19
58 93 9
58 94 18
58 95 3
58 96 17
58 97 7
58 98 18
58 99 16
59 0 18
59 1 2
59 2 4
59 3 8
59 4 7
59 5 11
59 6 14
59 7 1
59 8 8
59 9 1
59 10 4
59 11 10
59 12 2
59 13 6
59 14 11
59 15 13
59 16 20
59 17 11
59 18 2
59 19 7
59 20 20
59 21 6
59 22 6
59 23 13
59 24 16
59 25 14
59 26 7
59 27 14
59 28 16
59 29 1
59 30 8
59 31 8
59 32 12
59 33 7
59 34 19
59 35 15
59 36 1
59 37 1
59 38 8
59 39 13
59 40 18
59 41 11
59 42 8
59 43 14
59 44 13
59 45 2
59 46 11
59 47 9
59 48 16
59 49 8
59 50 11
59 51 3
59 52 17
59 53 14
59 54 1
59 55 15
59 56 5
59 57 6
59 58 5
59 60 14
59 61 15
59 62 13
59 63 12
59 64 19
59 65 4
59 66 7
59 67 8
59 68 9
59 69 14
59 70 10
59 71 3
59 72 11
59 73 2
59 74 15
59 75 5
59 76 13
59 77 20
59 78 3
59 79 17
59 80 18
59 81 20
59 82 14
59 83 5
59 84 8
59 85 20
59 86 8
59 87 8
59 88 16
59 89 14
59 90 3
59 91 5
59 92 7
59 93 12
59 94 14
59 95 18
59 96 4
59 97 6
59 98 15
59 99 6
60 0 10
60 1 1
60 2 20
60 3 10
60 4 1
60 5 10
60 6 3
60 7 10
60 8 11
60 9 19
60 10 16
60 11 8
60 12 6
60 13 8
60 14 12
60 15 20
60 16 16
60 17 18
60 18 11
60 19 13
60 20 4
60 21 8
60 22 13
60 23 11
60 24 6
60 25 16
60 26 1
60 27 5
60 28 8
60 29 7
60 30 18
60 31 19
60 32 12
60 33 7
60 34 12
60 35 9
60 36 15
60 37 6
60 38 20
60 39 6
60 40 14
60 41 16
60 42 12
60 43 4
60 44 7
60 45 3
60 46 1
60 47 20
60 48 15
60 49 19
60 50 18
60 51 12
60 52 19
60 53 2
60 54 16
60 55 18
60 56 14
60 57 17
60 58 1
60 59 7
60 61 10
60 62 16
60 63 18
60 64 13
60 65 20
60 66 3
60 67 8
60 68 13
60 69 7
60 70 7
60 71 9
60 72 1
60 73 19
60 74 19
60 75 12
60 76 18
60 77 2
60 78 5
60 79 16
60 80 4
60 81 12
60 82 15
60 83 19
60 84 16
60 85 11
60 86 4
60 87 17
60 88 20
60 89 18
60 90 13
60 91 18
60 92 16
60 93 18
60 94 11
60 95 19
60 96 5
60 97 10
60 98 8
60 99 13
61 0 2
61 1 1
61 2 13
61 3 17
61 4 2
61 5 14
61 6 12
61 7 12
61 8 20
61 9 16
61 10 11
61 11 15
61 12 11
61 13 4
61 14 6
61 15 5
61 16 3
61 17 20
61 18 12
61 19 1
61 20 13
61 21 14
61 22 20
61 23 15
61 24 8
61 25 4
61 26 15
61 27 14
61 28 19
61 29 7
61 30 13
61 31 7
61 32 8
61 33 19
61 34 5
61 35 11
61 36 9
61 37 10
61 38 19
61 39 11
61 40 8
61 41 9
61 42 7
61 43 14
61 44 18
61 45 10
61 46 12
61 47 11
61 48 3
61 49 11
61 50 5
61 51 16
61 52 14
61 53 3
61 54 20
61 55 5
61 56 8
61 57 7
61 58 20
61 59 5
61 60 4
61 62 19
61 63 9
61 64 4
61 65 17
61 66 2
61 67 17
61 68 4
61 69 12
61 70 2
61 71 2
61 72 19
61 73 12
61 74 9
61 75 11
61 76 16
61 77 3
61 78 4
61 79 16
61 80 8
61 81 18
61 82 6
61 83 13
61 84 16
61 85 13
61 86 1
61 87 13
61 88 16
61 89 4
61 90 3
61 91 17
61 92 6
61 93 18
61 94 9
61 95 14
61 96 7
61 97 17
61 98 13
61 99 18
62 0 7
62 1 13
62 2 7
62 3 7
62 4 17
62 5 9
62 6 5
62 7 8
62 8 17
62 9 10
62 10 18
62 11 8
62 12 10
62 13 19
62 14 1
62 15 14
62 16 2
62 17 10
62 18 13
62 19 16
62 20 10
62 21 17
62 22 19
62 23 1
62 24 12
62 25 11
62 26 5
62 27 10
62 28 3
62 29 20
62 30 6
62 31 12
62 32 9
62 33 6
62 34 6
62 35 8
62 36 8
62 37 11
62 38 19
62 39 9
62 40 16
62 41 11
62 42 5
62 43 19
62 44 10
62 45 10
62 46 18
62 47 11
62 48 16
62 49 4
62 50 15
62 51 2
62 52 19
62 53 17
62 54 12
62 55 20
62 56 16
62 57 12
62 58 17
62 59 6
62 60 19
62 61 20
62 63 8
62 64 9
62 65 19
62 66 7
62 67 11
62 68 5
62 69 13
62 70 7
62 71 9
62 72 2
62 73 11
62 74 3
62 75 1
62 76 15
62 77 7
62 78 13
62 79 10
62 80 2
62 81 4
62 82 20
62 83 2
62 84 18
62 85 7
62 86 3
62 87 16
62 88 3
62 89 12
62 90 13
62 91 17
62 92 12
62 93 3
62 94 1
62 95 3
62 96 5
62 97 5
62 98 13
62 99 12
63 0 16
63 1 14
63 2 17
63 3 18
63 4 12
63 5 13
63 6 17
63 7 19
63 8 19
63 9 16
63 10 16
63 11 2
63 12 1
63 13 4
63 14 17
63 15 19
63 16 4
63 17 1
63 18 17
63 19 15
63 20 3
63 21 13
63 22 7
63 23 20
63 24 16
63 25 3
63 26 19
63 27 7
63 28 12
63 29 4
63 30 8
63 31 6
63 32 16
63 33 6
63 34 16
63 35 17
63 36 14
63 37 19
63 38 13
63 39 5
63 40 11
63 41 14
63 42 4
63 43 16
63 44 17
63 45 1
63 46 10
63 47 10
63 48 13
63 49 1
63 50 3
63 51 9
63 52 18
63 53 1
63 54 7
63 55 12
63 56 3
63 57 8
63 58 16
63 59 18
63 60 14
63 61 15
63 62 5
63 64 5
63 65 6
63 66 15
63 67 16
63 68 13
63 69 1
63 70 15
63 71 10
63 72 19
63 73 16
63 74 15
63 75 20
63 76 19
63 77 6
63 78 2
63 79 5
63 80 17
63 81 12
63 82 12
63 83 16
63 84 8
63 85 1
63 86 12
63 87 14
63 88 12
63 89 14
63 90 4
63 91 14
63 92 19
63 93 14
63 94 10
63 95 7
63 96 16
63 97 14
63 98 8
63 99 14
64 0 9
64 1 20
64 2 13
64 3 20
64 4 19
64 5 2
64 6 11
64 7 2
64 8 6
64 9 8
64 10 16
64 11 3
64 12 16
64 13 3
64 14 16
64 15 7
64 16 11
64 17 14
64 18 4
64 19 1
64 20 15
64 21 15
64 22 15
64 23 9
64 24 16
64 25 6
64 26 18
64 27 17
64 28 12
64 29 11
64 30 6
64 31 18
64 32 18
64 33 11
64 34 12
64 35 8
64 36 10
64 37 15
64 38 13
64 39 5
64 40 12
64 41 7
64 42 11
64 43 2
64 44 18
64 45 11
64 46 16
64 47 2
64 48 20
64 49 13
64 50 11
64 51 13
64 52 3
64 53 9
64 54 2
64 55 18
64 56 3
64 57 2
64 58 5
64 59 7
64 60 10
64 61 18
64 62 13
64 63 13
64 65 15
64 66 13
64 67 4
64 68 9
64 69 10
64 70 1
64 71 2
64 72 7
64 73 17
64 74 2
64 75 18
64 76 4
64 77 10
64 78 9
64 79 17
64 80 5
64 81 13
64 82 13
64 83 18
64 84 17
64 85 17
64 86 20
64 87 11
64 88 15
64 89 11
64 90 1
64 91 7
64 92 18
64 93 2
64 94 10
64 95 2
64 96 15
64 97 2
64 98 9
64 99 10
65 0 13
65 1 11
65 2 9
65 3 11
65 4 18
65 5 14
65 6 15
65 7 11
65 8 17
65 9 3
65 10 4
65 11 13
65 12 8
65 13 15
65 14 12
65 15 18
65 16 13
65 17 10
65 18 18
65 19 13
65 20 9
65 21 3
65 22 2
65 23 7
65 24 14
65 25 3
65 26 5
65 27 4
65 28 4
65 29 6
65 30 7
65 31 2
65 32 19
65 33 11
65 34 4
65 35 20
65 36 19
65 37 14
65 38 14
65 39 14
65 40 7
65 41 16
65 42 13
65 43 6
65 44 15
65 45 12
65 46 18
65 47 20
65 48 3
65 49 1
65 50 14
65 51 11
65 52 10
65 53 14
65 54 5
65 55 7
65 56 6
65 57 7
65 58 4
65 59 15
65 60 12
65 61 9
65 62 20
65 63 15
65 64 3
65 66 3
65 67 12
65 68 17
65 69 3
65 70 20
65 71 17
65 72 8
65 73 9
65 74 9
65 75 7
65 76 14
65 77 17
65 78 12
65 79 16
65 80 14
65 81 20
65 82 8
65 83 14
65 84 8
65 85 3
65 86 18
65 87 15
65 88 4
65 89 18
65 90 14
65 91 11
65 92 19
65 93 13
65 94 12
65 95 17
65 96 3
65 97 3
65 98 19
65 99 11
66 0 12
66 1 13
66 2 10
66 3 1
66 4 19
66 5 17
66 6 3
66 7 5
66 8 8
66 9 3
66 10 5
66 11 6
66 12 11
66 13 4
66 14 15
66 15 1
66 16 7
66 17 11
66 18 14
66 19 16
66 20 13
66 21 16
66 22 5
66 23 18
66 24 1
66 25 3
66 26 8
66 27 11
66 28 16
66 29 2
66 30 1
66 31 3
66 32 2
66 33 20
66 34 8
66 35 7
66 36 17
66 37 3
66 38 1
66 39 1
66 40 5
66 41 16
66 42 1
66 43 20
66 44 12
66 45 13
66 46 16
66 47 9
66 48 14
66 49 18
66 50 11
66 51 17
66 52 5
66 53 13
66 54 13
66 55 10
66 56 3
66 57 4
66 58 6
66 59 4
66 60 20
66 61 12
66 62 20
66 63 15
66 64 9
66 65 17
66 67 18
66 68 8
66 69 17
66 70 19
66 71 3
66 72 1
66 73 6
66 74 9
66 75 10
66 76 13
66 77 4
66 78 12
66 79 11
66 80 17
66 81 4
66 82 16
66 83 18
66 84 12
66 85 19
66 86 14
66 87 20
66 88 16
66 89 9
66 90 12
66 91 16
66 92 13
66 93 2
66 94 20
66 95 11
66 96 19
66 97 11
66 98 3
66 99 13
67 0 15
67 1 1
67 2 14
67 3 20
67 4 6
67 5 11
67 6 3
67 7 16
67 8 5
67 9 1
67 10 4
67 11 4
67 12 6
67 13 5
67 14 12
67 15 2
67 16 20
67 17 17
67 18 20
67 19 15
67 20 10
67 21 7
67 22 6
67 23 1
67 24 2
67 25 17
67 26 5
67 27 2
67 28 4
67 29 18
67 30 4
67 31 19
67 32 15
67 33 14
67 34 5
67 35 3
67 36 20
67 37 15
67 38 15
67 39 3
67 40 1
67 41 12
67 42 10
67 43 2
67 44 13
67 45 9
67 46 6
67 47 16
67 48 7
67 49 16
67 50 11
67 51 5
67 52 8
67 53 5
67 54 5
67 55 6
67 56 5
67 57 13
67 58 3
67 59 19
67 60 17
67 61 13
67 62 10
67 63 15
67 64 8
67 65 7
67 66 1
67 68 1
67 69 18
67 70 16
67 71 4
67 72 1
67 73 6
67 74 19
67 75 6
67 76 14
67 77 9
67 78 4
67 79 15
67 80 13
67 81 7
67 82 7
67 83 20
67 84 2
67 85 13
67 86 8
67 87 11
67 88 8
67 89 19
67 90 4
67 91 20
67 92 13
67 93 20
67 94 20
67 95 13
67 96 10
67 97 10
67 98 18
67 99 6
68 0 11
68 1 1
68 2 12
68 3 7
68 4 3
68 5 8
68 6 8
68 7 15
68 8 3
68 9 19
68 10 19
68 11 14
68 12 15
68 13 19
68 14 14
68 15 14
68 16 11
68 17 8
68 18 12
68 19 2
68 20 14
68 21 14
68 22 17
68 23 17
68 24 6
68 25 5
68 26 1
68 27 6
68 28 17
68 29 10
68 30 14
68 31 7
68 32 15
68 33 10
68 34 3
68 35 2
68 36 13
68 37 6
68 38 19
68 39 13
68 40 10
68 41 9
68 42 7
68 43 19
68 44 3
68 45 1
68 46 6
68 47 17
68 48 5
68 49 19
68 50 2
68 51 8
68 52 5
68 53 19
68 54 1
68 55 16
68 56 2
68 57 16
68 58 18
68 59 16
68 60 6
68 61 10
68 62 16
68 63 18
68 64 18
68 65 7
68 66 2
68 67 6
68 69 11
68 70 5
68 71 7
68 72 17
68 73 11
68 74 13
68 75 16
68 76 14
68 77 17
68 78 11
68 79 20
68 80 11
68 81 3
68 82 11
68 83 10
68 84 7
68 85 18
68 86 10
68 87 3
68 88 3
68 89 3
68 90 16
68 91 20
68 92 12
68 93 20
68 94 20
68 95 7
68 96 6
68 97 9
68 98 17
68 99 2
69 0 10
69 1 5
69 2 17
69 3 2
69 4 12
69 5 1
69 6 12
69 7 11
69 8 7
69 9 12
69 10 15
69 11 7
69 12 2
69 13 20
69 14 9
69 15 10
69 16 2
69 17 12
69 18 2
69 19 11
69 20 16
69 21 6
69 22 10
69 23 4
69 24 4
69 25 15
69 26 19
69 27 12
69 28 9
69 29 10
69 30 14
69 31 9
69 32 19
69 33 11
69 34 16
69 35 20
69 36 9
69 37 6
69 38 11
69 39 11
69 40 5
69 41 10
69 42 6
69 43 10
69 44 18
69 45 7
69 46 14
69 47 6
69 48 13
69 49 6
69 50 19
69 51 2
69 52 3
69 53 14
69 54 18
69 55 12
69 56 9
69 57 1
69 58 12
69 59 19
69 60 20
69 61 14
69 62 11
69 63 5
69 64 16
69 65 6
69 66 15
69 67 11
69 68 14
69 70 16
69 71 20
69 72 18
69 73 6
69 74 1
69 75 10
69 76 7
69 77 4
69 78 5
69 79 19
69 80 4
69 81 18
69 82 16
69 83 20
69 84 2
69 85 10
69 86 2
69 87 6
69 88 8
69 89 20
69 90 7
69 91 8
69 92 8
69 93 7
69 94 10
69 95 11
69 96 10
69 97 14
69 98 7
69 99 5
70 0 12
70 1 6
70 2 18
70 3 11
70 4 6
70 5 19
70 6 5
70 7 12
70 8 8
70 9 6
70 10 8
70 11 17
70 12 20
70 13 19
70 14 6
70 15 10
70 16 18
70 17 6
70 18 1
70 19 19
70 20 1
70 21 10
70 22 5
70 23 6
70 24 11
70 25 20
70 26 17
70 27 17
70 28 1
70 29 17
70 30 19
70 31 18
70 32 15
70 33 13
70 34 4
70 35 20
70 36 16
70 37 13
70 38 4
70 39 7
70 40 12
70 41 2
70 42 2
70 43 7
70 44 19
70 45 5
70 46 17
70 47 11
70 48 16
70 49 18
70 50 11
70 51 9
70 52 16
70 53 20
70 54 20
70 55 3
70 56 13
70 57 14
70 58 20
70 59 2
70 60 14
70 61 4
70 62 14
70 63 19
70 64 17
70 65 3
70 66 15
70 67 3
70 68 16
70 69 10
70 71 8
70 72 5
70 73 4
70 74 14
70 75 20
70 76 9
70 77 20
70 78 13
70 79 12
70 80 5
70 81 9
70 82 2
70 83 17
70 84 12
70 85 15
70 86 18
70 87 7
70 88 2
70 89 19
70 90 12
70 91 12
70 92 4
70 93 19
70 94 16
70 95 9
70 96 18
70 97 13
70 98 11
70 99 20
71 0 16
71 1 19
71 2 19
71 3 2
71 4 18
71 5 13
71 6 12
71 7 16
71 8 14
71 9 5
71 10 20
71 11 7
71 12 13
71 13 18
71 14 10
71 15 16
71 16 9
71 17 11
71 18 15
71 19 16
71 20 8
71 21 19
71 22 12
71 23 17
71 24 19
71 25 3
71 26 16
71 27 7
71 28 9
71 29 17
71 30 9
71 31 17
71 32 8
71 33 2
71 34 5
71 35 7
71 36 7
71 37 8
71 38 4
71 39 9
71 40 12
71 41 4
71 42 1
71 43 7
71 44 12
71 45 9
71 46 16
71 47 3
71 48 12
71 49 3
71 50 20
71 51 17
71 52 14
71 53 5
71 54 15
71 55 6
71 56 7
71 57 3
71 58 2
71 59 16
71 60 6
71 61 8
71 62 15
71 63 7
71 64 11
71 65 19
71 66 17
71 67 5
71 68 2
71 69 13
71 70 11
71 72 1
71 73 13
71 74 13
71 75 8
71 76 3
71 77 3
71 78 18
71 79 4
71 80 4
71 81 8
71 82 10
71 83 4
71 84 20
71 85 6
71 86 6
71 87 10
71 88 19
71 89 15
71 90 17
71 91 15
71 92 12
71 93 14
71 94 11
71 95 5
71 96 12
71 97 8
71 98 18
71 99 1
72 0 3
72 1 18
72 2 12
72 3 1
72 4 10
72 5 13
72 6 20
72 7 10
72 8 13
72 9 18
72 10 4
72 11 15
72 12 6
72 13 13
72 14 12
72 15 2
72 16 9
72 17 16
72 18 15
72 19 9
72 20 14
72 21 7
72 22 17
72 23 10
72 24 6
72 25 15
72 26 17
72 27 6
72 28 1
72 29 12
72 30 14
72 31 16
72 32 16
72 33 2
72 34 17
72 35 11
72 36 12
72 37 4
72 38 10
72 39 15
72 40 10
72 41 1
72 42 19
72 43 17
72 44 1
72 45 13
72 46 18
72 47 8
72 48 4
72 49 10
72 50 12
72 51 2
72 52 3
72 53 17
72 54 16
72 55 7
72 56 3
72 57 20
72 58 3
72 59 10
72 60 7
72 61 19
72 62 15
72 63 15
72 64 18
72 65 10
72 66 11
72 67 16
72 68 17
72 69 12
72 70 10
72 71 12
72 73 13
72 74 10
72 75 18
72 76 14
72 77 12
72 78 4
72 79 10
72 80 15
72 81 16
72 82 9
72 83 20
72 84 3
72 85 6
72 86 11
72 87 3
72 88 7
72 89 12
72 90 19
72 91 9
72 92 3
72 93 6
72 94 9
72 95 11
72 96 4
72 97 11
72 98 5
72 99 8
73 0 4
73 1 9
73 2 3
73 3 4
73 4 10
73 5 7
73 6 16
73 7 4
73 8 17
73 9 17
73 10 6
73 11 7
73 12 19
73 13 11
73 14 15
73 15 5
73 16 11
73 17 10
73 18 9
73 19 5
73 20 20
73 21 13
73 22 10
73 23 6
73 24 5
73 25 4
73 26 3
73 27 2
73 28 9
73 29 8
73 30 2
73 31 11
73 32 10
73 33 4
73 34 18
73 35 18
73 36 4
73 37 20
73 38 9
73 39 19
73 40 5
73 41 2
73 42 16
73 43 11
73 44 11
73 45 6
73 46 4
73 47 11
73 48 4
73 49 15
73 50 7
73 51 9
73 52 5
73 53 17
73 54 5
73 55 19
73 56 3
73 57 10
73 58 4
73 59 17
73 60 10
73 61 11
73 62 6
73 63 9
73 64 13
73 65 19
73 66 18
73 67 1
73 68 14
73 69 16
73 70 4
73 71 13
73 72 1
73 74 11
73 75 10
73 76 1
73 77 9
73 78 6
73 79 11
73 80 20
73 81 18
73 82 17
73 83 8
73 84 4
73 85 7
73 86 13
73 87 17
73 88 20
73 89 14
73 90 9
73 91 4
73 92 1
73 93 6
73 94 20
73 95 4
73 96 14
73 97 15
73 98 16
73 99 1
74 0 10
74 1 14
74 2 9
74 3 1
74 4 2
74 5 5
74 6 8
74 7 20
74 8 2
74 9 12
74 10 11
74 11 2
74 12 6
74 13 19
74 14 13
74 15 5
74 16 3
74 17 8
74 18 5
74 19 8
74 20 14
74 21 5
74 22 6
74 23 5
74 24 1
74 25 7
74 26 9
74 27 10
74 28 18
74 29 1
74 30 5
74 31 16
74 32 13
74 33 16
74 34 5
74 35 1
74 36 11
74 37 5
74 38 20
74 39 14
74 40 2
74 41 11
74 42 8
74 43 11
74 44 13
74 45 3
74 46 9
74 47 3
74 48 10
74 49 5
74 50 11
74 51 15
74 52 16
74 53 20
74 54 4
74 55 6
74 56 6
74 57 19
74 58 12
74 59 3
74 60 1
74 61 19
74 62 9
74 63 11
74 64 10
74 65 8
74 66 6
74 67 11
74 68 2
74 69 20
74 70 19
74 71 14
74 72 9
74 73 20
74 75 7
74 76 17
74 77 3
74 78 19
74 79 3
74 80 17
74 81 10
74 82 3
74 83 3
74 84 13
74 85 2
74 86 8
74 87 2
74 88 7
74 89 18
74 90 8
74 91 17
74 92 18
74 93 18
74 94 5
74 95 18
74 96 14
74 97 10
74 98 4
74 99 11
75 0 19
75 1 12
75 2 18
75 3 9
75 4 18
75 5 12
75 6 19
75 7 8
75 8 5
75 9 8
75 10 9
75 11 19
75 12 4
75 13 10
75 14 8
75 15 2
75 16 3
75 17 6
75 18 6
75 19 12
75 20 16
75 21 1
75 22 1
75 23 10
75 24 16
75 25 6
75 26 9
75 27 1
75 28 2
75 29 19
75 30 13
75 31 13
75 32 7
75 33 11
75 34 5
75 35 20
75 36 12
75 37 6
75 38 20
75 39 16
75 40 10
75 41 1
75 42 5
75 43 6
75 44 5
75 45 10
75 46 4
75 47 11
75 48 9
75 49 18
75 50 8
75 51 17
75 52 13
75 53 2
75 54 15
75 55 6
75 56 3
75 57 14
75 58 5
75 59 5
75 60 10
75 61 13
75 62 7
75 63 7
75 64 8
75 65 20
75 66 6
75 67 12
75 68 15
75 69 2
75 70 2
75 71 6
75 72 8
75 73 18
75 74 7
75 76 16
75 77 10
75 78 14
75 79 8
75 80 18
75 81 2
75 82 13
75 83 19
75 84 11
75 85 18
75 86 17
75 87 11
75 88 8
75 89 1
75 90 16
75 91 12
75 92 11
75 93 8
75 94 1
75 95 16
75 96 4
75 97 4
75 98 9
75 99 7
76 0 12
76 1 4
76 2 15
76 3 11
76 4 11
76 5 10
76 6 8
76 7 17
76 8 10
76 9 14
76 10 13
76 11 18
76 12 15
76 13 15
76 14 7
76 15 16
76 16 7
76 17 19
76 18 9
76 19 3
76 20 8
76 21 5
76 22 1
76 23 6
76 24 20
76 25 3
76 26 5
76 27 17
76 28 11
76 29 9
76 30 2
76 31 16
76 32 4
76 33 8
76 34 8
76 35 2
76 36 10
76 37 13
76 38 15
76 39 7
76 40 18
76 41 18
76 42 8
76 43 6
76 44 5
76 45 18
76 46 7
76 47 16
76 48 3
76 49 1
76 50 4
76 51 5
76 52 4
76 53 2
76 54 3
76 55 20
76 56 3
76 57 14
76 58 10
76 59 6
76 60 19
76 61 14
76 62 15
76 63 8
76 64 7
76 65 19
76 66 12
76 67 3
76 68 5
76 69 1
76 70 13
76 71 12
76 72 12
76 73 18
76 74 4
76 75 18
76 77 16
76 78 4
76 79 19
76 80 13
76 81 3
76 82 18
76 83 2
76 84 18
76 85 19
76 86 11
76 87 6
76 88 10
76 89 5
76 90 5
76 91 16
76 92 12
76 93 6
76 94 18
76 95 16
76 96 13
76 97 5
76 98 5
76 99 1
77 0 15
77 1 10
77 2 1
77 3 14
77 4 9
77 5 7
77 6 19
77 7 11
77 8 17
77 9 16
77 10 9
77 11 17
77 12 10
77 13 18
77 14 12
77 15 4
77 16 17
77 17 15
77 18 6
77 19 8
77 20 4
77 21 13
77 22 4
77 23 18
77 24 16
77 25 1
77 26 6
77 27 2
77 28 9
77 29 16
77 30 14
77 31 3
77 32 3
77 33 4
77 34 3
77 35 12
77 36 18
77 37 7
77 38 7
77 39 15
77 40 9
77 41 11
77 42 5
77 43 2
77 44 5
77 45 16
77 46 20
77 47 20
77 48 20
77 49 2
77 50 4
77 51 4
77 52 8
77 53 3
77 54 4
77 55 11
77 56 9
77 57 19
77 58 2
77 59 19
77 60 14
77 61 3
77 62 8
77 63 5
77 64 18
77 65 1
77 66 16
77 67 6
77 68 14
77 69 19
77 70 9
77 71 11
77 72 10
77 73 2
77 74 6
77 75 19
77 76 16
77 78 13
77 79 2
77 80 8
77 81 9
77 82 6
77 83 16
77 84 11
77 85 2
77 86 19
77 87 8
77 88 16
77 89 4
77 90 13
77 91 5
77 92 14
77 93 20
77 94 8
77 95 7
77 96 4
77 97 6
77 98 15
77 99 19
78 0 4
78 1 19
78 2 1
78 3 12
78 4 18
78 5 1
78 6 4
78 7 10
78 8 2
78 9 11
78 10 15
78 11 16
78 12 14
78 13 17
78 14 16
78 15 16
78 16 7
78 17 19
78 18 10
78 19 2
78 20 19
78 21 13
78 22 13
78 23 10
78 24 9
78 25 12
78 26 6
78 27 5
78 28 10
78 29 15
78 30 20
78 31 6
78 32 4
78 33 6
78 34 19
78 35 5
78 36 1
78 37 11
78 38 1
78 39 10
78 40 19
78 41 4
78 42 15
78 43 11
78 44 8
78 45 13
78 46 1
78 47 12
78 48 10
78 49 9
78 50 6
78 51 3
78 52 2
78 53 19
78 54 17
78 55 1
78 56 15
78 57 8
78 58 16
78 59 20
78 60 11
78 61 3
78 62 8
78 63 20
78 64 17
78 65 8
78 66 4
78 67 5
78 68 9
78 69 8
78 70 13
78 71 20
78 72 13
78 73 7
78 74 14
78 75 1
78 76 4
78 77 17
78 79 7
78 80 2
78 81 9
78 82 6
78 83 2
78 84 6
78 85 16
78 86 19
78 87 7
78 88 16
78 89 10
78 90 3
78 91 8
78 92 4
78 93 15
78 94 6
78 95 1
78 96 10
78 97 8
78 98 2
78 99 9
79 0 20
79 1 8
79 2 15
79 3 5
79 4 10
79 5 14
79 6 10
79 7 7
79 8 5
79 9 2
79 10 2
79 11 18
79 12 7
79 13 2
79 14 20
79 15 5
79 16 1
79 17 14
79 18 4
79 19 4
79 20 6
79 21 4
79 22 4
79 23 8
79 24 20
79 25 7
79 26 13
79 27 7
79 28 17
79 29 18
79 30 1
79 31 19
79 32 16
79 33 7
79 34 18
79 35 12
79 36 19
79 37 2
79 38 10
79 39 11
79 40 18
79 41 4
79 42 18
79 43 5
79 44 15
79 45 13
79 46 8
79 47 9
79 48 2
79 49 11
79 50 1
79 51 14
79 52 10
79 53 17
79 54 16
79 55 16
79 56 11
79 57 13
79 58 16
79 59 11
79 60 11
79 61 5
79 62 19
79 63 1
79 64 14
79 65 12
79 66 2
79 67 14
79 68 2
79 69 3
79 70 19
79 71 16
79 72 2
79 73 20
79 74 3
79 75 12
79 76 10
79 77 2
79 78 14
79 80 13
79 81 10
79 82 5
79 83 4
79 84 3
79 85 20
79 86 14
79 87 14
79 88 19
79 89 18
79 90 20
79 91 5
79 92 9
79 93 9
79 94 6
79 95 18
79 96 14
79 97 17
79 98 6
79 99 13
80 0 17
80 1 4
80 2 20
80 3 16
80 4 16
80 5 11
80 6 8
80 7 11
80 8 18
80 9 12
80 10 7
80 11 3
80 12 3
80 13 2
80 14 19
80 15 9
80 16 8
80 17 14
80 18 16
80 19 5
80 20 8
80 21 12
80 22 8
80 23 20
80 24 2
80 25 14
80 26 17
80 27 9
80 28 12
80 29 7
80 30 13
80 31 15
80 32 12
80 33 16
80 34 7
80 35 7
80 36 3
80 37 20
80 38 8
80 39 5
80 40 5
80 41 15
80 42 13
80 43 2
80 44 20
80 45 18
80 46 12
80 47 9
80 48 14
80 49 8
80 50 12
80 51 17
80 52 8
80 53 14
80 54 5
80 55 12
80 56 4
80 57 19
80 58 20
80 59 13
80 60 2
80 61 11
80 62 3
80 63 15
80 64 9
80 65 17
80 66 8
80 67 19
80 68 17
80 69 20
80 70 7
80 71 16
80 72 19
80 73 16
80 74 11
80 75 14
80 76 19
80 77 19
80 78 1
80 79 6
80 81 20
80 82 16
80 83 10
80 84 17
80 85 16
80 86 14
80 87 2
80 88 6
80 89 19
80 90 18
80 91 2
80 92 12
80 93 7
80 94 15
80 95 12
80 96 3
80 97 17
80 98 12
80 99 8
81 0 13
81 1 1
81 2 11
81 3 18
81 4 11
81 5 2
81 6 3
81 7 17
81 8 12
81 9 9
81 10 12
81 11 1
81 12 16
81 13 11
81 14 15
81 15 3
81 16 13
81 17 5
81 18 10
81 19 12
81 20 8
81 21 2
81 22 8
81 23 1
81 24 11
81 25 11
81 26 10
81 27 5
81 28 17
81 29 7
81 30 20
81 31 17
81 32 19
81 33 2
81 34 10
81 35 9
81 36 7
81 37 5
81 38 17
81 39 19
81 40 2
81 41 15
81 42 5
81 43 9
81 44 11
81 45 4
81 46 14
81 47 14
81 48 2
81 49 7
81 50 3
81 51 7
81 52 13
81 53 6
81 54 11
81 55 2
81 56 13
81 57 7
81 58 8
81 59 18
81 60 7
81 61 8
81 62 18
81 63 20
81 64 2
81 65 1
81 66 9
81 67 11
81 68 6
81 69 3
81 70 20
81 71 14
81 72 7
81 73 2
81 74 8
81 75 15
81 76 11
81 77 19
81 78 3
81 79 6
81 80 17
81 82 13
81 83 7
81 84 18
81 85 20
81 86 5
81 87 14
81 88 11
81 89 15
81 90 8
81 91 17
81 92 16
81 93 20
81 94 8
81 95 8
81 96 14
81 97 11
81 98 12
81 99 6
82 0 19
82 1 1
82 2 20
82 3 9
82 4 15
82 5 19
82 6 8
82 7 6
82 8 14
82 9 16
82 10 9
82 11 11
82 12 11
82 13 5
82 14 18
82 15 8
82 16 3
82 17 12
82 18 19
82 19 14
82 20 16
82 21 5
82 22 17
82 23 3
82 24 16
82 25 6
82 26 9
82 27 5
82 28 2
82 29 6
82 30 15
82 31 7
82 32 18
82 33 6
82 34 13
82 35 6
82 36 6
82 37 19
82 38 8
82 39 19
82 40 20
82 41 1
82 42 15
82 43 17
82 44 17
82 45 14
82 46 18
82 47 9
82 48 8
82 49 17
82 50 6
82 51 6
82 52 4
82 53 17
82 54 13
82 55 12
82 56 5
82 57 3
82 58 19
82 59 2
82 60 1
82 61 13
82 62 15
82 63 5
82 64 4
82 65 2
82 66 8
82 67 8
82 68 8
82 69 12
82 70 15
82 71 19
82 72 10
82 73 14
82 74 18
82 75 5
82 76 1
82 77 17
82 78 17
82 79 19
82 80 4
82 81 3
82 83 3
82 84 3
82 85 1
82 86 13
82 87 7
82 88 9
82 89 3
82 90 14
82 91 18
82 92 13
82 93 9
82 94 20
82 95 20
82 96 2
82 97 3
82 98 7
82 99 12
83 0 11
83 1 10
83 2 7
83 3 15
83 4 6
83 5 13
83 6 13
83 7 14
83 8 19
83 9 8
83 10 5
83 11 17
83 12 19
83 13 12
83 14 13
83 15 16
83 16 12
83 17 3
83 18 17
83 19 2
83 20 5
83 21 12
83 22 3
83 23 4
83 24 2
83 25 5
83 26 14
83 27 2
83 28 4
83 29 2
83 30 18
83 31 15
83 32 15
83 33 5
83 34 20
83 35 5
83 36 20
83 37 2
83 38 15
83 39 14
83 40 2
83 41 13
83 42 3
83 43 7
83 44 7
83 45 1
83 46 7
83 47 4
83 48 18
83 49 13
83 50 17
83 51 20
83 52 12
83 53 2
83 54 20
83 55 6
83 56 13
83 57 19
83 58 4
83 59 15
83 60 8
83 61 12
83 62 3
83 63 11
83 64 9
83 65 20
83 66 12
83 67 2
83 68 15
83 69 12
83 70 12
83 71 3
83 72 4
83 73 3
83 74 14
83 75 2
83 76 11
83 77 9
83 78 4
83 79 7
83 80 7
83 81 7
83 82 14
83 84 8
83 85 16
83 86 17
83 87 14
83 88 8
83 89 20
83 90 13
83 91 10
83 92 14
83 93 9
83 94 7
83 95 19
83 96 11
83 97 3
83 98 14
83 99 20
84 0 20
84 1 20
84 2 8
84 3 9
84 4 9
84 5 5
84 6 9
84 7 8
84 8 17
84 9 6
84 10 16
84 11 14
84 12 10
84 13 1
84 14 13
84 15 19
84 16 10
84 17 12
84 18 5
84 19 20
84 20 9
84 21 18
84 22 19
84 23 6
84 24 20
84 25 2
84 26 2
84 27 2
84 28 14
84 29 16
84 30 16
84 31 18
84 32 12
84 33 11
84 34 6
84 35 2
84 36 11
84 37 9
84 38 10
84 39 10
84 40 4
84 41 7
84 42 1
84 43 20
84 44 19
84 45 16
84 46 17
84 47 20
84 48 3
84 49 20
84 50 7
84 51 7
84 52 9
84 53 13
84 54 8
84 55 20
84 56 16
84 57 11
84 58 18
84 59 12
84 60 20
84 61 20
84 62 18
84 63 17
84 64 5
84 65 20
84 66 2
84 67 6
84 68 5
84 69 12
84 70 13
84 71 2
84 72 3
84 73 11
84 74 2
84 75 1
84 76 3
84 77 12
84 78 8
84 79 12
84 80 8
84 81 4
84 82 2
84 83 20
84 85 11
84 86 14
84 87 14
84 88 2
84 89 19
84 90 11
84 91 11
84 92 15
84 93 4
84 94 20
84 95 4
84 96 9
84 97 20
84 98 2
84 99 6
85 0 9
85 1 7
85 2 11
85 3 18
85 4 18
85 5 5
85 6 1
85 7 7
85 8 5
85 9 6
85 10 8
85 11 9
85 12 2
85 13 9
85 14 18
85 15 11
85 16 11
85 17 3
85 18 3
85 19 8
85 20 4
85 21 2
85 22 13
85 23 3
85 24 12
85 25 19
85 26 1
85 27 19
85 28 14
85 29 7
85 30 9
85 31 3
85 32 2
85 33 17
85 34 8
85 35 4
85 36 9
85 37 17
85 38 16
85 39 10
85 40 9
85 41 16
85 42 3
85 43 7
85 44 12
85 45 15
85 46 20
85 47 3
85 48 7
85 49 12
85 50 18
85 51 1
85 52 2
85 53 7
85 54 15
85 55 20
85 56 2
85 57 10
85 58 12
85 59 9
85 60 6
85 61 14
85 62 10
85 63 18
85 64 5
85 65 9
85 66 7
85 67 12
85 68 11
85 69 3
85 70 1
85 71 8
85 72 15
85 73 11
85 74 20
85 75 9
85 76 18
85 77 16
85 78 7
85 79 20
85 80 4
85 81 9
85 82 9
85 83 16
85 84 15
85 86 19
85 87 18
85 88 5
85 89 1
85 90 15
85 91 2
85 92 3
85 93 10
85 94 7
85 95 5
85 96 17
85 97 18
85 98 3
85 99 20
86 0 15
86 1 7
86 2 2
86 3 16
86 4 2
86 5 8
86 6 18
86 7 9
86 8 7
86 9 20
86 10 15
86 11 6
86 12 16
86 13 4
86 14 8
86 15 19
86 16 17
86 17 11
86 18 5
86 19 5
86 20 1
86 21 17
86 22 2
86 23 1
86 24 14
86 25 8
86 26 1
86 27 11
86 28 3
86 29 4
86 30 7
86 31 14
86 32 9
86 33 14
86 34 14
86 35 13
86 36 12
86 37 17
86 38 13
86 39 2
86 40 8
86 41 8
86 42 7
86 43 9
86 44 9
86 45 13
86 46 4
86 47 6
86 48 8
86 49 16
86 50 17
86 51 18
86 52 12
86 53 4
86 54 17
86 55 6
86 56 5
86 57 11
86 58 10
86 59 1
86 60 12
86 61 3
86 62 14
86 63 10
86 64 9
86 65 20
86 66 2
86 67 1
86 68 17
86 69 19
86 70 15
86 71 16
86 72 13
86 73 2
86 74 11
86 75 15
86 76 1
86 77 2
86 78 6
86 79 11
86 80 2
86 81 14
86 82 5
86 83 20
86 84 4
86 85 9
86 87 7
86 88 15
86 89 6
86 90 7
86 91 6
86 92 6
86 93 18
86 94 16
86 95 10
86 96 13
86 97 20
86 98 16
86 99 18
87 0 16
87 1 13
87 2 20
87 3 8
87 4 9
87 5 19
87 6 5
87 7 12
87 8 6
87 9 10
87 10 16
87 11 17
87 12 2
87 13 18
87 14 18
87 15 10
87 16 14
87 17 18
87 18 9
87 19 16
87 20 3
87 21 3
87 22 9
87 23 4
87 24 9
87 25 18
87 26 18
87 27 20
87 28 17
87 29 14
87 30 5
87 31 11
87 32 5
87 33 16
87 34 16
87 35 4
87 36 3
87 37 6
87 38 11
87 39 20
87 40 9
87 41 17
87 42 4
87 43 1
87 44 2
87 45 18
87 46 12
87 47 8
87 48 11
87 49 14
87 50 14
87 51 16
87 52 4
87 53 14
87 54 17
87 55 4
87 56 6
87 57 9
87 58 19
87 59 5
87 60 7
87 61 19
87 62 6
87 63 5
87 64 1
87 65 12
87 66 15
87 67 13
87 68 1
87 69 5
87 70 7
87 71 15
87 72 3
87 73 18
87 74 19
87 75 7
87 76 20
87 77 19
87 78 4
87 79 15
87 80 17
87 81 18
87 82 19
87 83 16
87 84 3
87 85 20
87 86 17
87 88 9
87 89 18
87 90 10
87 91 17
87 92 10
87 93 16
87 94 8
87 95 17
87 96 18
87 97 14
87 98 20
87 99 10
88 0 2
88 1 11
88 2 15
88 3 20
88 4 1
88 5 1
88 6 5
88 7 8
88 8 8
88 9 11
88 10 8
88 11 14
88 12 17
88 13 6
88 14 8
88 15 3
88 16 14
88 17 13
88 18 2
88 19 14
88 20 4
88 21 15
88 22 8
88 23 2
88 24 18
88 25 13
88 26 15
88 27 8
88 28 4
88 29 14
88 30 15
88 31 11
88 32 5
88 33 15
88 34 2
88 35 6
88 36 6
88 37 3
88 38 8
88 39 6
88 40 20
88 41 20
88 42 18
88 43 15
88 44 14
88 45 14
88 46 19
88 47 8
88 48 5
88 49 15
88 50 6
88 51 9
88 52 1
88 53 20
88 54 10
88 55 9
88 56 20
88 57 8
88 58 18
88 59 9
88 60 5
88 61 10
88 62 12
88 63 8
88 64 14
88 65 15
88 66 13
88 67 4
88 68 11
88 69 19
88 70 14
88 71 5
88 72 5
88 73 1
88 74 19
88 75 7
88 76 18
88 77 18
88 78 7
88 79 5
88 80 18
88 81 15
88 82 19
88 83 20
88 84 2
88 85 19
88 86 10
88 87 14
88 89 15
88 90 18
88 91 4
88 92 3
88 93 8
88 94 2
88 95 20
88 96 12
88 97 5
88 98 6
88 99 8
89 0 20
89 1 15
89 2 13
89 3 13
89 4 17
89 5 7
89 6 14
89 7 11
89 8 13
89 9 13
89 10 5
89 11 13
89 12 13
89 13 14
89 14 12
89 15 19
89 16 5
89 17 5
89 18 9
89 19 12
89 20 16
89 21 1
89 22 20
89 23 8
89 24 6
89 25 15
89 26 6
89 27 14
89 28 10
89 29 9
89 30 12
89 31 17
89 32 16
89 33 5
89 34 2
89 35 11
89 36 1
89 37 2
89 38 6
89 39 15
89 40 12
89 41 15
89 42 2
89 43 11
89 44 5
89 45 18
89 46 17
89 47 1
89 48 16
89 49 18
89 50 3
89 51 2
89 52 15
89 53 4
89 54 1
89 55 9
89 56 9
89 57 2
89 58 3
89 59 11
89 60 19
89 61 5
89 62 20
89 63 7
89 64 1
89 65 5
89 66 17
89 67 5
89 68 5
89 69 16
89 70 20
89 71 9
89 72 1
89 73 13
89 74 10
89 75 15
89 76 6
89 77 7
89 78 11
89 79 14
89 80 16
89 81 9
89 82 5
89 83 16
89 84 7
89 85 1
89 86 4
89 87 4
89 88 4
89 90 2
89 91 14
89 92 16
89 93 12
89 94 8
89 95 6
89 96 16
89 97 5
89 98 16
89 99 9
90 0 15
90 1 4
90 2 19
90 3 13
90 4 8
90 5 5
90 6 19
90 7 3
90 8 12
90 9 10
90 10 6
90 11 2
90 12 5
90 13 19
90 14 3
90 15 6
90 16 11
90 17 10
90 18 6
90 19 9
90 20 16
90 21 18
90 22 17
90 23 3
90 24 6
90 25 10
90 26 4
90 27 16
90 28 14
90 29 2
90 30 8
90 31 8
90 32 8
90 33 6
90 34 14
90 35 18
90 36 4
90 37 8
90 38 4
90 39 6
90 40 1
90 41 14
90 42 8
90 43 18
90 44 17
90 45 8
90 46 5
90 47 15
90 48 17
90 49 3
90 50 5
90 51 11
90 52 14
90 53 14
90 54 18
90 55 2
90 56 16
90 57 11
90 58 1
90 59 6
90 60 4
90 61 18
90 62 15
90 63 19
90 64 1
90 65 1
90 66 13
90 67 14
90 68 5
90 69 14
90 70 16
90 71 18
90 72 18
90 73 17
90 74 6
90 75 1
90 76 6
90 77 15
90 78 5
90 79 6
90 80 4
90 81 8
90 82 10
90 83 10
90 84 4
90 85 11
90 86 9
90 87 13
90 88 9
90 89 15
90 91 7
90 92 17
90 93 14
90 94 9
90 95 9
90 96 19
90 97 14
90 98 1
90 99 19
91 0 13
91 1 17
91 2 5
91 3 5
91 4 16
91 5 15
91 6 1
91 7 13
91 8 4
91 9 8
91 10 18
91 11 2
91 12 17
91 13 2
91 14 20
91 15 6
91 16 7
91 17 14
91 18 6
91 19 18
91 20 20
91 21 8
91 22 20
91 23 13
91 24 15
91 25 15
91 26 18
91 27 7
91 28 12
91 29 6
91 30 11
91 31 2
91 32 8
91 33 6
91 34 1
91 35 19
91 36 13
91 37 5
91 38 3
91 39 19
91 40 20
91 41 12
91 42 17
91 43 14
91 44 18
91 45 16
91 46 15
91 47 6
91 48 10
91 49 2
91 50 3
91 51 13
91 52 12
91 53 4
91 54 3
91 55 2
91 56 4
91 57 14
91 58 1
91 59 10
91 60 16
91 61 1
91 62 20
91 63 4
91 64 8
91 65 6
91 66 8
91 67 3
91 68 18
91 69 7
91 70 14
91 71 11
91 72 12
91 73 6
91 74 18
91 75 10
91 76 10
91 77 5
91 78 17
91 79 14
91 80 5
91 81 12
91 82 16
91 83 12
91 84 7
91 85 18
91 86 13
91 87 16
91 88 8
91 89 4
91 90 6
91 92 9
91 93 19
91 94 9
91 95 17
91 96 20
91 97 16
91 98 17
91 99 18
92 0 2
92 1 8
92 2 3
92 3 4
92 4 19
92 5 14
92 6 17
92 7 17
92 8 16
92 9 9
92 10 20
92 11 17
92 12 4
92 13 14
92 14 9
92 15 12
92 16 13
92 17 16
92 18 13
92 19 6
92 20 6
92 21 4
92 22 13
92 23 18
92 24 16
92 25 9
92 26 10
92 27 17
92 28 7
92 29 20
92 30 1
92 31 18
92 32 19
92 33 12
92 34 5
92 35 10
92 36 15
92 37 20
92 38 5
92 39 4
92 40 13
92 41 2
92 42 5
92 43 9
92 44 4
92 45 7
92 46 10
92 47 19
92 48 16
92 49 15
92 50 4
92 51 9
92 52 12
92 53 18
92 54 17
92 55 5
92 56 10
92 57 10
92 58 12
92 59 18
92 60 5
92 61 15
92 62 14
92 63 6
92 64 6
92 65 9
92 66 19
92 67 5
92 68 12
92 69 2
92 70 16
92 71 20
92 72 4
92 73 2
92 74 18
92 75 13
92 76 17
92 77 10
92 78 9
92 79 14
92 80 7
92 81 1
92 82 8
92 83 13
92 84 10
92 85 11
92 86 5
92 87 5
92 88 20
92 89 19
92 90 1
92 91 9
92 93 11
92 94 4
92 95 2
92 96 12
92 97 7
92 98 3
92 99 9
93 0 5
93 1 14
93 2 9
93 3 2
93 4 18
93 5 11
93 6 11
93 7 4
93 8 1
93 9 7
93 10 11
93 11 19
93 12 7
93 13 4
93 14 17
93 15 8
93 16 9
93 17 16
93 18 7
93 19 17
93 20 9
93 21 4
93 22 8
93 23 9
93 24 5
93 25 17
93 26 18
93 27 13
93 28 3
93 29 19
93 30 5
93 31 3
93 32 12
93 33 2
93 34 8
93 35 9
93 36 20
93 37 9
93 38 14
93 39 1
93 40 16
93 41 16
93 42 5
93 43 16
93 44 18
93 45 9
93 46 16
93 47 8
93 48 17
93 49 5
93 50 13
93 51 14
93 52 12
93 53 14
93 54 5
93 55 19
93 56 6
93 57 1
93 58 8
93 59 4
93 60 15
93 61 4
93 62 16
93 63 20
93 64 3
93 65 14
93 66 10
93 67 3
93 68 15
93 69 11
93 70 5
93 71 15
93 72 14
93 73 9
93 74 4
93 75 4
93 76 10
93 77 6
93 78 9
93 79 13
93 80 19
93 81 20
93 82 12
93 83 12
93 84 13
93 85 16
93 86 9
93 87 5
93 88 17
93 89 19
93 90 19
93 91 9
93 92 2
93 94 3
93 95 4
93 96 2
93 97 5
93 98 4
93 99 8
94 0 20
94 1 2
94 2 14
94 3 7
94 4 9
94 5 15
94 6 17
94 7 19
94 8 9
94 9 17
94 10 18
94 11 19
94 12 16
94 13 11
94 14 1
94 15 4
94 16 15
94 17 2
94 18 9
94 19 12
94 20 11
94 21 8
94 22 3
94 23 18
94 24 13
94 25 13
94 26 6
94 27 3
94 28 3
94 29 11
94 30 1
94 31 11
94 32 15
94 33 20
94 34 5
94 35 1
94 36 18
94 37 20
94 38 15
94 39 16
94 40 12
94 41 14
94 42 20
94 43 11
94 44 10
94 45 17
94 46 3
94 47 2
94 48 4
94 49 4
94 50 12
94 51 5
94 52 19
94 53 20
94 54 4
94 55 12
94 56 14
94 57 1
94 58 16
94 59 15
94 60 6
94 61 9
94 62 4
94 63 5
94 64 12
94 65 9
94 66 4
94 67 11
94 68 16
94 69 20
94 70 12
94 71 18
94 72 1
94 73 1
94 74 9
94 75 9
94 76 17
94 77 3
94 78 15
94 79 9
94 80 7
94 81 17
94 82 11
94 83 5
94 84 14
94 85 4
94 86 18
94 87 14
94 88 20
94 89 11
94 90 18
94 91 6
94 92 9
94 93 18
94 95 11
94 96 4
94 97 13
94 98 3
94 99 13
95 0 2
95 1 9
95 2 8
95 3 17
95 4 15
95 5 15
95 6 4
95 7 18
95 8 2
95 9 6
95 10 15
95 11 9
95 12 15
95 13 4
95 14 16
95 15 12
95 16 16
95 17 19
95 18 9
95 19 13
95 20 12
95 21 14
95 22 8
95 23 11
95 24 5
95 25 6
95 26 17
95 27 3
95 28 14
95 29 4
95 30 7
95 31 14
95 32 5
95 33 13
95 34 6
95 35 12
95 36 11
95 37 20
95 38 1
95 39 7
95 40 16
95 41 12
95 42 6
95 43 2
95 44 7
95 45 14
95 46 6
95 47 13
95 48 12
95 49 5
95 50 14
95 51 3
95 52 18
95 53 16
95 54 11
95 55 6
95 56 14
95 57 1
95 58 6
95 59 12
95 60 7
95 61 5
95 62 12
95 63 12
95 64 9
95 65 15
95 66 18
95 67 20
95 68 3
95 69 8
95 70 4
95 71 5
95 72 4
95 73 17
95 74 14
95 75 3
95 76 20
95 77 13
95 78 1
95 79 17
95 80 4
95 81 7
95 82 11
95 83 5
95 84 9
95 85 14
95 86 11
95 87 4
95 88 6
95 89 7
95 90 9
95 91 16
95 92 2
95 93 8
95 94 15
95 96 3
95 97 17
95 98 10
95 99 12
96 0 16
96 1 13
96 2 20
96 3 6
96 4 12
96 5 13
96 6 2
96 7 13
96 8 2
96 9 13
96 10 3
96 11 15
96 12 3
96 13 8
96 14 11
96 15 16
96 16 8
96 17 20
96 18 2
96 19 13
96 20 4
96 21 7
96 22 9
96 23 8
96 24 10
96 25 14
96 26 9
96 27 9
96 28 1
96 29 11
96 30 6
96 31 4
96 32 20
96 33 8
96 34 13
96 35 9
96 36 17
96 37 7
96 38 3
96 39 1
96 40 14
96 41 4
96 42 11
96 43 4
96 44 10
96 45 15
96 46 12
96 47 12
96 48 6
96 49 9
96 50 11
96 51 7
96 52 6
96 53 10
96 54 10
96 55 17
96 56 14
96 57 13
96 58 8
96 59 7
96 60 10
96 61 9
96 62 4
96 63 16
96 64 8
96 65 4
96 66 9
96 67 9
96 68 16
96 69 20
96 70 12
96 71 20
96 72 17
96 73 7
96 74 15
96 75 7
96 76 14
96 77 3
96 78 20
96 79 9
96 80 1
96 81 19
96 82 7
96 83 6
96 84 2
96 85 17
96 86 11
96 87 18
96 88 3
96 89 12
96 90 5
96 91 14
96 92 2
96 93 10
96 94 17
96 95 15
96 97 6
96 98 1
96 99 19
97 0 8
97 1 17
97 2 4
97 3 5
97 4 2
97 5 14
97 6 18
97 7 1
97 8 20
97 9 13
97 10 20
97 11 6
97 12 4
97 13 20
97 14 17
97 15 9
97 16 16
97 17 7
97 18 3
97 19 4
97 20 12
97 21 3
97 22 7
97 23 16
97 24 2
97 25 3
97 26 14
97 27 2
97 28 13
97 29 3
97 30 9
97 31 13
97 32 7
97 33 6
97 34 20
97 35 4
97 36 3
97 37 15
97 38 3
97 39 6
97 40 13
97 41 3
97 42 13
97 43 12
97 44 10
97 45 15
97 46 8
97 47 4
97 48 11
97 49 13
97 50 4
97 51 6
97 52 12
97 53 4
97 54 12
97 55 13
97 56 10
97 57 8
97 58 8
97 59 4
97 60 2
97 61 12
97 62 11
97 63 15
97 64 1
97 65 14
97 66 17
97 67 10
97 68 16
97 69 3
97 70 12
97 71 10
97 72 8
97 73 18
97 74 1
97 75 16
97 76 15
97 77 4
97 78 4
97 79 4
97 80 18
97 81 1
97 82 5
97 83 6
97 84 6
97 85 19
97 86 2
97 87 6
97 88 19
97 89 9
97 90 19
97 91 10
97 92 4
97 93 20
97 94 11
97 95 2
97 96 3
97 98 8
97 99 8
98 0 15
98 1 19
98 2 12
98 3 11
98 4 17
98 5 6
98 6 16
98 7 12
98 8 6
98 9 11
98 10 8
98 11 18
98 12 17
98 13 3
98 14 17
98 15 17
98 16 10
98 17 12
98 18 4
98 19 6
98 20 20
98 21 2
98 22 18
98 23 4
98 24 11
98 25 4
98 26 5
98 27 2
98 28 20
98 29 10
98 30 13
98 31 17
98 32 6
98 33 5
98 34 2
98 35 7
98 36 20
98 37 13
98 38 20
98 39 6
98 40 10
98 41 18
98 42 13
98 43 9
98 44 1
98 45 17
98 46 12
98 47 12
98 48 3
98 49 15
98 50 15
98 51 7
98 52 7
98 53 1
98 54 7
98 55 4
98 56 14
98 57 12
98 58 12
98 59 20
98 60 19
98 61 7
98 62 13
98 63 5
98 64 10
98 65 19
98 66 8
98 67 16
98 68 12
98 69 3
98 70 18
98 71 3
98 72 20
98 73 19
98 74 12
98 75 19
98 76 17
98 77 19
98 78 2
98 79 16
98 80 20
98 81 5
98 82 13
98 83 6
98 84 19
98 85 12
98 86 19
98 87 15
98 88 1
98 89 5
98 90 2
98 91 10
98 92 3
98 93 18
98 94 7
98 95 2
98 96 13
98 97 2
98 99 12
99 0 10
99 1 2
99 2 15
99 3 10
99 4 18
99 5 14
99 6 4
99 7 10
99 8 4
99 9 14
99 10 20
99 11 1
99 12 2
99 13 15
99 14 18
99 15 1
99 16 5
99 17 13
99 18 1
99 19 14
99 20 4
99 21 8
99 22 16
99 23 5
99 24 9
99 25 6
99 26 6
99 27 6
99 28 10
99 29 8
99 30 8
99 31 3
99 32 18
99 33 6
99 34 14
99 35 20
99 36 1
99 37 13
99 38 16
99 39 3
99 40 8
99 41 9
99 42 10
99 43 3
99 44 19
99 45 20
99 46 9
99 47 3
99 48 8
99 49 15
99 50 9
99 51 4
99 52 19
99 53 14
99 54 5
99 55 20
99 56 5
99 57 10
99 58 1
99 59 7
99 60 9
99 61 8
99 62 16
99 63 20
99 64 8
99 65 15
99 66 5
99 67 11
99 68 3
99 69 12
99 70 7
99 71 15
99 72 20
99 73 14
99 74 15
99 75 10
99 76 10
99 77 18
99 78 4
99 79 12
99 80 10
99 81 8
99 82 2
99 83 13
99 84 11
99 85 18
99 86 7
99 87 4
99 88 3
99 89 19
99 90 8
99 91 6
99 92 7
99 93 19
99 94 14
99 95 9
99 96 17
99 97 16
99 98 9
