625 50 29 0
0 2 19
0 5 3
0 6 12
0 9 11
0 11 8
0 12 14
0 14 18
0 16 6
0 17 1
0 19 14
0 22 14
0 24 18
0 26 7
0 31 10
0 32 18
0 37 8
0 38 19
0 42 17
0 43 8
0 47 6
0 49 7
1 3 7
1 4 10
1 5 2
1 6 18
1 7 9
1 9 19
1 10 17
1 14 20
1 16 19
1 17 7
1 19 4
1 21 11
1 24 6
1 26 20
1 27 1
1 29 14
1 30 6
1 31 9
1 33 1
1 34 1
1 36 17
1 37 11
1 40 13
1 41 14
1 42 12
1 43 1
2 3 2
2 4 14
2 5 11
2 7 11
2 9 4
2 15 14
2 16 13
2 17 19
2 20 11
2 21 13
2 22 6
2 23 1
2 26 19
2 28 18
2 30 12
2 32 8
2 33 8
2 34 18
2 40 16
2 42 18
2 43 8
2 45 1
2 46 1
2 48 11
2 49 20
3 5 18
3 6 9
3 7 18
3 9 18
3 11 18
3 15 13
3 16 6
3 18 4
3 19 17
3 23 19
3 26 9
3 27 10
3 28 10
3 29 5
3 30 7
3 31 5
3 35 14
3 36 6
3 37 5
3 39 4
3 41 5
3 42 16
3 49 14
4 5 18
4 6 19
4 8 18
4 9 9
4 11 9
4 15 14
4 16 18
4 20 5
4 21 15
4 22 10
4 23 10
4 26 16
4 27 12
4 30 6
4 31 9
4 32 16
4 34 20
4 35 6
4 36 11
4 37 8
4 39 18
4 40 6
4 41 5
4 43 12
5 6 16
5 7 5
5 8 4
5 9 6
5 11 1
5 12 15
5 13 12
5 15 20
5 17 10
5 22 19
5 23 11
5 24 6
5 26 20
5 27 14
5 29 18
5 31 16
5 33 7
5 37 15
5 39 11
5 40 6
5 42 10
5 44 10
5 46 11
5 47 12
5 49 6
6 7 2
6 9 17
6 15 15
6 16 18
6 19 1
6 23 15
6 24 16
6 25 4
6 27 13
6 35 1
6 37 8
6 38 10
6 39 19
6 40 7
6 41 20
6 42 6
6 47 2
7 8 20
7 10 10
7 13 10
7 15 20
7 16 3
7 17 7
7 20 15
7 21 12
7 22 6
7 24 20
7 26 15
7 27 1
7 28 10
7 29 15
7 30 4
7 32 15
7 34 3
7 35 18
7 36 16
7 37 17
7 38 10
7 39 10
7 41 10
7 42 5
7 43 17
7 45 18
7 46 5
8 10 16
8 16 6
8 19 5
8 20 12
8 21 13
8 22 7
8 24 14
8 27 17
8 29 3
8 30 4
8 31 18
8 32 6
8 33 19
8 35 2
8 36 17
8 41 10
8 42 7
8 43 18
8 45 18
8 47 15
8 49 1
9 10 16
9 14 8
9 15 8
9 16 19
9 18 3
9 23 15
9 26 19
9 30 15
9 31 20
9 32 13
9 34 3
9 35 10
9 36 15
9 37 12
9 38 9
9 40 6
9 41 7
9 43 7
9 44 3
9 46 20
9 47 14
9 48 4
9 49 7
10 12 10
10 17 7
10 18 9
10 20 5
10 21 16
10 22 10
10 23 10
10 26 12
10 28 9
10 29 18
10 30 7
10 31 7
10 34 10
10 35 4
10 39 11
10 43 11
10 44 17
10 47 19
10 48 6
11 13 14
11 17 6
11 18 8
11 20 14
11 22 7
11 23 6
11 24 14
11 26 6
11 27 8
11 30 7
11 32 5
11 33 5
11 36 3
11 37 3
11 38 16
11 40 20
11 42 11
11 43 16
11 45 20
11 46 10
11 48 4
12 15 12
12 16 16
12 19 12
12 21 7
12 24 19
12 26 9
12 27 12
12 30 1
12 31 18
12 32 18
12 34 13
12 35 9
12 36 5
12 38 18
12 40 10
12 41 11
12 46 18
13 15 15
13 16 1
13 17 18
13 18 4
13 19 12
13 20 19
13 21 3
13 23 20
13 24 18
13 25 2
13 26 10
13 28 8
13 30 11
13 34 11
13 37 9
13 38 9
13 41 13
13 42 1
13 43 15
13 44 1
13 47 13
14 16 1
14 21 2
14 22 11
14 23 2
14 25 16
14 30 14
14 33 15
14 35 19
14 37 9
14 40 11
14 43 16
14 44 6
14 45 19
14 46 10
14 47 2
14 49 20
15 20 9
15 27 3
15 29 14
15 30 8
15 31 4
15 32 13
15 33 12
15 34 16
15 41 20
15 42 7
15 43 14
15 44 16
15 46 11
15 49 1
16 20 8
16 21 15
16 23 2
16 26 14
16 28 17
16 29 6
16 30 8
16 32 15
16 33 3
16 36 18
16 37 18
16 39 11
16 42 4
16 46 16
16 47 13
17 19 13
17 26 7
17 28 15
17 29 4
17 31 4
17 32 2
17 33 16
17 35 1
17 37 6
17 38 9
17 39 15
17 44 12
17 46 19
18 19 11
18 20 3
18 22 9
18 23 15
18 25 8
18 27 18
18 28 1
18 30 10
18 32 19
18 34 16
18 35 14
18 36 17
18 37 9
18 38 2
18 39 14
18 41 9
18 42 19
18 43 2
18 44 15
18 47 11
18 48 20
19 20 8
19 21 17
19 22 6
19 23 8
19 24 8
19 25 5
19 27 7
19 29 2
19 31 12
19 34 16
19 44 11
19 45 9
20 21 12
20 22 19
20 24 3
20 25 5
20 28 11
20 30 4
20 32 16
20 33 17
20 35 20
20 36 10
20 39 2
20 40 17
20 42 16
20 43 10
20 44 1
20 45 20
20 48 11
20 49 14
21 23 9
21 28 20
21 30 5
21 31 17
21 33 13
21 36 10
21 38 11
21 42 20
21 44 15
21 46 15
21 47 1
21 49 14
22 26 16
22 30 3
22 31 7
22 34 20
22 37 6
22 38 13
22 39 17
22 41 8
22 46 3
22 47 5
22 48 6
22 49 5
23 25 13
23 26 20
23 37 4
23 38 13
23 40 14
23 42 16
23 44 12
24 25 17
24 30 6
24 31 10
24 32 9
24 33 15
24 36 11
24 37 5
24 39 5
24 40 15
24 42 13
24 43 17
24 44 9
24 45 17
24 46 19
24 48 12
24 49 4
25 28 15
25 29 20
25 31 20
25 33 13
25 37 13
25 39 7
25 41 4
25 42 17
25 44 13
25 48 11
25 49 3
26 27 5
26 29 4
26 30 6
26 32 19
26 34 5
26 37 9
26 38 4
26 39 1
26 40 1
26 41 7
26 43 14
26 44 19
26 46 6
27 29 2
27 30 2
27 32 14
27 35 3
27 41 15
27 44 2
27 46 4
27 49 7
28 29 20
28 31 15
28 33 18
28 34 9
28 36 14
28 38 1
28 39 20
28 40 17
28 42 2
28 43 1
28 44 11
28 45 15
28 46 19
28 47 11
29 30 5
29 31 14
29 32 9
29 34 4
29 35 14
29 36 7
29 37 2
29 38 14
29 39 9
29 40 10
29 41 15
29 42 10
29 45 1
29 48 9
29 49 9
30 32 14
30 33 19
30 34 16
30 35 16
30 36 11
30 38 5
30 45 12
30 46 6
30 47 2
30 49 20
31 32 12
31 33 12
31 34 12
31 36 5
31 39 8
31 40 10
31 41 11
31 44 13
31 45 2
31 48 6
31 49 6
32 36 8
32 37 2
32 39 13
32 42 14
32 43 7
32 49 2
33 38 2
33 40 15
33 41 7
33 43 18
33 44 14
33 45 20
34 35 6
34 36 13
34 38 4
34 39 9
34 40 18
34 43 5
34 44 17
34 45 1
34 46 19
34 47 15
34 49 1
35 36 17
35 39 2
35 40 15
35 41 4
35 42 1
35 44 15
35 46 1
35 47 6
36 38 5
36 39 6
36 40 10
36 43 16
36 46 2
36 49 7
37 38 3
37 40 18
37 44 11
37 45 9
37 46 6
37 48 4
38 41 8
38 42 17
38 44 2
38 45 8
38 46 20
39 40 14
39 42 10
39 44 18
39 45 13
39 46 9
39 47 5
39 48 4
39 49 9
40 41 16
40 42 7
40 43 17
40 44 8
41 43 11
41 45 6
41 48 5
41 49 2
42 44 17
42 45 8
42 46 18
42 47 4
43 48 2
44 48 2
44 49 11
45 47 2
45 49 14
46 47 18
47 48 11
47 49 11
48 49 11
