5000 200 160 0
0 3 19
0 7 6
0 14 1
0 21 12
0 27 16
0 33 6
0 35 10
0 38 8
0 40 16
0 41 19
0 42 19
0 46 17
0 52 13
0 58 4
0 59 11
0 62 14
0 63 11
0 73 6
0 75 5
0 77 9
0 78 3
0 87 15
0 88 3
0 89 16
0 90 5
0 92 5
0 93 9
0 94 15
0 97 17
0 102 20
0 103 16
0 104 13
0 108 14
0 116 11
0 118 19
0 119 14
0 124 17
0 127 20
0 132 1
0 134 20
0 136 18
0 139 18
0 142 12
0 147 1
0 148 1
0 157 9
0 159 8
0 160 1
0 161 17
0 165 20
0 168 6
0 176 17
0 178 2
0 183 2
0 185 1
0 190 10
0 192 13
0 194 20
0 196 1
0 199 13
1 4 11
1 8 11
1 26 1
1 27 11
1 32 9
1 33 14
1 40 11
1 42 2
1 44 5
1 48 8
1 49 18
1 52 4
1 67 9
1 79 2
1 80 3
1 82 18
1 83 13
1 87 3
1 95 2
1 101 12
1 103 19
1 105 15
1 111 17
1 116 2
1 119 5
1 124 9
1 129 3
1 134 16
1 150 20
1 151 15
1 155 4
1 159 9
1 160 5
1 163 15
1 164 18
1 175 9
1 181 3
1 185 12
1 186 13
1 187 12
1 192 16
1 193 3
1 197 19
1 198 9
1 199 15
2 13 15
2 24 18
2 25 11
2 27 6
2 29 16
2 30 1
2 33 1
2 36 1
2 39 17
2 43 8
2 44 19
2 49 20
2 50 13
2 51 18
2 52 7
2 56 5
2 57 7
2 60 16
2 62 20
2 68 18
2 74 10
2 75 13
2 80 2
2 81 1
2 88 4
2 90 15
2 93 12
2 96 12
2 101 17
2 106 9
2 109 12
2 113 7
2 116 18
2 121 10
2 122 6
2 125 5
2 127 4
2 131 18
2 132 19
2 139 6
2 142 17
2 146 2
2 151 10
2 152 15
2 156 2
2 157 14
2 161 3
2 165 18
2 168 3
2 171 2
2 172 17
2 181 14
2 188 18
2 191 15
2 199 10
3 4 16
3 9 18
3 15 5
3 17 11
3 24 16
3 26 1
3 28 12
3 31 9
3 32 16
3 36 17
3 39 14
3 40 12
3 42 2
3 44 4
3 48 7
3 56 8
3 57 6
3 63 17
3 64 19
3 67 8
3 85 6
3 88 10
3 91 13
3 92 2
3 108 5
3 111 18
3 112 17
3 114 20
3 115 12
3 118 3
3 143 14
3 145 6
3 151 7
3 154 17
3 155 5
3 159 10
3 160 13
3 163 1
3 164 1
3 165 16
3 168 15
3 174 6
3 175 5
3 178 9
3 183 20
3 186 10
3 187 3
3 190 4
3 191 2
3 199 3
4 6 17
4 12 10
4 16 5
4 22 17
4 23 19
4 26 7
4 29 13
4 37 4
4 41 11
4 48 8
4 49 2
4 65 17
4 67 19
4 72 3
4 74 16
4 78 7
4 82 10
4 96 15
4 99 15
4 103 13
4 114 13
4 119 2
4 120 4
4 124 20
4 126 8
4 127 18
4 130 15
4 131 18
4 138 20
4 139 1
4 149 5
4 150 17
4 154 13
4 156 4
4 157 11
4 158 10
4 160 16
4 161 10
4 162 15
4 166 4
4 171 7
4 175 15
4 178 3
4 180 2
4 182 8
4 187 7
4 188 10
4 189 11
4 192 1
4 193 20
4 194 14
4 197 14
4 199 8
5 8 5
5 9 11
5 14 3
5 21 8
5 23 17
5 25 18
5 29 2
5 32 6
5 35 10
5 36 7
5 39 19
5 41 8
5 42 3
5 44 3
5 52 7
5 57 17
5 59 9
5 61 10
5 62 12
5 64 6
5 65 17
5 66 19
5 74 3
5 79 4
5 85 5
5 87 17
5 96 19
5 99 13
5 104 1
5 105 6
5 111 10
5 113 2
5 115 11
5 124 2
5 135 4
5 149 15
5 162 17
5 163 1
5 164 12
5 165 14
5 170 17
5 182 19
5 190 1
5 191 3
5 193 17
5 194 13
5 197 4
6 7 10
6 12 16
6 13 1
6 17 3
6 23 18
6 26 10
6 31 7
6 33 17
6 37 12
6 45 2
6 61 2
6 67 10
6 71 18
6 74 11
6 86 19
6 88 8
6 90 6
6 93 2
6 98 4
6 100 15
6 115 13
6 117 6
6 124 4
6 125 20
6 126 7
6 127 11
6 128 13
6 131 16
6 136 2
6 138 16
6 143 2
6 148 7
6 149 9
6 151 20
6 155 5
6 159 2
6 163 3
6 165 19
6 170 3
6 171 11
6 176 17
6 179 6
6 183 18
6 195 5
7 8 15
7 13 6
7 14 7
7 15 12
7 16 7
7 17 1
7 19 10
7 20 6
7 21 7
7 25 2
7 36 17
7 41 14
7 51 5
7 52 4
7 53 19
7 57 10
7 64 11
7 66 2
7 67 4
7 68 2
7 73 6
7 74 1
7 81 9
7 82 11
7 83 14
7 86 13
7 93 16
7 97 3
7 98 3
7 100 16
7 103 13
7 105 5
7 113 8
7 114 15
7 119 14
7 122 17
7 130 10
7 133 20
7 138 8
7 143 11
7 144 5
7 152 17
7 156 1
7 171 4
7 173 11
7 178 1
7 180 8
7 181 10
7 184 10
7 187 2
8 12 1
8 15 12
8 17 20
8 19 12
8 22 9
8 26 15
8 27 2
8 28 17
8 29 13
8 37 2
8 39 1
8 44 4
8 45 14
8 50 8
8 53 14
8 54 1
8 55 7
8 57 6
8 59 18
8 63 4
8 64 19
8 73 14
8 76 6
8 81 20
8 82 18
8 83 13
8 93 18
8 94 18
8 97 4
8 100 4
8 101 13
8 102 5
8 112 3
8 114 6
8 127 17
8 128 13
8 136 12
8 142 15
8 150 14
8 151 8
8 152 10
8 155 10
8 156 4
8 158 16
8 165 11
8 170 6
8 171 15
8 178 20
8 180 12
8 192 11
8 198 9
9 12 6
9 14 12
9 26 15
9 27 8
9 29 7
9 32 8
9 36 4
9 38 5
9 49 15
9 50 13
9 51 13
9 59 17
9 61 13
9 63 1
9 65 2
9 68 19
9 70 14
9 75 1
9 77 13
9 80 6
9 81 7
9 97 10
9 99 10
9 104 6
9 109 6
9 110 14
9 112 4
9 115 2
9 116 10
9 117 3
9 123 12
9 124 16
9 130 4
9 132 19
9 139 20
9 141 9
9 146 12
9 151 15
9 154 15
9 161 20
9 164 17
9 167 7
9 170 14
9 174 1
9 175 16
9 179 4
9 180 17
9 186 10
9 189 4
9 191 10
9 193 7
9 197 4
10 12 3
10 13 6
10 17 3
10 18 18
10 22 3
10 23 1
10 29 11
10 30 1
10 31 13
10 45 17
10 47 19
10 48 3
10 49 8
10 54 12
10 55 14
10 59 13
10 63 12
10 68 7
10 73 11
10 74 11
10 82 15
10 86 9
10 91 18
10 93 3
10 96 10
10 99 10
10 101 16
10 109 9
10 111 18
10 113 11
10 117 13
10 124 4
10 126 16
10 128 6
10 131 12
10 132 16
10 134 20
10 146 13
10 147 4
10 149 14
10 163 8
10 168 1
10 169 12
10 184 20
10 186 19
10 190 2
10 195 11
10 196 13
11 13 11
11 15 2
11 17 10
11 19 11
11 22 7
11 24 7
11 25 13
11 29 1
11 30 12
11 31 14
11 33 2
11 34 4
11 35 10
11 36 4
11 42 12
11 51 13
11 63 11
11 64 8
11 81 2
11 83 11
11 87 3
11 91 20
11 92 15
11 93 18
11 94 17
11 101 2
11 103 1
11 107 3
11 108 11
11 130 3
11 136 12
11 137 15
11 138 11
11 139 18
11 141 17
11 142 8
11 148 5
11 151 3
11 155 2
11 165 17
11 167 4
11 170 12
11 174 16
11 176 13
11 180 4
11 181 7
11 182 18
11 189 6
11 197 6
12 17 8
12 21 16
12 35 6
12 43 10
12 50 16
12 51 9
12 52 7
12 53 20
12 65 10
12 74 9
12 77 1
12 80 20
12 81 1
12 83 13
12 93 10
12 94 13
12 96 12
12 103 9
12 105 13
12 112 8
12 113 9
12 114 12
12 117 17
12 123 7
12 129 6
12 135 6
12 143 19
12 149 9
12 155 14
12 159 17
12 160 9
12 161 15
12 171 20
12 174 15
12 188 15
12 190 1
12 198 1
13 19 20
13 22 3
13 27 20
13 33 9
13 35 11
13 38 18
13 40 9
13 44 16
13 50 6
13 55 18
13 60 6
13 61 16
13 67 14
13 68 19
13 71 20
13 76 14
13 77 19
13 81 15
13 83 14
13 87 10
13 89 3
13 92 16
13 94 4
13 96 6
13 99 5
13 111 10
13 117 7
13 127 16
13 137 17
13 139 16
13 145 16
13 154 10
13 161 6
13 162 8
13 163 12
13 164 8
13 165 3
13 170 12
13 176 7
13 181 9
13 185 6
13 190 5
13 191 13
13 198 14
14 16 6
14 17 9
14 18 19
14 21 5
14 22 12
14 26 16
14 27 2
14 33 10
14 34 3
14 37 3
14 38 10
14 39 2
14 48 13
14 54 16
14 60 3
14 62 18
14 66 1
14 67 18
14 71 7
14 72 7
14 75 20
14 78 13
14 82 13
14 85 13
14 88 10
14 89 7
14 96 9
14 99 6
14 100 20
14 121 13
14 122 4
14 140 12
14 142 17
14 143 13
14 144 10
14 145 11
14 146 2
14 149 8
14 150 12
14 156 18
14 157 15
14 158 19
14 159 5
14 166 6
14 167 12
14 169 6
14 172 15
14 179 5
14 184 11
14 187 19
14 190 5
14 191 18
14 193 20
14 194 1
14 195 8
14 199 19
15 20 19
15 26 12
15 27 10
15 33 20
15 39 9
15 41 2
15 48 2
15 54 9
15 55 5
15 56 13
15 57 16
15 59 15
15 61 19
15 64 12
15 67 15
15 70 2
15 75 17
15 77 3
15 83 3
15 85 5
15 86 2
15 93 7
15 100 3
15 101 9
15 102 18
15 104 13
15 113 14
15 119 3
15 125 13
15 128 15
15 131 16
15 132 8
15 143 18
15 144 4
15 147 10
15 149 3
15 156 9
15 158 4
15 159 3
15 160 16
15 162 7
15 169 1
15 176 7
15 177 13
16 18 13
16 19 10
16 21 20
16 22 6
16 23 13
16 36 19
16 37 4
16 38 7
16 51 13
16 52 17
16 53 7
16 54 11
16 56 18
16 65 9
16 68 6
16 77 16
16 82 20
16 85 18
16 92 11
16 94 15
16 104 13
16 105 5
16 106 15
16 110 18
16 112 14
16 113 10
16 114 14
16 122 11
16 125 16
16 127 18
16 135 15
16 137 1
16 141 5
16 142 19
16 154 8
16 163 2
16 166 17
16 170 16
16 174 11
16 175 7
16 194 9
16 199 6
17 19 2
17 31 19
17 33 9
17 37 4
17 43 17
17 45 18
17 56 20
17 57 16
17 70 8
17 75 1
17 78 11
17 80 20
17 83 5
17 94 5
17 97 16
17 99 12
17 102 17
17 108 3
17 113 9
17 114 7
17 122 4
17 123 4
17 126 6
17 143 10
17 145 13
17 157 15
17 163 1
17 177 2
17 182 3
17 187 12
17 193 5
17 195 15
17 196 20
18 20 15
18 21 6
18 22 2
18 29 12
18 30 12
18 32 18
18 33 20
18 36 16
18 42 13
18 44 12
18 45 16
18 47 8
18 56 12
18 60 15
18 63 16
18 70 20
18 72 18
18 74 10
18 84 15
18 85 16
18 87 13
18 88 19
18 91 4
18 98 5
18 101 8
18 103 18
18 107 14
18 109 3
18 113 2
18 121 2
18 122 15
18 125 6
18 131 18
18 134 1
18 142 16
18 147 18
18 149 20
18 150 14
18 152 19
18 154 15
18 155 6
18 166 17
18 167 13
18 170 15
18 172 19
18 175 15
18 178 6
18 180 7
18 182 3
18 185 19
18 189 14
18 191 7
18 192 2
18 193 10
18 196 1
18 198 18
19 20 18
19 21 20
19 22 16
19 25 17
19 26 10
19 28 2
19 31 5
19 34 20
19 40 5
19 47 12
19 51 19
19 52 13
19 56 19
19 57 1
19 69 12
19 72 5
19 74 9
19 85 4
19 91 11
19 94 9
19 95 15
19 97 11
19 103 5
19 105 1
19 107 13
19 119 4
19 121 14
19 122 13
19 125 4
19 127 2
19 128 14
19 130 15
19 131 11
19 133 17
19 143 12
19 146 10
19 147 5
19 151 8
19 154 9
19 163 9
19 164 11
19 167 17
19 168 15
19 169 14
19 174 8
19 176 1
19 177 8
19 187 6
19 188 9
19 189 12
19 197 19
19 198 4
19 199 15
20 21 12
20 23 6
20 29 11
20 30 2
20 32 9
20 38 7
20 44 10
20 45 4
20 46 15
20 48 4
20 58 8
20 59 18
20 61 15
20 65 7
20 68 1
20 71 15
20 77 13
20 78 18
20 87 5
20 99 6
20 106 9
20 107 13
20 108 7
20 110 17
20 111 11
20 114 14
20 115 12
20 121 10
20 123 9
20 124 14
20 132 10
20 137 5
20 142 17
20 144 7
20 145 2
20 146 7
20 148 3
20 151 2
20 156 1
20 165 20
20 166 20
20 167 8
20 168 16
20 169 13
20 173 17
20 179 12
20 185 17
20 187 14
20 188 14
20 190 1
20 193 14
20 199 16
21 23 12
21 28 2
21 32 12
21 37 6
21 38 19
21 42 11
21 51 18
21 68 19
21 70 6
21 74 5
21 80 18
21 81 5
21 83 16
21 93 5
21 107 15
21 111 20
21 120 11
21 121 2
21 123 17
21 126 18
21 135 16
21 136 11
21 142 7
21 144 2
21 148 11
21 151 13
21 152 7
21 154 16
21 156 14
21 157 18
21 162 12
21 164 14
21 177 16
21 181 15
21 183 13
21 185 20
21 186 15
21 191 14
21 193 13
21 198 16
21 199 15
22 23 7
22 25 8
22 26 1
22 27 9
22 31 9
22 38 7
22 43 4
22 49 11
22 51 11
22 56 2
22 74 10
22 78 14
22 85 19
22 93 8
22 94 1
22 95 3
22 99 1
22 111 15
22 125 4
22 129 9
22 134 10
22 135 4
22 137 7
22 146 14
22 154 10
22 156 11
22 158 5
22 159 12
22 163 1
22 168 7
22 170 14
22 175 3
22 176 10
22 177 7
22 180 11
22 183 3
22 184 7
22 189 8
22 190 5
22 194 13
22 195 3
22 196 2
22 197 7
23 28 16
23 33 13
23 34 13
23 35 13
23 44 18
23 45 18
23 49 19
23 59 19
23 60 3
23 63 10
23 66 17
23 67 5
23 68 9
23 70 14
23 76 6
23 81 1
23 82 2
23 89 13
23 96 6
23 98 7
23 105 4
23 107 18
23 109 4
23 110 8
23 113 3
23 120 17
23 124 10
23 126 12
23 128 9
23 133 5
23 137 6
23 145 3
23 148 7
23 154 6
23 159 4
23 160 14
23 164 12
23 176 5
23 179 17
23 181 19
23 186 5
23 187 4
23 191 11
23 192 8
23 194 1
23 195 6
23 196 16
23 197 15
23 199 1
24 29 10
24 33 13
24 38 14
24 45 14
24 53 8
24 55 16
24 62 4
24 64 6
24 65 17
24 67 7
24 69 14
24 71 6
24 79 15
24 81 14
24 82 5
24 84 12
24 99 18
24 108 8
24 111 8
24 112 9
24 113 11
24 121 3
24 122 18
24 127 9
24 128 2
24 133 7
24 139 4
24 144 6
24 146 11
24 151 8
24 154 13
24 160 10
24 165 17
24 170 4
24 171 2
24 173 14
24 179 7
24 182 4
24 183 14
24 185 18
24 188 2
24 196 12
24 197 15
24 198 11
25 27 7
25 39 13
25 44 2
25 46 6
25 48 7
25 57 20
25 63 15
25 68 15
25 73 6
25 75 3
25 76 9
25 89 16
25 91 15
25 93 10
25 95 5
25 98 5
25 114 2
25 119 9
25 125 16
25 130 15
25 144 10
25 148 17
25 152 20
25 158 17
25 159 20
25 164 17
25 165 15
25 166 16
25 170 7
25 172 17
25 180 17
25 181 16
25 188 9
25 192 8
25 194 7
25 197 7
25 198 14
26 27 12
26 29 17
26 32 10
26 37 2
26 39 7
26 41 19
26 42 1
26 46 5
26 50 13
26 53 9
26 55 12
26 61 7
26 63 7
26 65 2
26 73 3
26 78 7
26 83 11
26 89 2
26 92 15
26 93 13
26 100 14
26 101 10
26 108 3
26 113 5
26 118 10
26 125 15
26 129 19
26 132 8
26 145 18
26 148 4
26 154 16
26 158 14
26 168 3
26 169 4
26 171 15
26 174 1
26 175 14
26 177 11
26 186 8
26 193 19
26 194 19
26 196 7
27 30 8
27 38 12
27 40 15
27 41 6
27 44 6
27 47 17
27 49 13
27 51 7
27 55 6
27 57 14
27 64 14
27 65 7
27 68 13
27 73 4
27 74 18
27 76 20
27 82 19
27 89 8
27 91 17
27 92 16
27 97 5
27 102 11
27 104 12
27 107 6
27 112 9
27 113 7
27 119 9
27 120 11
27 123 7
27 125 19
27 128 7
27 137 10
27 138 9
27 139 2
27 142 3
27 143 2
27 145 18
27 152 16
27 164 12
27 171 20
27 172 10
27 176 12
27 179 20
27 197 18
28 40 4
28 58 12
28 64 19
28 71 1
28 79 6
28 80 12
28 90 6
28 96 5
28 102 2
28 107 16
28 112 17
28 115 3
28 118 17
28 119 19
28 124 4
28 125 6
28 142 2
28 144 4
28 147 11
28 148 11
28 152 13
28 154 1
28 156 8
28 161 9
28 167 20
28 168 1
28 172 5
28 174 13
28 181 10
28 182 19
28 185 12
28 189 17
28 195 6
28 196 3
28 197 12
28 199 5
29 35 18
29 36 12
29 43 11
29 45 11
29 48 12
29 56 15
29 57 6
29 58 15
29 63 6
29 68 19
29 69 2
29 72 13
29 76 14
29 77 7
29 83 12
29 88 15
29 93 15
29 95 3
29 96 19
29 100 18
29 105 19
29 116 3
29 118 6
29 121 3
29 140 17
29 143 17
29 146 9
29 154 4
29 158 4
29 160 3
29 164 17
29 165 5
29 166 13
29 175 6
29 178 1
29 187 19
29 192 14
29 198 20
29 199 13
30 35 14
30 36 10
30 40 1
30 43 16
30 48 13
30 50 3
30 52 20
30 53 10
30 55 18
30 57 12
30 58 16
30 59 5
30 60 2
30 62 3
30 64 18
30 65 13
30 70 8
30 73 5
30 77 12
30 78 20
30 81 18
30 89 4
30 92 1
30 94 9
30 96 4
30 113 18
30 116 7
30 123 16
30 126 20
30 128 3
30 134 13
30 137 18
30 139 3
30 146 19
30 151 5
30 158 3
30 164 13
30 165 9
30 166 6
30 169 2
30 172 16
30 173 16
30 177 11
30 179 18
30 180 4
30 187 11
30 193 9
30 194 6
31 33 5
31 39 18
31 40 15
31 41 9
31 42 8
31 44 8
31 45 11
31 48 13
31 49 10
31 50 6
31 53 6
31 55 2
31 60 19
31 61 2
31 62 20
31 64 7
31 74 12
31 83 1
31 84 14
31 89 5
31 96 7
31 100 11
31 102 4
31 103 8
31 105 12
31 107 10
31 113 4
31 120 1
31 127 19
31 128 3
31 129 3
31 132 12
31 133 9
31 136 10
31 141 8
31 142 9
31 143 16
31 145 2
31 155 12
31 157 5
31 172 18
31 173 11
31 174 5
31 177 5
31 179 19
31 183 15
31 185 10
31 189 1
31 194 10
31 196 6
31 198 2
31 199 9
32 39 11
32 42 19
32 44 17
32 47 8
32 52 10
32 57 17
32 64 4
32 65 1
32 66 18
32 68 20
32 70 5
32 71 3
32 73 10
32 74 1
32 79 16
32 80 18
32 83 16
32 89 20
32 93 6
32 98 12
32 102 13
32 103 13
32 105 7
32 106 6
32 111 14
32 112 16
32 113 8
32 116 1
32 120 5
32 124 3
32 130 7
32 137 11
32 141 11
32 146 9
32 160 17
32 161 10
32 163 10
32 164 12
32 166 20
32 167 11
32 168 9
32 171 18
32 173 11
32 174 11
32 185 1
32 188 6
32 195 20
32 197 4
33 37 2
33 41 9
33 44 10
33 51 14
33 53 10
33 54 16
33 55 4
33 56 8
33 63 3
33 68 1
33 71 20
33 75 18
33 76 4
33 84 13
33 86 13
33 90 19
33 95 3
33 98 20
33 111 18
33 112 4
33 118 6
33 127 2
33 131 11
33 134 2
33 135 20
33 137 16
33 138 13
33 144 17
33 148 19
33 151 19
33 156 1
33 162 16
33 169 14
33 172 19
33 178 16
33 181 13
33 182 18
33 183 17
33 186 18
33 190 15
33 195 15
33 196 5
33 197 9
33 198 9
34 44 9
34 45 1
34 51 2
34 52 17
34 63 2
34 66 18
34 85 9
34 86 10
34 98 17
34 105 5
34 107 3
34 109 16
34 110 10
34 113 16
34 124 12
34 126 6
34 130 20
34 135 6
34 137 13
34 151 17
34 165 9
34 171 2
34 173 20
34 174 6
34 176 18
34 178 2
34 180 1
34 182 10
34 184 13
34 196 9
35 36 10
35 45 16
35 48 4
35 51 3
35 52 15
35 55 15
35 60 10
35 62 14
35 63 8
35 69 11
35 71 14
35 77 5
35 81 10
35 83 19
35 88 18
35 90 4
35 92 16
35 96 5
35 97 4
35 99 18
35 105 15
35 111 8
35 116 16
35 117 7
35 119 15
35 121 7
35 124 10
35 136 3
35 137 1
35 140 12
35 144 5
35 155 15
35 156 13
35 164 3
35 169 20
35 171 3
35 173 11
35 188 7
35 189 8
35 190 5
35 193 16
35 195 4
36 39 1
36 42 18
36 45 9
36 47 5
36 48 15
36 50 15
36 53 19
36 62 20
36 63 17
36 69 13
36 76 15
36 88 11
36 89 2
36 90 11
36 91 4
36 97 19
36 100 1
36 105 12
36 107 3
36 111 1
36 112 11
36 113 19
36 124 15
36 130 2
36 139 19
36 141 9
36 147 1
36 149 6
36 158 10
36 159 13
36 161 7
36 162 13
36 165 2
36 172 10
36 176 13
36 178 7
36 180 14
36 182 13
36 183 6
36 184 4
36 185 20
36 186 3
36 187 10
36 192 3
36 195 17
37 40 1
37 44 19
37 48 19
37 50 4
37 55 10
37 57 12
37 61 3
37 67 17
37 71 8
37 77 8
37 100 19
37 107 2
37 109 18
37 111 13
37 112 8
37 116 8
37 121 6
37 125 15
37 131 13
37 133 4
37 136 19
37 139 2
37 140 8
37 145 19
37 147 9
37 155 5
37 163 16
37 165 5
37 170 9
37 171 9
37 175 16
37 176 8
37 180 10
37 197 11
38 45 19
38 49 4
38 50 18
38 51 12
38 59 18
38 62 2
38 67 2
38 71 15
38 74 8
38 82 1
38 86 18
38 88 13
38 92 7
38 94 17
38 95 19
38 99 19
38 101 6
38 107 8
38 108 8
38 113 16
38 121 9
38 124 16
38 125 2
38 127 1
38 131 11
38 140 9
38 142 18
38 144 6
38 145 17
38 163 5
38 165 2
38 170 18
38 171 14
38 173 5
38 175 9
38 184 9
38 186 18
38 187 13
38 194 1
39 40 15
39 48 3
39 54 17
39 55 13
39 59 10
39 61 11
39 63 12
39 65 3
39 75 15
39 76 15
39 78 10
39 79 10
39 81 13
39 83 19
39 85 11
39 90 5
39 98 10
39 100 17
39 101 9
39 109 4
39 121 6
39 124 14
39 125 13
39 126 18
39 131 20
39 140 12
39 145 10
39 154 17
39 159 15
39 160 16
39 162 9
39 166 20
39 179 15
39 183 5
39 185 20
39 187 2
39 195 20
40 47 9
40 52 4
40 54 11
40 56 15
40 57 4
40 58 16
40 64 3
40 71 9
40 81 1
40 84 15
40 87 15
40 90 18
40 92 16
40 108 1
40 110 15
40 116 3
40 119 6
40 120 20
40 131 6
40 137 10
40 139 12
40 141 15
40 145 9
40 149 18
40 152 20
40 154 11
40 155 20
40 165 16
40 169 3
40 170 12
40 174 19
40 181 11
40 183 10
40 187 1
40 188 3
40 189 15
40 192 9
40 193 5
40 194 6
41 44 19
41 55 18
41 58 8
41 62 20
41 65 3
41 67 14
41 70 6
41 71 10
41 72 20
41 74 10
41 75 16
41 87 6
41 88 17
41 97 2
41 99 10
41 103 7
41 106 11
41 107 3
41 108 8
41 117 17
41 121 6
41 132 18
41 135 20
41 139 2
41 140 4
41 142 9
41 148 20
41 151 17
41 158 1
41 168 6
41 176 10
41 183 15
41 193 16
41 196 3
41 199 6
42 45 11
42 49 7
42 50 5
42 54 15
42 55 6
42 56 19
42 58 19
42 60 10
42 61 17
42 63 4
42 69 19
42 74 18
42 77 15
42 80 9
42 85 17
42 87 1
42 88 12
42 92 4
42 96 12
42 100 19
42 102 12
42 105 14
42 114 20
42 115 6
42 116 18
42 122 18
42 125 20
42 126 20
42 127 12
42 139 5
42 142 14
42 144 5
42 146 12
42 147 2
42 148 6
42 159 7
42 160 19
42 163 1
42 172 1
42 174 11
42 176 2
42 184 2
42 192 16
42 196 10
42 198 7
42 199 9
43 46 13
43 51 17
43 54 13
43 63 19
43 70 13
43 73 18
43 74 16
43 77 18
43 80 1
43 81 16
43 85 9
43 88 11
43 90 20
43 92 6
43 97 15
43 98 17
43 101 9
43 104 2
43 108 20
43 109 20
43 111 19
43 122 2
43 123 7
43 124 18
43 126 18
43 127 18
43 130 10
43 138 9
43 146 19
43 149 20
43 156 6
43 160 5
43 165 9
43 167 20
43 176 10
43 178 19
43 183 18
43 186 3
43 188 18
43 189 20
43 194 17
43 197 6
43 198 12
43 199 10
44 45 10
44 47 2
44 48 14
44 49 19
44 58 8
44 63 20
44 67 10
44 70 7
44 72 10
44 75 7
44 76 5
44 78 9
44 80 1
44 87 4
44 91 1
44 96 19
44 103 4
44 110 1
44 112 19
44 113 17
44 115 3
44 117 3
44 119 1
44 126 16
44 132 15
44 136 9
44 139 1
44 143 19
44 145 5
44 147 3
44 148 14
44 149 11
44 160 18
44 167 12
44 170 16
44 177 19
44 180 17
44 182 20
44 189 1
44 190 5
44 195 11
44 198 1
45 58 14
45 61 6
45 62 6
45 70 11
45 77 16
45 79 14
45 80 15
45 88 15
45 89 17
45 95 6
45 96 8
45 104 3
45 108 20
45 113 1
45 114 19
45 120 12
45 122 18
45 127 5
45 130 16
45 132 10
45 133 4
45 137 11
45 139 3
45 140 10
45 145 9
45 146 8
45 147 16
45 148 18
45 153 20
45 154 1
45 160 5
45 174 8
45 175 1
45 178 10
45 180 18
45 194 12
46 52 3
46 65 3
46 66 17
46 70 5
46 73 20
46 75 8
46 79 12
46 85 9
46 86 3
46 88 16
46 93 16
46 100 11
46 109 14
46 110 9
46 114 20
46 119 6
46 125 17
46 126 1
46 132 6
46 142 5
46 145 10
46 146 11
46 149 19
46 156 15
46 158 9
46 159 15
46 160 12
46 161 3
46 169 2
46 172 7
46 175 2
46 177 2
46 178 4
46 185 11
46 188 3
46 190 7
46 193 1
46 198 3
47 48 14
47 50 15
47 52 9
47 54 16
47 55 3
47 57 13
47 60 8
47 61 8
47 62 2
47 67 3
47 70 16
47 72 1
47 73 18
47 75 11
47 78 8
47 93 19
47 98 4
47 101 11
47 104 2
47 105 16
47 108 16
47 115 6
47 116 19
47 117 8
47 119 3
47 133 15
47 136 14
47 140 11
47 144 3
47 154 7
47 155 3
47 160 5
47 161 16
47 165 1
47 168 8
47 176 1
47 182 8
47 184 16
47 189 7
47 191 5
47 195 6
48 50 18
48 54 15
48 59 7
48 60 4
48 61 19
48 63 2
48 65 20
48 67 12
48 83 4
48 84 15
48 86 18
48 89 13
48 90 15
48 104 10
48 106 8
48 107 19
48 108 14
48 111 19
48 121 10
48 122 18
48 130 13
48 131 13
48 132 10
48 135 7
48 142 11
48 145 20
48 149 12
48 157 11
48 158 11
48 162 2
48 170 17
48 173 11
48 177 9
48 185 19
48 190 16
48 192 9
49 51 11
49 57 1
49 64 10
49 65 17
49 66 19
49 70 1
49 72 1
49 73 7
49 86 19
49 92 14
49 96 3
49 100 16
49 105 10
49 108 13
49 110 8
49 111 11
49 116 16
49 121 17
49 131 15
49 149 4
49 161 6
49 164 6
49 165 18
49 175 19
49 179 12
49 183 12
49 185 16
49 188 4
49 189 5
49 190 6
49 196 20
49 197 4
49 198 11
50 51 4
50 52 6
50 53 6
50 63 20
50 65 10
50 66 18
50 75 19
50 77 15
50 78 7
50 81 20
50 82 6
50 84 4
50 94 15
50 96 10
50 98 17
50 105 6
50 108 10
50 116 1
50 121 15
50 125 19
50 137 8
50 144 15
50 152 10
50 158 18
50 165 16
50 166 1
50 168 9
50 177 14
50 180 13
50 181 10
50 186 18
50 194 1
50 197 8
51 53 11
51 54 19
51 62 5
51 66 14
51 70 4
51 72 6
51 73 19
51 74 4
51 76 15
51 77 10
51 78 2
51 79 11
51 92 4
51 93 13
51 103 13
51 108 3
51 111 9
51 114 11
51 120 16
51 125 18
51 129 17
51 139 20
51 140 16
51 154 14
51 156 6
51 159 20
51 163 11
51 179 1
51 191 18
51 194 4
51 198 9
52 54 15
52 59 4
52 64 13
52 70 11
52 72 18
52 74 3
52 79 20
52 80 19
52 84 1
52 90 16
52 91 3
52 100 2
52 101 19
52 102 18
52 103 3
52 109 7
52 110 19
52 114 5
52 115 20
52 116 18
52 121 17
52 138 3
52 140 5
52 143 18
52 145 3
52 146 8
52 147 4
52 148 1
52 152 10
52 156 4
52 161 19
52 163 16
52 164 11
52 174 16
52 175 9
52 177 1
52 181 14
52 185 1
52 194 20
53 58 7
53 59 1
53 63 2
53 65 1
53 69 11
53 73 11
53 74 12
53 77 7
53 80 18
53 85 10
53 86 13
53 92 4
53 108 8
53 111 3
53 112 1
53 113 12
53 117 16
53 119 3
53 120 6
53 121 12
53 124 17
53 129 9
53 137 16
53 138 6
53 139 13
53 144 3
53 145 14
53 150 19
53 163 5
53 165 20
53 173 11
53 176 18
53 179 11
53 187 2
53 195 9
53 199 16
54 58 16
54 63 17
54 65 15
54 67 17
54 69 14
54 71 18
54 72 11
54 73 12
54 74 13
54 78 11
54 80 18
54 81 13
54 83 15
54 89 4
54 92 17
54 96 17
54 97 2
54 98 17
54 101 17
54 103 14
54 104 2
54 108 1
54 109 17
54 113 20
54 114 1
54 118 15
54 119 20
54 120 4
54 127 8
54 128 15
54 133 1
54 139 16
54 149 9
54 152 16
54 155 12
54 157 16
54 160 5
54 163 11
54 164 4
54 167 9
54 175 16
54 176 12
54 178 11
54 182 13
54 189 4
54 190 6
54 193 6
54 197 7
54 199 11
55 60 10
55 63 19
55 69 6
55 77 1
55 78 15
55 79 15
55 83 15
55 86 6
55 87 10
55 92 1
55 98 14
55 105 20
55 110 16
55 112 11
55 125 17
55 127 12
55 133 17
55 135 15
55 137 11
55 141 2
55 144 18
55 145 9
55 147 6
55 148 5
55 158 9
55 163 19
55 170 17
55 171 11
55 172 6
55 176 9
55 178 15
55 182 18
55 183 10
55 186 18
55 188 7
55 198 10
56 58 1
56 62 4
56 67 11
56 73 17
56 83 11
56 85 3
56 89 9
56 90 9
56 92 16
56 97 7
56 98 8
56 101 2
56 121 6
56 125 10
56 129 6
56 134 6
56 135 15
56 136 1
56 138 19
56 143 11
56 149 13
56 153 15
56 155 11
56 156 18
56 157 16
56 158 16
56 160 3
56 167 10
56 168 3
56 169 7
56 172 18
56 175 14
56 179 2
56 181 6
56 188 14
56 189 2
56 192 15
56 196 15
57 58 1
57 65 13
57 68 17
57 71 1
57 74 15
57 80 7
57 83 1
57 84 19
57 91 12
57 93 10
57 96 1
57 97 10
57 99 13
57 108 1
57 112 6
57 114 19
57 115 7
57 120 20
57 137 4
57 143 10
57 150 11
57 155 6
57 162 7
57 164 13
57 165 19
57 169 13
57 173 15
57 179 4
57 180 4
57 181 5
57 184 1
57 190 16
57 193 9
58 59 8
58 67 2
58 70 5
58 72 14
58 78 11
58 82 11
58 85 6
58 98 18
58 100 14
58 101 5
58 112 11
58 115 7
58 116 6
58 119 16
58 123 16
58 132 6
58 133 16
58 135 10
58 140 7
58 141 6
58 145 2
58 150 17
58 151 13
58 152 13
58 168 14
58 174 19
58 176 11
58 180 17
58 182 11
58 184 9
58 189 5
58 197 18
59 61 11
59 63 5
59 64 18
59 66 20
59 76 4
59 82 6
59 84 7
59 85 18
59 86 8
59 88 16
59 99 2
59 103 7
59 106 15
59 111 10
59 116 16
59 117 15
59 121 7
59 129 17
59 136 20
59 137 5
59 138 18
59 142 19
59 143 14
59 145 12
59 149 15
59 151 7
59 156 16
59 163 5
59 166 17
59 167 3
59 173 20
59 176 20
59 180 18
59 186 13
59 187 9
59 188 16
59 190 2
59 192 4
59 197 19
59 198 3
60 62 9
60 64 20
60 65 14
60 66 19
60 74 6
60 77 19
60 80 7
60 82 15
60 84 2
60 87 13
60 90 9
60 105 8
60 108 11
60 112 1
60 113 10
60 116 6
60 119 2
60 123 10
60 126 3
60 135 10
60 142 9
60 159 9
60 161 11
60 165 12
60 167 4
60 178 15
60 179 18
60 181 8
60 187 4
60 188 4
60 190 19
60 197 9
61 67 12
61 68 10
61 76 20
61 79 6
61 83 20
61 84 3
61 85 18
61 100 4
61 105 19
61 107 11
61 113 10
61 119 14
61 122 5
61 124 7
61 126 7
61 131 6
61 132 18
61 136 14
61 145 17
61 148 3
61 153 11
61 156 13
61 158 11
61 159 11
61 161 18
61 167 5
61 168 9
61 169 19
61 173 6
61 174 9
61 176 17
61 179 5
61 180 15
61 183 3
61 186 17
61 189 17
61 192 19
61 194 17
61 195 15
61 197 14
61 199 18
62 69 2
62 71 1
62 75 8
62 87 8
62 89 4
62 95 4
62 102 1
62 108 9
62 110 7
62 113 3
62 115 4
62 118 3
62 120 3
62 123 18
62 129 11
62 139 14
62 141 12
62 145 9
62 150 7
62 155 6
62 160 20
62 175 16
62 188 11
62 192 19
62 194 12
62 197 6
63 66 2
63 67 20
63 79 11
63 80 8
63 83 9
63 85 1
63 88 13
63 92 14
63 94 8
63 109 17
63 126 19
63 135 10
63 141 3
63 143 1
63 152 8
63 159 4
63 167 5
63 168 14
63 170 13
63 177 18
63 178 20
63 179 5
63 180 9
63 192 20
63 197 3
63 198 17
63 199 4
64 66 2
64 78 12
64 79 2
64 84 1
64 87 6
64 90 16
64 91 8
64 98 2
64 110 8
64 122 14
64 131 16
64 134 16
64 140 5
64 149 20
64 150 15
64 152 6
64 153 20
64 154 19
64 156 20
64 168 20
64 170 5
64 171 17
64 173 11
64 177 20
64 178 8
64 185 13
64 193 6
65 66 6
65 67 3
65 72 3
65 73 10
65 75 10
65 84 12
65 86 11
65 89 11
65 91 7
65 92 14
65 93 18
65 95 8
65 100 1
65 101 11
65 110 3
65 112 5
65 122 3
65 127 11
65 128 8
65 132 3
65 133 14
65 134 14
65 137 17
65 141 4
65 144 14
65 145 6
65 146 20
65 150 1
65 152 16
65 153 6
65 154 16
65 155 18
65 159 11
65 162 14
65 164 3
65 169 17
65 178 17
65 179 3
65 185 14
65 191 2
65 197 19
65 198 18
66 73 2
66 74 20
66 75 9
66 76 17
66 79 12
66 81 13
66 85 17
66 93 2
66 95 19
66 104 18
66 105 9
66 109 12
66 110 15
66 112 8
66 116 13
66 117 10
66 119 16
66 120 20
66 121 14
66 127 4
66 129 7
66 134 10
66 138 5
66 139 18
66 144 15
66 146 6
66 147 17
66 154 7
66 160 19
66 161 9
66 163 1
66 164 13
66 165 15
66 167 8
66 169 7
66 177 9
66 179 10
66 181 3
66 183 4
66 186 14
66 191 3
66 192 16
66 195 7
67 77 5
67 78 1
67 80 12
67 86 11
67 91 4
67 98 20
67 109 16
67 111 11
67 117 18
67 123 6
67 134 10
67 137 14
67 141 19
67 149 19
67 153 4
67 156 6
67 157 1
67 161 2
67 162 1
67 163 13
67 164 8
67 166 17
67 169 15
67 173 2
67 174 3
67 181 7
67 185 1
67 187 9
67 194 12
67 197 11
67 198 2
68 72 3
68 76 13
68 78 6
68 80 3
68 81 8
68 89 8
68 99 1
68 100 1
68 107 11
68 108 7
68 112 13
68 116 16
68 122 10
68 123 20
68 128 11
68 131 5
68 135 9
68 138 8
68 144 8
68 147 4
68 149 12
68 150 20
68 154 19
68 160 13
68 164 18
68 166 14
68 172 6
68 177 20
68 181 14
68 184 11
68 188 1
68 189 16
68 190 19
68 193 14
68 198 2
68 199 11
69 70 9
69 71 14
69 73 17
69 82 15
69 83 19
69 86 10
69 90 10
69 95 20
69 103 8
69 105 13
69 106 8
69 108 15
69 111 13
69 119 19
69 122 2
69 125 16
69 127 6
69 132 9
69 134 2
69 149 13
69 150 7
69 151 4
69 153 16
69 154 11
69 158 8
69 170 18
69 171 6
69 174 13
69 186 3
69 187 17
69 188 5
69 196 7
70 76 1
70 79 11
70 87 9
70 92 20
70 94 18
70 95 19
70 101 11
70 105 8
70 108 17
70 111 7
70 112 13
70 115 4
70 116 8
70 117 7
70 121 5
70 128 3
70 132 3
70 133 11
70 138 2
70 142 4
70 145 4
70 146 8
70 148 14
70 149 5
70 150 8
70 154 7
70 156 17
70 158 5
70 159 16
70 162 12
70 168 2
70 169 14
70 184 16
70 187 19
70 190 14
70 194 1
70 195 11
71 85 7
71 87 3
71 89 19
71 91 14
71 97 19
71 105 5
71 115 3
71 118 1
71 119 15
71 126 11
71 128 17
71 129 13
71 135 12
71 137 10
71 138 1
71 143 14
71 146 4
71 156 8
71 158 2
71 159 15
71 165 4
71 168 12
71 169 16
71 174 13
71 177 16
71 187 2
71 190 5
71 194 20
72 75 15
72 77 9
72 86 3
72 95 2
72 101 1
72 103 9
72 105 3
72 107 19
72 111 3
72 112 19
72 114 10
72 117 2
72 118 13
72 125 15
72 128 17
72 140 14
72 146 12
72 148 7
72 156 15
72 157 8
72 159 8
72 161 2
72 162 10
72 163 14
72 167 18
72 175 9
72 178 9
72 182 8
72 187 3
72 189 9
72 195 6
72 197 16
72 198 13
73 78 6
73 80 8
73 82 9
73 84 13
73 90 7
73 94 2
73 100 5
73 118 4
73 119 2
73 124 1
73 126 7
73 127 9
73 131 7
73 136 11
73 139 20
73 140 20
73 144 9
73 146 18
73 151 7
73 152 10
73 153 14
73 154 5
73 155 10
73 157 12
73 159 19
73 160 18
73 164 4
73 166 8
73 167 5
73 169 16
73 175 7
73 181 15
73 188 1
73 190 11
73 193 1
74 75 13
74 78 10
74 81 14
74 82 12
74 90 15
74 91 7
74 92 3
74 95 14
74 96 13
74 98 16
74 99 4
74 103 16
74 105 16
74 106 7
74 107 12
74 108 4
74 112 8
74 134 18
74 139 15
74 140 14
74 141 4
74 151 19
74 155 18
74 156 20
74 161 10
74 162 17
74 168 6
74 174 9
74 176 10
74 177 4
74 179 19
74 187 4
74 188 12
74 191 9
74 196 18
74 199 12
75 78 12
75 82 4
75 88 13
75 91 8
75 99 17
75 100 8
75 101 18
75 102 5
75 103 6
75 105 15
75 108 3
75 114 12
75 122 14
75 125 14
75 127 16
75 131 5
75 132 15
75 135 11
75 141 4
75 149 12
75 154 7
75 159 18
75 164 1
75 166 15
75 167 13
75 168 11
75 176 13
75 180 3
75 195 16
76 83 4
76 92 14
76 100 18
76 103 15
76 107 15
76 109 9
76 112 5
76 116 18
76 117 20
76 119 14
76 120 7
76 122 6
76 123 5
76 126 11
76 128 13
76 133 9
76 134 6
76 136 1
76 151 17
76 152 3
76 159 6
76 161 8
76 164 5
76 168 17
76 177 17
76 181 17
76 183 5
76 186 14
76 194 2
76 195 4
76 199 13
77 81 12
77 84 20
77 90 19
77 92 9
77 93 14
77 112 20
77 124 17
77 137 7
77 141 10
77 142 8
77 143 3
77 152 6
77 153 19
77 157 17
77 168 19
77 173 16
77 175 3
77 176 13
77 177 10
77 180 3
77 184 6
77 191 12
77 196 18
77 198 12
78 82 9
78 86 20
78 87 18
78 92 4
78 93 17
78 97 4
78 98 8
78 102 2
78 104 14
78 110 17
78 122 2
78 123 9
78 133 9
78 135 6
78 136 2
78 137 10
78 139 20
78 145 15
78 155 13
78 158 7
78 166 8
78 171 12
78 173 19
78 175 9
78 178 17
78 179 4
78 180 10
78 183 5
78 185 13
78 187 9
78 189 14
78 195 17
78 196 2
78 197 14
78 198 2
78 199 16
79 80 19
79 83 2
79 85 20
79 93 9
79 95 11
79 98 8
79 105 10
79 108 7
79 111 20
79 113 20
79 116 11
79 120 3
79 121 10
79 124 1
79 125 14
79 128 8
79 131 8
79 140 19
79 141 3
79 142 10
79 144 7
79 147 13
79 150 10
79 151 2
79 152 13
79 154 14
79 155 20
79 156 19
79 157 5
79 162 17
79 177 14
79 182 2
79 188 20
79 195 10
79 197 7
80 85 20
80 94 8
80 102 17
80 103 10
80 106 15
80 109 19
80 110 6
80 111 15
80 113 9
80 118 20
80 138 12
80 141 4
80 153 14
80 160 4
80 162 13
80 164 14
80 165 2
80 166 6
80 176 16
80 179 9
80 180 16
80 181 4
80 185 7
80 187 4
80 190 2
80 193 16
81 83 19
81 84 15
81 85 1
81 86 9
81 87 16
81 89 3
81 91 18
81 95 13
81 103 12
81 104 15
81 108 6
81 113 20
81 115 12
81 122 6
81 126 5
81 133 20
81 134 8
81 143 4
81 149 4
81 150 5
81 151 2
81 157 5
81 161 4
81 163 1
81 164 6
81 165 15
81 166 11
81 170 9
81 180 13
81 183 11
81 184 5
81 186 12
81 193 6
81 195 19
82 83 2
82 84 17
82 86 18
82 93 17
82 94 7
82 100 18
82 101 9
82 102 16
82 110 2
82 112 20
82 113 11
82 114 15
82 115 20
82 117 9
82 121 6
82 122 12
82 127 8
82 130 11
82 136 3
82 147 1
82 148 5
82 151 1
82 152 6
82 160 19
82 163 16
82 166 5
82 168 19
82 171 12
82 179 18
82 184 19
82 188 17
82 192 10
82 199 9
83 84 16
83 96 8
83 97 15
83 102 18
83 105 1
83 106 12
83 109 1
83 110 1
83 114 8
83 115 14
83 122 7
83 128 6
83 131 20
83 140 19
83 144 10
83 147 7
83 150 20
83 153 9
83 162 13
83 163 3
83 164 12
83 165 4
83 166 5
83 167 6
83 169 5
83 170 10
83 176 4
83 179 16
83 186 6
83 188 19
83 189 13
83 192 13
83 198 19
84 86 9
84 91 20
84 95 17
84 98 18
84 100 8
84 102 10
84 105 2
84 110 12
84 112 11
84 114 3
84 120 20
84 124 14
84 135 10
84 136 9
84 139 11
84 148 5
84 150 16
84 153 5
84 159 2
84 161 7
84 166 18
84 167 7
84 168 17
84 169 10
84 172 11
84 174 3
84 175 10
84 177 16
84 183 13
84 184 15
84 187 12
84 196 18
84 197 6
84 198 1
85 86 5
85 88 9
85 95 4
85 96 4
85 100 3
85 101 5
85 104 5
85 107 6
85 108 20
85 113 20
85 115 11
85 118 5
85 123 14
85 124 9
85 130 14
85 132 8
85 133 14
85 141 7
85 143 14
85 149 20
85 151 10
85 154 17
85 157 5
85 165 17
85 166 13
85 168 20
85 171 13
85 172 5
85 176 3
85 177 11
85 183 9
85 184 8
85 186 3
85 192 10
85 193 14
85 197 15
86 90 13
86 101 19
86 103 13
86 104 16
86 106 4
86 113 3
86 119 16
86 120 17
86 124 20
86 127 18
86 128 9
86 130 8
86 131 10
86 134 12
86 146 11
86 155 19
86 162 7
86 164 17
86 165 4
86 168 17
86 170 1
86 171 11
86 177 4
86 180 14
86 185 15
86 187 19
86 189 2
86 193 7
86 194 17
87 90 11
87 98 6
87 99 19
87 106 2
87 107 11
87 108 1
87 111 17
87 113 4
87 114 13
87 117 9
87 124 12
87 125 1
87 151 16
87 165 20
87 168 19
87 170 17
87 175 2
87 196 20
88 98 17
88 107 3
88 110 4
88 112 5
88 114 11
88 116 14
88 117 15
88 118 3
88 119 1
88 120 13
88 125 8
88 128 4
88 130 9
88 131 20
88 132 15
88 138 20
88 141 20
88 142 13
88 144 16
88 145 7
88 155 11
88 157 12
88 161 18
88 163 15
88 178 2
88 183 11
88 188 10
88 189 6
88 193 10
89 90 14
89 93 16
89 94 7
89 98 20
89 100 17
89 104 6
89 106 18
89 108 3
89 110 15
89 113 5
89 120 5
89 125 15
89 128 2
89 129 17
89 132 4
89 136 8
89 144 11
89 146 14
89 148 10
89 150 7
89 151 9
89 155 2
89 160 2
89 165 20
89 167 17
89 171 1
89 177 10
89 179 19
89 183 1
89 184 15
89 185 12
89 186 10
89 189 19
89 192 3
90 97 18
90 107 19
90 109 10
90 110 12
90 114 13
90 117 17
90 118 4
90 125 10
90 128 10
90 132 2
90 134 11
90 136 17
90 139 8
90 140 15
90 141 4
90 145 7
90 148 17
90 159 17
90 161 6
90 162 17
90 166 19
90 167 4
90 174 5
90 175 20
90 178 10
90 180 20
90 181 10
90 185 6
90 190 11
90 192 15
90 196 8
91 92 18
91 96 12
91 100 7
91 105 10
91 111 18
91 112 17
91 116 20
91 122 2
91 128 2
91 138 5
91 145 18
91 149 14
91 151 8
91 152 7
91 155 16
91 158 13
91 160 15
91 166 16
91 172 17
91 178 11
91 179 19
91 185 12
91 188 8
91 192 16
91 194 13
91 196 20
91 199 4
92 103 17
92 105 8
92 113 14
92 119 1
92 121 14
92 124 20
92 127 8
92 130 3
92 137 5
92 141 4
92 146 2
92 150 12
92 151 6
92 155 2
92 167 12
92 170 18
92 171 16
92 175 3
92 184 11
92 190 9
92 199 4
93 94 19
93 97 18
93 98 20
93 101 9
93 106 8
93 107 4
93 112 6
93 114 11
93 120 10
93 121 9
93 138 8
93 139 20
93 142 1
93 145 3
93 147 17
93 148 18
93 149 10
93 150 15
93 151 4
93 156 5
93 164 17
93 174 9
93 180 16
93 189 6
94 96 17
94 98 8
94 101 17
94 102 8
94 103 4
94 104 20
94 106 6
94 110 20
94 116 4
94 117 5
94 121 15
94 126 8
94 128 20
94 133 1
94 141 18
94 142 5
94 146 16
94 149 3
94 150 16
94 152 14
94 153 9
94 162 18
94 165 2
94 172 13
94 173 5
94 176 2
94 183 5
94 191 18
95 96 19
95 106 12
95 107 17
95 111 8
95 117 2
95 120 4
95 139 10
95 146 1
95 147 6
95 148 2
95 153 17
95 157 5
95 158 20
95 160 3
95 164 1
95 168 11
95 174 20
95 177 10
95 178 7
95 188 5
96 103 2
96 109 15
96 112 6
96 115 5
96 118 1
96 120 4
96 124 17
96 125 8
96 126 9
96 127 14
96 131 2
96 141 15
96 143 15
96 151 17
96 153 15
96 156 14
96 158 18
96 160 8
96 169 12
96 171 18
96 176 3
96 177 14
96 196 17
96 197 14
96 198 5
96 199 17
97 98 14
97 104 14
97 106 15
97 110 3
97 111 9
97 116 9
97 121 8
97 129 18
97 133 14
97 138 11
97 140 5
97 155 13
97 156 8
97 159 12
97 160 7
97 164 11
97 166 1
97 167 13
97 171 15
97 184 13
97 189 17
97 192 3
97 193 9
97 195 8
98 104 13
98 116 3
98 121 7
98 123 11
98 124 20
98 125 6
98 131 7
98 133 15
98 134 5
98 135 17
98 139 3
98 150 7
98 154 20
98 155 6
98 156 20
98 160 3
98 162 12
98 170 12
98 174 10
98 180 15
98 186 16
98 187 10
99 113 15
99 114 20
99 115 3
99 117 4
99 124 4
99 126 3
99 129 6
99 130 6
99 141 20
99 144 3
99 145 10
99 150 4
99 151 18
99 152 15
99 155 10
99 159 10
99 170 19
99 172 1
99 177 12
99 179 12
99 182 1
99 184 8
99 191 11
99 193 18
99 194 6
100 111 17
100 117 7
100 118 20
100 119 17
100 125 13
100 127 3
100 136 18
100 142 8
100 152 14
100 153 6
100 157 9
100 161 5
100 162 14
100 164 14
100 169 5
100 177 3
100 188 18
100 189 2
100 191 20
100 196 1
100 198 18
101 103 13
101 112 9
101 124 15
101 125 14
101 128 15
101 135 3
101 138 3
101 149 6
101 152 5
101 153 5
101 165 4
101 166 11
101 167 6
101 171 12
101 175 19
101 180 18
101 181 13
101 186 17
101 190 15
101 194 13
102 104 3
102 105 14
102 107 18
102 109 20
102 114 8
102 123 20
102 128 6
102 130 11
102 132 7
102 133 10
102 139 5
102 149 15
102 152 6
102 163 18
102 164 6
102 166 13
102 167 5
102 169 1
102 170 7
102 171 19
102 173 9
102 174 8
102 176 9
102 177 17
102 184 17
102 187 16
102 188 17
102 196 18
103 106 6
103 107 1
103 108 3
103 109 5
103 111 3
103 112 10
103 113 19
103 117 6
103 119 12
103 120 10
103 133 13
103 135 9
103 140 13
103 141 19
103 142 17
103 145 15
103 147 13
103 157 2
103 160 18
103 168 15
103 171 3
103 172 8
103 181 8
103 186 6
103 195 6
104 105 15
104 110 17
104 111 13
104 112 7
104 115 15
104 118 20
104 130 5
104 131 3
104 132 17
104 134 18
104 139 5
104 140 13
104 147 12
104 153 6
104 156 3
104 159 5
104 160 5
104 161 14
104 162 4
104 164 7
104 166 4
104 170 14
104 172 7
104 182 7
104 189 10
104 191 11
104 192 18
105 118 16
105 128 19
105 133 17
105 134 16
105 136 19
105 138 16
105 143 19
105 147 1
105 150 2
105 161 4
105 162 16
105 167 2
105 173 2
105 183 10
105 187 7
105 188 12
105 190 3
105 191 17
105 192 13
105 193 14
105 195 6
105 197 14
105 199 8
106 116 19
106 117 19
106 126 12
106 135 16
106 141 8
106 143 11
106 156 2
106 164 4
106 169 16
106 172 13
106 179 12
106 185 13
106 189 3
106 191 20
106 196 9
107 109 8
107 114 18
107 115 17
107 120 13
107 123 7
107 130 9
107 137 8
107 139 19
107 164 9
107 165 14
107 169 9
107 170 8
107 173 13
107 177 3
107 181 10
107 186 7
107 191 3
107 197 12
107 198 5
108 115 7
108 117 3
108 121 16
108 127 12
108 128 9
108 129 8
108 131 8
108 137 14
108 138 5
108 139 7
108 140 12
108 143 4
108 145 9
108 146 5
108 148 16
108 158 7
108 160 20
108 166 20
108 169 4
108 170 9
108 171 6
108 172 2
108 173 11
108 187 13
108 194 10
108 199 15
109 110 3
109 113 7
109 116 9
109 117 14
109 124 12
109 132 19
109 134 7
109 135 2
109 138 7
109 139 16
109 144 19
109 152 6
109 154 17
109 160 6
109 162 5
109 166 18
109 173 17
109 174 5
109 176 18
109 181 12
109 182 1
109 184 5
109 186 17
109 187 3
109 193 6
109 194 10
109 195 14
109 197 9
110 111 17
110 114 19
110 115 12
110 116 2
110 123 12
110 125 2
110 127 18
110 136 6
110 146 14
110 154 2
110 163 8
110 166 11
110 168 9
110 173 19
110 175 4
110 176 5
110 177 17
110 181 5
110 189 2
110 192 19
110 194 17
110 198 3
111 120 1
111 125 6
111 129 17
111 133 18
111 137 4
111 138 8
111 139 16
111 144 8
111 152 13
111 155 17
111 158 7
111 159 13
111 163 5
111 171 12
111 172 18
111 173 5
111 181 3
111 183 8
111 184 10
111 193 8
111 194 8
111 198 9
111 199 11
112 114 4
112 115 20
112 116 17
112 124 5
112 129 20
112 131 16
112 146 1
112 148 12
112 155 6
112 158 6
112 161 14
112 163 3
112 164 7
112 167 6
112 168 14
112 171 9
112 175 9
112 180 19
112 185 18
112 187 17
112 193 13
113 120 12
113 121 10
113 128 17
113 130 14
113 131 17
113 134 3
113 142 5
113 143 18
113 147 16
113 154 13
113 163 6
113 166 13
113 167 2
113 168 12
113 173 4
113 181 9
113 187 7
113 191 20
113 197 10
114 118 20
114 123 12
114 125 3
114 129 5
114 131 2
114 134 18
114 138 1
114 140 17
114 143 14
114 146 6
114 150 10
114 158 4
114 167 13
114 173 13
114 182 8
114 184 16
114 185 2
114 188 14
114 193 20
114 194 2
114 196 17
115 121 3
115 126 4
115 128 14
115 135 14
115 136 6
115 137 14
115 138 4
115 139 9
115 140 8
115 141 16
115 144 1
115 146 18
115 148 2
115 164 16
115 168 5
115 180 8
115 181 16
115 184 14
115 186 16
115 193 7
115 195 7
116 122 13
116 124 7
116 129 15
116 131 19
116 135 5
116 136 1
116 137 1
116 140 4
116 141 19
116 148 17
116 167 20
116 168 4
116 171 6
116 172 8
116 174 8
116 184 2
116 190 14
116 196 18
116 198 12
117 118 16
117 123 19
117 126 10
117 127 5
117 129 3
117 130 8
117 142 19
117 144 14
117 149 1
117 153 6
117 162 8
117 168 2
117 171 4
117 176 13
117 183 1
117 187 14
117 193 9
117 197 14
118 132 6
118 139 1
118 145 17
118 147 15
118 150 5
118 169 11
118 170 6
118 174 11
118 176 5
118 178 9
118 180 18
118 181 16
118 182 19
118 186 20
119 125 9
119 128 12
119 129 2
119 130 18
119 131 8
119 139 11
119 141 20
119 144 18
119 145 3
119 158 10
119 159 19
119 162 20
119 165 20
119 167 8
119 170 12
119 171 8
119 176 16
119 183 9
119 185 3
119 192 2
119 194 5
119 198 8
120 130 8
120 131 13
120 132 7
120 137 19
120 138 17
120 139 1
120 140 5
120 154 19
120 155 17
120 162 17
120 176 11
120 177 16
120 183 4
120 185 18
120 195 11
120 197 19
120 198 4
121 122 13
121 126 6
121 127 18
121 128 1
121 129 5
121 130 9
121 133 20
121 137 11
121 141 12
121 147 18
121 149 13
121 151 7
121 157 3
121 162 9
121 170 6
121 171 17
121 174 14
121 175 13
121 176 3
121 178 12
121 182 15
121 186 15
121 188 6
121 189 1
121 192 18
121 194 9
122 125 1
122 126 4
122 128 6
122 129 1
122 142 17
122 147 14
122 152 19
122 158 10
122 163 20
122 167 12
122 168 10
122 171 20
122 175 13
122 177 7
122 178 16
122 184 1
122 185 13
122 192 20
122 193 14
122 195 7
122 199 2
123 124 6
123 126 8
123 128 3
123 134 12
123 136 14
123 142 19
123 144 2
123 150 6
123 154 14
123 157 15
123 159 3
123 162 9
123 167 18
123 169 20
123 175 19
123 176 10
123 177 10
123 180 12
123 188 16
123 194 9
124 128 1
124 131 6
124 132 4
124 134 9
124 136 13
124 138 18
124 140 2
124 142 18
124 145 5
124 161 16
124 163 9
124 167 13
124 170 20
124 172 13
124 174 8
124 181 4
124 189 7
124 190 4
124 191 7
124 194 1
124 195 18
125 139 15
125 143 2
125 144 1
125 148 7
125 149 11
125 156 10
125 159 17
125 166 1
125 172 16
125 177 20
125 179 12
125 183 9
125 187 3
125 190 19
125 194 16
125 195 20
125 196 8
126 135 12
126 137 3
126 142 19
126 143 16
126 146 2
126 149 6
126 151 20
126 153 2
126 154 1
126 158 20
126 160 18
126 162 13
126 164 10
126 166 3
126 170 15
126 181 18
126 185 3
126 193 7
126 199 18
127 130 18
127 131 15
127 133 15
127 139 19
127 147 1
127 149 7
127 150 20
127 159 8
127 160 7
127 162 6
127 165 4
127 168 14
127 169 9
127 171 1
127 172 16
127 173 20
127 176 9
127 178 19
127 179 9
127 193 12
127 196 5
127 197 2
127 198 8
127 199 13
128 130 8
128 133 10
128 135 14
128 162 6
128 174 6
128 181 2
128 184 17
128 188 12
128 189 8
128 191 15
128 194 14
128 195 3
128 198 4
128 199 14
129 131 20
129 139 13
129 143 3
129 144 17
129 146 9
129 148 3
129 149 2
129 154 19
129 156 19
129 159 16
129 160 4
129 162 10
129 164 4
129 167 19
129 171 8
129 193 11
129 194 2
130 138 11
130 139 15
130 145 19
130 147 13
130 153 13
130 157 10
130 161 2
130 162 13
130 164 20
130 170 19
130 173 20
130 174 9
130 179 17
130 187 7
131 132 5
131 135 6
131 138 15
131 140 8
131 143 20
131 145 1
131 159 2
131 162 13
131 168 3
131 172 16
131 174 1
131 175 15
131 180 17
131 183 11
131 186 18
131 191 7
131 198 5
132 135 4
132 136 1
132 138 19
132 139 13
132 142 18
132 149 19
132 153 5
132 155 3
132 159 20
132 162 10
132 163 16
132 164 10
132 166 9
132 167 1
132 169 10
132 170 11
132 171 13
132 172 11
132 177 3
132 178 2
132 187 1
132 191 16
132 196 1
132 198 15
133 137 20
133 139 2
133 141 5
133 142 10
133 144 8
133 145 7
133 151 19
133 154 6
133 163 19
133 166 14
133 171 20
133 179 8
133 181 5
133 186 19
133 188 13
133 189 2
133 194 10
133 195 1
134 147 14
134 154 12
134 157 16
134 163 16
134 165 13
134 170 17
134 171 3
134 174 16
134 175 5
134 178 18
134 182 3
134 184 14
134 185 14
134 186 9
134 187 4
134 191 18
134 198 18
135 136 10
135 155 13
135 156 4
135 163 18
135 170 12
135 173 16
135 176 17
135 179 1
135 181 16
135 189 19
136 144 17
136 145 9
136 153 12
136 158 16
136 161 6
136 163 15
136 166 13
136 171 1
136 176 2
136 178 10
136 186 11
136 187 16
136 194 3
136 195 16
136 196 2
137 141 2
137 143 5
137 144 15
137 146 16
137 148 9
137 156 14
137 162 15
137 168 6
137 172 19
137 173 3
137 177 16
137 185 4
137 189 8
137 192 7
137 193 16
137 199 12
138 140 15
138 147 19
138 160 12
138 161 7
138 164 7
138 168 19
138 169 12
138 170 15
138 171 9
138 172 7
138 176 7
138 177 16
138 182 17
138 185 6
138 189 6
138 192 19
138 193 13
138 195 1
138 198 14
139 140 6
139 141 15
139 144 11
139 145 4
139 150 1
139 152 13
139 153 10
139 157 11
139 162 1
139 165 4
139 167 18
139 169 11
139 170 8
139 174 13
139 179 15
139 183 9
139 188 4
139 190 2
139 191 9
139 194 16
139 196 16
140 151 1
140 153 8
140 160 9
140 161 19
140 178 4
140 188 5
140 190 15
140 191 3
140 195 11
140 197 3
140 198 1
141 143 7
141 148 2
141 152 15
141 154 13
141 160 3
141 166 13
141 173 2
141 174 15
141 180 7
141 189 7
141 191 16
141 195 8
141 196 3
141 197 6
141 199 13
142 143 11
142 144 7
142 154 16
142 161 4
142 163 18
142 172 10
142 186 17
142 189 17
142 194 13
143 145 17
143 146 12
143 158 17
143 159 14
143 179 17
143 187 9
144 146 5
144 152 5
144 154 3
144 155 16
144 159 3
144 163 19
144 167 5
144 170 2
144 172 8
144 176 1
144 179 9
144 183 7
144 186 1
144 187 12
144 190 2
144 191 10
145 147 19
145 148 12
145 149 18
145 151 1
145 156 2
145 158 14
145 161 7
145 162 3
145 166 9
145 168 18
145 173 13
145 186 1
145 188 20
145 190 3
145 194 1
145 196 12
145 199 8
146 147 6
146 159 4
146 164 8
146 169 8
146 172 15
146 177 1
146 184 16
146 188 10
146 190 5
146 191 11
146 197 19
146 199 19
147 150 4
147 160 20
147 168 19
147 194 4
147 198 16
147 199 10
148 154 13
148 157 14
148 162 6
148 171 12
148 176 5
148 177 20
148 190 18
148 193 4
148 194 3
149 157 14
149 168 13
149 170 4
149 174 6
149 176 20
149 180 1
149 186 12
149 187 3
149 190 13
149 193 11
149 195 2
149 198 15
150 164 6
150 166 20
150 170 2
150 175 4
150 176 13
150 187 5
150 190 12
150 194 1
150 195 1
151 156 3
151 157 11
151 159 15
151 163 17
151 165 12
151 172 20
151 178 3
151 184 18
151 185 19
151 195 6
151 199 16
152 157 20
152 165 19
152 169 17
152 172 5
152 174 15
152 179 8
152 184 17
152 190 15
152 193 16
153 166 2
153 172 12
153 176 18
153 180 17
153 188 12
153 192 9
154 156 7
154 158 20
154 167 4
154 168 14
154 171 1
154 186 16
154 190 12
154 197 10
155 165 17
155 166 10
155 167 16
155 171 16
155 173 9
155 174 4
155 176 15
155 182 9
155 183 7
155 188 20
155 190 16
155 195 7
155 198 10
156 164 9
156 166 18
156 168 15
156 169 14
156 175 2
156 176 16
156 177 4
156 178 2
156 181 6
156 186 4
156 196 18
156 197 7
157 164 11
157 165 17
157 175 10
157 180 20
157 182 17
157 184 17
157 186 4
157 195 10
157 197 20
157 199 8
158 165 2
158 169 15
158 174 16
158 176 1
158 179 15
158 181 3
158 183 1
158 184 9
158 185 2
158 187 19
158 188 12
158 198 9
159 164 17
159 168 6
159 171 5
159 172 8
159 175 3
159 177 20
159 180 10
159 183 6
159 185 19
159 195 10
159 198 1
159 199 1
160 162 2
160 164 12
160 165 9
160 168 1
160 170 17
160 172 13
160 173 20
160 179 11
160 181 2
160 184 6
160 192 11
160 193 12
160 194 7
160 195 4
160 199 19
161 167 5
161 170 14
161 171 4
161 176 12
161 177 17
161 189 6
161 196 8
162 164 10
162 171 12
162 182 15
162 183 2
162 184 10
162 187 15
162 190 9
163 164 13
163 169 14
163 176 11
163 178 1
163 179 9
163 181 5
163 185 20
163 186 1
163 189 1
163 190 7
163 192 10
163 193 9
163 197 19
164 185 10
164 192 16
164 197 3
165 167 1
165 168 15
165 171 7
165 172 16
165 177 12
165 186 2
165 189 1
165 190 4
165 194 13
165 199 14
166 168 14
166 170 2
166 171 19
166 182 5
166 191 1
166 195 3
166 197 7
166 199 14
167 170 14
167 171 2
167 174 8
167 176 1
167 180 3
167 191 17
167 194 12
167 196 14
167 197 13
168 169 7
168 178 20
168 181 1
168 184 14
168 188 11
168 198 3
169 176 8
169 182 9
169 185 17
169 189 8
169 193 14
169 195 1
170 173 8
170 190 7
170 197 10
171 173 3
171 177 8
171 180 14
171 183 20
171 185 12
171 186 20
171 191 17
171 194 7
171 196 19
172 174 4
172 177 12
172 179 8
172 180 19
172 181 17
172 187 9
172 191 18
172 193 20
172 194 11
172 196 17
173 174 17
173 175 13
173 177 4
173 179 14
173 187 6
173 189 18
173 191 9
173 197 11
173 198 19
173 199 10
174 180 19
174 181 7
174 182 9
174 186 10
174 188 2
174 191 3
174 192 9
174 193 6
175 179 14
175 191 13
175 198 7
175 199 18
176 178 11
176 183 2
176 184 16
176 186 9
176 191 19
176 192 4
176 193 2
177 178 16
177 181 1
177 183 2
177 191 16
177 192 15
177 196 11
177 198 2
178 181 14
178 192 1
178 194 13
178 198 13
179 181 3
179 188 1
179 190 19
179 194 5
179 196 3
179 197 19
180 184 9
180 185 5
180 188 15
180 190 10
180 192 1
180 193 9
180 198 19
180 199 17
181 183 5
181 188 5
181 189 1
181 190 7
182 186 5
182 187 17
182 189 12
183 187 1
183 188 4
183 192 10
183 194 18
183 196 5
183 199 15
184 185 2
184 189 15
184 191 1
184 194 5
185 189 15
186 188 20
186 192 17
186 195 15
187 188 4
187 190 15
187 192 14
188 193 6
188 196 9
189 191 3
189 194 12
189 198 20
190 194 10
190 197 7
190 199 5
191 195 10
191 198 19
193 194 4
193 196 20
193 197 20
197 198 19
198 199 18
