625 50 9 0
0 7 3
0 9 12
0 18 17
0 26 14
0 30 5
0 34 17
0 35 12
1 3 14
1 4 5
1 7 11
1 12 13
1 13 6
1 17 3
1 19 19
1 20 5
1 24 5
1 27 20
1 31 1
1 33 4
1 37 3
1 42 3
1 45 13
1 46 18
1 47 12
1 48 7
2 1 11
2 7 14
2 14 13
2 16 18
2 17 7
2 20 13
2 34 13
2 42 4
2 44 20
2 45 12
2 46 1
2 49 14
3 5 11
3 6 5
3 8 15
3 11 6
3 16 3
3 17 11
3 21 19
3 22 14
3 24 19
3 25 13
3 26 14
3 30 3
3 36 7
3 37 8
3 40 16
3 46 5
4 8 6
4 13 18
4 15 10
4 18 12
4 20 2
4 22 11
4 27 11
4 33 13
4 36 13
4 37 8
5 0 16
5 12 11
5 13 6
5 21 18
5 24 8
5 33 14
5 38 8
6 4 16
6 5 10
6 13 2
6 15 14
6 18 13
6 27 17
6 36 7
6 40 10
6 41 20
6 44 13
7 2 19
7 11 1
7 13 5
7 21 9
7 26 19
7 29 16
7 37 20
7 38 16
7 40 10
7 43 8
7 49 13
8 0 18
8 4 19
8 7 11
8 9 20
8 30 2
8 33 2
8 34 1
8 46 15
8 48 16
8 49 14
9 5 8
9 7 1
9 10 18
9 14 5
9 15 20
9 16 5
9 17 2
9 24 16
9 33 12
9 35 12
9 36 19
9 40 17
9 42 8
9 48 8
9 49 9
10 3 13
10 4 8
10 9 17
10 22 9
10 23 19
10 27 10
10 28 19
10 37 16
10 38 14
10 39 4
10 41 2
10 42 18
10 46 11
10 48 19
11 1 20
11 2 3
11 17 5
11 19 12
11 20 1
11 24 7
11 25 6
11 26 20
11 28 5
11 35 5
11 36 1
11 38 2
11 40 5
11 43 10
11 48 14
12 8 8
12 14 5
12 24 20
12 25 4
12 28 2
12 33 1
12 38 11
12 40 6
12 42 12
12 46 13
12 48 19
13 1 19
13 4 11
13 15 4
13 16 19
13 19 14
13 28 3
13 33 5
13 44 11
13 45 8
13 47 20
13 48 4
14 0 19
14 7 8
14 11 20
14 15 12
14 16 2
14 20 16
14 22 7
14 23 13
14 24 6
14 26 6
14 29 6
14 30 9
14 33 19
14 38 11
14 43 6
14 44 9
14 47 6
15 1 19
15 14 20
15 28 3
15 30 12
15 39 6
15 40 2
15 48 2
15 49 6
16 5 12
16 6 17
16 8 9
16 10 13
16 12 10
16 13 15
16 14 4
16 17 19
16 25 2
16 34 15
16 39 18
16 41 8
17 7 15
17 11 4
17 13 7
17 14 6
17 16 7
17 25 13
17 26 12
17 29 16
17 33 15
17 35 14
17 39 8
17 42 5
17 45 14
17 47 17
17 49 14
18 1 13
18 6 6
18 13 6
18 17 12
18 19 18
18 21 12
18 27 7
18 36 12
18 37 7
18 39 6
18 41 16
18 45 12
18 49 8
19 3 9
19 8 13
19 11 15
19 12 7
19 21 6
19 32 3
19 35 20
19 42 8
19 45 10
19 46 5
19 47 5
19 49 4
20 5 20
20 10 11
20 12 9
20 13 16
20 17 4
20 22 3
20 24 16
20 31 8
20 32 9
20 34 5
20 37 8
20 38 5
20 49 18
21 1 1
21 2 14
21 6 9
21 12 10
21 17 12
21 24 10
21 29 1
21 31 4
21 36 3
21 38 13
22 5 17
22 6 12
22 11 7
22 25 1
22 29 12
22 33 3
22 34 16
22 36 9
22 40 16
22 47 3
22 48 2
23 4 13
23 5 13
23 8 1
23 15 16
23 17 2
23 21 6
23 31 16
23 44 4
23 46 4
23 48 18
24 0 3
24 2 3
24 7 2
24 8 19
24 9 16
24 13 7
24 14 16
24 15 6
24 20 1
24 26 16
24 27 16
24 28 15
24 34 1
24 35 20
24 37 18
24 42 4
24 43 1
24 44 19
24 45 12
24 46 15
24 47 13
25 1 6
25 2 18
25 3 9
25 17 5
25 26 4
25 28 15
25 29 1
25 30 2
25 31 19
25 32 10
25 33 7
25 35 13
25 36 5
25 37 19
25 38 13
25 41 8
25 49 11
26 11 13
26 12 18
26 19 10
26 25 9
26 28 11
26 32 5
26 35 15
26 47 12
27 0 17
27 3 13
27 9 11
27 16 15
27 23 6
27 28 7
27 30 18
27 34 3
27 35 9
27 42 16
27 49 14
28 1 12
28 3 4
28 4 18
28 6 20
28 9 15
28 13 10
28 14 9
28 15 20
28 17 1
28 21 1
28 25 2
28 26 11
28 29 1
28 32 6
28 35 20
28 36 2
28 39 13
28 43 14
28 46 2
28 47 11
29 3 20
29 8 11
29 10 18
29 11 15
29 12 12
29 20 4
29 23 4
29 27 10
29 37 18
29 39 7
29 40 17
29 44 16
30 1 12
30 13 6
30 17 14
30 18 3
30 22 3
30 25 7
30 34 9
30 38 8
30 39 14
30 41 3
30 44 11
31 0 9
31 7 5
31 13 1
31 14 2
31 15 1
31 16 16
31 19 16
31 23 2
31 30 16
31 35 5
31 37 1
31 38 16
31 40 17
31 43 9
31 49 10
32 0 1
32 1 9
32 4 9
32 9 10
32 13 15
32 22 12
32 28 3
32 34 11
32 37 19
32 38 16
32 44 20
33 3 19
33 6 13
33 8 4
33 9 17
33 10 5
33 12 2
33 14 9
33 15 4
33 18 7
33 20 15
33 21 2
33 22 2
33 23 10
33 24 8
33 25 17
33 26 3
33 31 7
33 37 10
33 44 5
34 8 8
34 22 7
34 26 5
34 28 20
34 29 20
34 31 3
34 32 19
34 33 20
34 35 16
34 39 4
34 43 15
34 44 10
34 45 11
34 46 6
34 47 9
34 48 11
35 4 1
35 6 11
35 17 6
35 18 4
35 20 9
35 21 4
35 23 7
35 25 8
35 28 19
35 33 19
35 34 5
35 41 10
35 45 14
36 8 17
36 9 5
36 10 8
36 13 16
36 14 3
36 17 9
36 24 4
36 26 7
36 28 8
36 35 6
36 37 1
36 45 11
37 1 4
37 2 9
37 8 15
37 9 3
37 11 1
37 12 18
37 15 14
37 17 13
37 26 19
37 28 16
37 31 2
37 38 5
37 40 19
37 44 17
38 10 18
38 25 3
38 27 5
38 29 20
38 34 10
39 0 17
39 3 15
39 4 11
39 6 6
39 11 15
39 12 19
39 13 7
39 24 3
39 25 17
39 27 7
39 29 14
39 31 12
39 36 8
39 45 1
39 46 5
39 47 17
39 49 2
40 2 9
40 8 11
40 13 8
40 15 4
40 22 10
40 23 18
40 27 12
40 41 20
40 44 8
41 1 20
41 10 5
41 12 8
41 20 7
41 33 7
41 44 15
41 47 1
42 5 12
42 7 7
42 13 3
42 14 11
42 22 6
42 23 10
42 30 3
42 31 11
42 33 18
42 36 15
42 39 7
42 46 11
42 48 7
43 9 14
43 10 1
43 11 13
43 12 13
43 15 15
43 19 13
43 21 2
43 25 13
43 26 17
43 28 6
43 30 5
43 32 7
43 34 5
43 35 4
43 37 1
43 44 13
43 46 3
43 47 14
44 6 15
44 13 20
44 19 3
44 21 15
44 22 6
44 25 4
44 30 20
44 31 11
44 36 13
44 40 4
44 47 10
45 7 13
45 11 8
45 19 1
45 22 8
45 25 11
45 32 8
45 34 13
46 0 15
46 1 1
46 2 7
46 5 15
46 9 5
46 14 20
46 15 19
46 16 12
46 17 11
46 21 4
46 25 4
46 27 5
46 30 14
46 31 14
46 34 15
46 35 16
46 39 12
46 48 7
47 2 20
47 7 20
47 10 9
47 12 3
47 16 13
47 19 12
47 21 7
47 26 15
47 27 13
47 31 13
47 33 20
48 0 5
48 5 13
48 7 15
48 8 7
48 13 14
48 16 16
48 27 4
48 30 14
48 42 19
48 49 11
49 1 4
49 6 7
49 23 4
49 27 16
49 28 4
49 33 3
49 36 9
49 39 3
49 42 13
49 45 7
49 48 1
