7500 100 81 0
0 1 4
0 2 11
0 3 7
0 4 10
0 5 5
0 6 19
0 7 2
0 8 13
0 9 19
0 10 1
0 11 15
0 12 3
0 13 3
0 15 15
0 16 20
0 17 16
0 18 4
0 19 3
0 20 9
0 23 2
0 24 3
0 25 12
0 27 7
0 30 11
0 31 16
0 32 7
0 33 14
0 34 11
0 35 16
0 36 5
0 37 2
0 38 8
0 39 8
0 41 3
0 43 9
0 44 6
0 46 13
0 49 13
0 50 11
0 51 2
0 53 18
0 55 17
0 57 3
0 60 15
0 61 6
0 62 6
0 63 7
0 64 14
0 65 13
0 66 17
0 68 19
0 69 6
0 71 13
0 72 7
0 73 8
0 74 12
0 75 18
0 77 5
0 78 6
0 80 4
0 83 15
0 84 1
0 86 16
0 87 5
0 88 12
0 91 13
0 92 1
0 93 6
0 95 17
0 96 1
0 97 17
0 99 12
1 3 6
1 4 19
1 5 19
1 6 13
1 10 11
1 11 2
1 12 13
1 14 16
1 15 1
1 16 16
1 17 3
1 18 15
1 20 5
1 23 14
1 24 11
1 25 5
1 26 17
1 28 1
1 29 20
1 30 11
1 31 13
1 32 7
1 33 16
1 34 10
1 35 19
1 36 1
1 37 15
1 38 14
1 40 6
1 41 12
1 42 12
1 44 3
1 45 13
1 47 6
1 48 15
1 49 13
1 50 4
1 51 1
1 53 18
1 54 19
1 57 18
1 58 15
1 59 8
1 60 10
1 61 20
1 62 13
1 64 1
1 65 20
1 66 8
1 67 10
1 68 13
1 71 5
1 72 7
1 73 14
1 75 13
1 77 13
1 78 16
1 79 16
1 81 20
1 82 16
1 83 14
1 84 11
1 85 17
1 86 2
1 87 9
1 89 6
1 90 20
1 91 16
1 93 6
1 94 16
1 95 17
1 96 10
1 97 10
1 98 7
1 99 19
2 0 20
2 1 18
2 3 18
2 4 3
2 5 16
2 6 16
2 8 9
2 9 10
2 10 3
2 11 5
2 12 3
2 14 6
2 15 11
2 16 1
2 17 11
2 18 11
2 19 20
2 22 18
2 23 11
2 24 20
2 25 1
2 28 19
2 29 1
2 31 8
2 32 19
2 36 6
2 37 19
2 38 2
2 39 15
2 40 16
2 41 2
2 43 9
2 44 16
2 45 14
2 46 5
2 47 8
2 48 13
2 49 13
2 50 6
2 51 19
2 52 18
2 53 10
2 54 19
2 55 9
2 56 4
2 57 12
2 58 7
2 59 1
2 60 16
2 62 4
2 63 3
2 64 3
2 66 8
2 67 20
2 68 15
2 69 3
2 70 17
2 71 17
2 73 4
2 75 1
2 76 14
2 77 8
2 78 7
2 80 2
2 81 19
2 82 6
2 83 8
2 84 4
2 85 6
2 86 4
2 87 18
2 88 20
2 89 5
2 90 7
2 92 10
2 93 15
2 95 9
2 96 4
2 97 6
2 98 7
2 99 4
3 1 19
3 2 8
3 5 11
3 7 13
3 8 12
3 9 11
3 10 16
3 11 9
3 12 17
3 14 13
3 15 12
3 17 14
3 18 20
3 21 2
3 22 7
3 23 13
3 24 9
3 25 9
3 28 18
3 29 14
3 31 19
3 32 20
3 33 9
3 35 16
3 40 5
3 41 18
3 43 18
3 44 19
3 46 17
3 47 7
3 48 9
3 50 14
3 51 4
3 52 17
3 53 3
3 55 15
3 56 2
3 57 8
3 58 1
3 59 19
3 60 6
3 62 17
3 63 3
3 65 15
3 66 6
3 67 13
3 68 5
3 70 14
3 73 7
3 74 15
3 75 6
3 78 11
3 79 12
3 80 13
3 81 12
3 82 10
3 83 14
3 85 11
3 86 5
3 87 8
3 88 10
3 89 15
3 90 10
3 91 17
3 92 5
3 93 5
3 96 11
3 97 12
3 99 13
4 0 7
4 1 10
4 2 11
4 3 15
4 5 14
4 7 9
4 8 14
4 10 18
4 11 4
4 12 19
4 14 3
4 17 19
4 18 6
4 19 4
4 20 5
4 22 3
4 23 3
4 24 19
4 25 3
4 27 11
4 28 12
4 29 7
4 31 14
4 32 2
4 33 3
4 34 13
4 37 15
4 38 9
4 39 10
4 40 9
4 41 13
4 42 13
4 44 18
4 46 1
4 47 8
4 48 18
4 49 4
4 51 20
4 52 7
4 53 16
4 54 5
4 55 4
4 56 5
4 57 18
4 59 11
4 60 2
4 61 2
4 62 14
4 63 3
4 64 16
4 65 18
4 67 16
4 71 8
4 73 14
4 74 15
4 76 9
4 77 11
4 78 7
4 79 2
4 80 10
4 81 2
4 82 20
4 83 14
4 84 6
4 85 15
4 87 2
4 88 9
4 89 1
4 90 13
4 91 14
4 92 9
4 93 5
4 94 1
4 96 4
4 97 20
5 0 11
5 1 18
5 2 16
5 4 11
5 6 18
5 7 5
5 8 15
5 10 9
5 12 17
5 13 14
5 16 16
5 17 2
5 18 13
5 19 16
5 20 15
5 22 10
5 23 14
5 24 19
5 25 14
5 26 17
5 27 3
5 28 20
5 29 6
5 31 6
5 32 20
5 33 11
5 34 10
5 36 18
5 37 6
5 38 5
5 39 11
5 40 20
5 41 10
5 43 8
5 44 6
5 45 12
5 47 9
5 48 16
5 49 12
5 50 12
5 52 9
5 53 3
5 54 15
5 56 1
5 57 17
5 58 16
5 59 1
5 63 10
5 64 7
5 65 14
5 66 18
5 67 7
5 68 5
5 69 14
5 70 9
5 72 13
5 73 13
5 74 5
5 75 15
5 76 20
5 77 4
5 79 6
5 80 3
5 82 7
5 83 4
5 84 14
5 85 10
5 86 13
5 88 20
5 89 6
5 90 10
5 91 5
5 92 5
5 94 12
5 95 7
5 96 16
5 97 18
5 98 3
5 99 3
6 0 3
6 1 11
6 3 10
6 4 7
6 5 4
6 7 16
6 8 12
6 11 13
6 12 20
6 14 18
6 15 5
6 16 4
6 17 20
6 19 12
6 20 13
6 21 8
6 22 10
6 23 8
6 24 10
6 25 7
6 27 15
6 30 5
6 31 16
6 32 12
6 35 9
6 39 4
6 40 8
6 41 10
6 43 12
6 45 7
6 47 16
6 48 8
6 49 4
6 50 20
6 52 16
6 54 12
6 55 18
6 56 14
6 57 4
6 58 5
6 59 15
6 62 20
6 63 2
6 64 8
6 65 5
6 66 7
6 67 13
6 69 16
6 71 11
6 72 19
6 73 15
6 74 2
6 75 12
6 76 10
6 77 19
6 78 15
6 80 2
6 82 10
6 83 5
6 84 20
6 85 6
6 88 1
6 89 1
6 91 1
6 92 13
6 95 8
6 96 9
6 97 17
6 98 1
6 99 17
7 2 10
7 3 2
7 4 19
7 5 14
7 8 6
7 9 16
7 12 3
7 13 9
7 14 7
7 15 13
7 16 20
7 17 9
7 18 11
7 19 16
7 20 3
7 21 12
7 22 15
7 25 16
7 26 5
7 27 1
7 28 16
7 30 5
7 32 3
7 33 18
7 34 8
7 37 16
7 39 16
7 40 20
7 41 14
7 42 17
7 43 5
7 44 18
7 45 5
7 46 16
7 47 6
7 48 14
7 51 2
7 52 6
7 53 20
7 54 15
7 55 10
7 56 6
7 57 13
7 58 14
7 59 16
7 60 15
7 61 20
7 62 13
7 63 19
7 64 1
7 66 3
7 69 5
7 70 10
7 71 6
7 72 11
7 73 14
7 74 3
7 75 20
7 76 8
7 77 19
7 80 14
7 81 15
7 83 10
7 84 13
7 85 18
7 86 8
7 87 1
7 88 11
7 89 18
7 90 7
7 92 8
7 93 14
7 95 3
7 96 13
7 97 8
7 98 3
7 99 19
8 1 18
8 2 9
8 3 14
8 4 11
8 6 1
8 7 7
8 9 20
8 10 6
8 11 19
8 12 20
8 13 12
8 14 14
8 15 11
8 17 19
8 18 19
8 19 16
8 20 15
8 21 17
8 22 14
8 23 20
8 24 5
8 26 17
8 27 5
8 28 13
8 30 10
8 31 12
8 32 12
8 33 6
8 34 1
8 36 15
8 37 6
8 38 12
8 39 6
8 40 1
8 41 14
8 42 14
8 44 15
8 45 3
8 46 17
8 48 8
8 50 10
8 52 11
8 54 20
8 55 15
8 57 17
8 58 9
8 59 20
8 61 3
8 62 15
8 63 19
8 65 8
8 66 8
8 67 4
8 68 18
8 69 7
8 72 8
8 73 8
8 75 1
8 76 15
8 77 16
8 78 14
8 80 19
8 81 6
8 82 2
8 83 17
8 85 16
8 86 4
8 87 13
8 88 8
8 89 17
8 90 5
8 91 10
8 92 1
8 93 10
8 94 12
8 96 15
8 97 15
8 98 1
8 99 1
9 0 20
9 1 3
9 2 19
9 3 19
9 4 9
9 6 9
9 8 2
9 10 17
9 12 10
9 13 3
9 14 8
9 15 19
9 16 4
9 17 19
9 18 1
9 20 3
9 21 6
9 22 19
9 23 11
9 24 3
9 25 7
9 26 8
9 27 3
9 28 4
9 29 3
9 30 2
9 31 10
9 32 12
9 33 1
9 34 12
9 36 5
9 38 19
9 40 15
9 42 12
9 45 10
9 46 20
9 48 9
9 49 8
9 50 7
9 52 8
9 55 11
9 56 10
9 57 8
9 58 5
9 59 4
9 62 10
9 63 2
9 64 5
9 65 12
9 66 5
9 68 10
9 70 7
9 73 5
9 74 7
9 75 8
9 76 10
9 77 10
9 78 12
9 79 15
9 80 19
9 81 5
9 82 9
9 84 3
9 85 14
9 86 6
9 89 20
9 90 13
9 91 1
9 92 4
9 94 4
9 95 4
9 96 12
9 97 19
9 98 6
9 99 11
10 1 10
10 2 2
10 4 12
10 6 15
10 7 4
10 9 15
10 11 1
10 12 17
10 13 5
10 14 19
10 15 16
10 16 6
10 17 2
10 19 20
10 20 18
10 21 10
10 23 1
10 24 11
10 25 20
10 26 7
10 27 12
10 28 8
10 29 6
10 30 19
10 31 4
10 32 16
10 34 2
10 35 2
10 37 3
10 38 1
10 39 8
10 42 9
10 43 17
10 44 1
10 45 8
10 46 1
10 47 19
10 48 6
10 49 2
10 50 16
10 51 14
10 52 5
10 53 11
10 54 3
10 55 14
10 56 17
10 57 20
10 58 20
10 59 13
10 60 5
10 62 8
10 63 16
10 64 2
10 67 10
10 68 8
10 69 16
10 71 4
10 72 20
10 74 9
10 75 5
10 76 6
10 77 6
10 78 18
10 79 16
10 81 9
10 83 6
10 84 15
10 85 17
10 87 13
10 88 20
10 89 20
10 90 20
10 92 17
10 93 9
10 94 13
10 95 10
10 96 6
11 0 1
11 1 11
11 4 4
11 5 5
11 7 2
11 8 18
11 9 15
11 10 17
11 12 4
11 13 16
11 15 4
11 17 1
11 18 14
11 20 16
11 21 18
11 23 16
11 24 5
11 25 18
11 27 20
11 28 2
11 29 16
11 30 12
11 31 13
11 32 18
11 33 20
11 34 7
11 35 3
11 37 4
11 38 16
11 39 1
11 40 13
11 41 19
11 42 3
11 43 17
11 44 14
11 46 8
11 47 9
11 48 20
11 50 11
11 51 15
11 52 5
11 53 19
11 55 2
11 56 13
11 57 10
11 58 6
11 59 1
11 60 19
11 61 11
11 63 11
11 64 13
11 67 6
11 68 9
11 69 15
11 70 14
11 71 14
11 72 2
11 73 4
11 74 19
11 75 10
11 76 12
11 77 4
11 78 3
11 79 8
11 81 5
11 83 4
11 84 13
11 86 9
11 88 18
11 89 14
11 90 1
11 91 11
11 93 13
11 94 17
11 95 11
11 98 10
11 99 12
12 0 6
12 2 18
12 3 7
12 5 13
12 6 19
12 7 4
12 8 3
12 9 6
12 11 7
12 15 10
12 16 20
12 17 9
12 18 16
12 20 4
12 22 13
12 24 12
12 25 12
12 26 5
12 27 17
12 28 8
12 30 4
12 31 18
12 32 3
12 33 2
12 34 19
12 35 7
12 36 6
12 37 12
12 39 11
12 40 16
12 41 12
12 42 17
12 43 19
12 44 18
12 45 7
12 46 5
12 47 1
12 48 20
12 51 2
12 52 13
12 53 16
12 54 11
12 55 11
12 57 6
12 58 5
12 59 12
12 61 13
12 63 10
12 64 12
12 65 16
12 66 16
12 67 1
12 69 7
12 71 1
12 72 17
12 73 12
12 74 17
12 76 4
12 77 16
12 78 12
12 79 6
12 80 7
12 83 9
12 84 16
12 85 12
12 86 20
12 87 3
12 88 18
12 89 4
12 90 6
12 91 3
12 92 10
12 93 9
12 94 11
12 95 17
12 96 8
12 98 12
12 99 14
13 0 5
13 2 5
13 3 13
13 4 20
13 6 20
13 7 20
13 8 4
13 9 18
13 10 7
13 14 18
13 16 9
13 18 10
13 19 15
13 20 20
13 21 12
13 22 15
13 23 7
13 24 9
13 25 3
13 26 4
13 27 16
13 28 8
13 29 11
13 33 13
13 35 2
13 36 14
13 37 15
13 38 1
13 40 8
13 41 1
13 42 9
13 43 6
13 45 13
13 46 12
13 47 7
13 48 14
13 49 2
13 50 15
13 51 6
13 55 3
13 56 9
13 58 1
13 59 10
13 60 7
13 61 7
13 62 2
13 63 10
13 64 5
13 65 15
13 66 10
13 67 18
13 68 19
13 69 20
13 70 20
13 72 3
13 73 8
13 74 14
13 75 4
13 76 8
13 78 2
13 79 10
13 80 3
13 81 12
13 82 19
13 83 12
13 85 11
13 90 1
13 91 9
13 92 19
13 93 1
13 95 12
13 96 11
13 97 14
13 98 10
13 99 19
14 0 12
14 1 1
14 3 3
14 4 1
14 5 12
14 6 8
14 7 4
14 8 16
14 9 1
14 11 13
14 12 17
14 13 3
14 15 11
14 16 12
14 17 5
14 19 16
14 20 4
14 21 13
14 27 5
14 28 1
14 29 18
14 30 8
14 31 15
14 32 14
14 33 11
14 34 14
14 35 17
14 37 15
14 38 8
14 39 5
14 40 7
14 42 18
14 44 11
14 45 14
14 46 2
14 47 7
14 48 10
14 49 20
14 50 16
14 51 4
14 52 10
14 53 9
14 54 16
14 55 15
14 56 4
14 57 13
14 59 1
14 60 16
14 63 3
14 64 6
14 65 11
14 66 2
14 69 16
14 71 2
14 73 6
14 74 2
14 75 4
14 76 3
14 77 19
14 78 1
14 79 1
14 80 2
14 81 12
14 82 4
14 84 16
14 85 2
14 86 8
14 90 18
14 92 6
14 93 14
14 94 15
14 95 4
14 96 10
14 97 11
14 98 4
14 99 16
15 0 1
15 1 18
15 2 18
15 3 14
15 5 9
15 6 13
15 7 2
15 8 8
15 9 8
15 10 17
15 11 6
15 12 6
15 13 15
15 16 11
15 18 5
15 19 10
15 20 2
15 21 3
15 22 11
15 23 18
15 24 14
15 25 2
15 26 7
15 27 18
15 28 11
15 29 12
15 30 19
15 31 20
15 33 15
15 34 19
15 35 15
15 36 12
15 39 10
15 41 12
15 42 20
15 43 20
15 44 12
15 45 1
15 46 3
15 47 15
15 48 5
15 49 11
15 50 13
15 51 10
15 52 8
15 53 9
15 54 2
15 55 20
15 57 12
15 60 14
15 61 3
15 62 5
15 64 9
15 65 8
15 66 19
15 67 16
15 69 9
15 70 6
15 71 20
15 72 19
15 73 18
15 74 17
15 76 13
15 77 14
15 78 17
15 79 3
15 80 17
15 81 15
15 82 17
15 83 4
15 86 5
15 88 7
15 89 20
15 90 4
15 91 17
15 92 6
15 93 4
15 94 16
15 95 1
15 96 10
15 97 20
15 98 17
15 99 20
16 0 9
16 1 19
16 2 20
16 3 5
16 5 11
16 6 14
16 7 13
16 8 16
16 10 9
16 11 2
16 12 7
16 13 7
16 14 18
16 15 6
16 17 17
16 18 12
16 19 11
16 20 15
16 21 14
16 22 4
16 23 17
16 24 4
16 26 18
16 27 16
16 28 11
16 29 15
16 30 17
16 31 13
16 32 7
16 33 18
16 35 12
16 37 20
16 38 11
16 39 15
16 40 4
16 41 16
16 42 4
16 43 15
16 45 16
16 46 9
16 47 2
16 48 2
16 49 12
16 50 17
16 51 20
16 52 13
16 54 15
16 56 4
16 57 9
16 58 3
16 59 14
16 62 18
16 63 6
16 64 17
16 66 19
16 67 12
16 69 10
16 70 17
16 71 19
16 72 12
16 73 6
16 74 4
16 75 11
16 76 8
16 77 13
16 78 6
16 79 19
16 80 3
16 82 16
16 83 7
16 84 11
16 85 5
16 86 4
16 87 5
16 88 11
16 90 2
16 91 5
16 92 5
16 93 20
16 94 9
16 95 9
16 96 9
16 97 6
16 98 19
16 99 5
17 0 17
17 1 8
17 2 7
17 4 7
17 5 19
17 6 5
17 7 13
17 8 6
17 9 14
17 10 6
17 11 8
17 12 19
17 13 19
17 14 15
17 15 10
17 18 8
17 19 10
17 20 15
17 22 13
17 24 14
17 26 17
17 27 15
17 28 8
17 29 16
17 31 11
17 32 9
17 33 8
17 34 13
17 35 13
17 36 6
17 37 6
17 43 14
17 44 19
17 45 12
17 46 13
17 49 6
17 51 5
17 52 15
17 53 10
17 54 3
17 56 16
17 58 14
17 60 5
17 61 3
17 63 12
17 64 16
17 65 6
17 66 19
17 68 5
17 69 13
17 70 1
17 71 5
17 74 6
17 75 3
17 76 18
17 77 6
17 78 19
17 80 14
17 81 3
17 82 10
17 84 2
17 85 20
17 89 15
17 90 17
17 93 17
17 94 7
17 98 20
17 99 14
18 0 18
18 1 3
18 2 20
18 3 10
18 4 7
18 5 14
18 6 2
18 7 1
18 8 20
18 10 6
18 11 10
18 13 1
18 14 4
18 15 18
18 16 17
18 17 16
18 19 2
18 21 3
18 22 8
18 23 2
18 24 6
18 26 13
18 28 16
18 29 13
18 30 5
18 33 13
18 34 9
18 35 18
18 37 4
18 39 19
18 41 2
18 42 2
18 46 16
18 48 17
18 49 19
18 50 4
18 51 7
18 52 6
18 53 1
18 54 9
18 55 3
18 57 7
18 58 3
18 59 18
18 60 10
18 63 6
18 65 9
18 67 12
18 68 17
18 69 13
18 70 9
18 71 10
18 72 9
18 73 16
18 74 3
18 75 12
18 77 17
18 78 1
18 79 10
18 80 1
18 84 13
18 86 16
18 87 5
18 88 13
18 89 7
18 90 3
18 91 11
18 92 10
18 96 20
18 98 18
19 0 4
19 1 3
19 3 6
19 5 5
19 6 18
19 8 8
19 9 18
19 10 15
19 11 11
19 13 16
19 15 18
19 16 3
19 17 14
19 18 6
19 20 7
19 22 12
19 26 20
19 27 20
19 28 19
19 29 1
19 30 11
19 31 19
19 32 17
19 33 3
19 34 16
19 35 2
19 36 4
19 37 9
19 38 16
19 39 4
19 40 5
19 41 2
19 42 18
19 43 14
19 44 11
19 45 20
19 47 17
19 48 12
19 50 18
19 51 13
19 52 9
19 53 4
19 54 4
19 55 10
19 56 3
19 57 15
19 58 16
19 60 20
19 61 5
19 63 4
19 64 5
19 66 1
19 67 12
19 68 3
19 69 15
19 71 18
19 72 19
19 74 15
19 75 4
19 76 3
19 77 3
19 78 3
19 79 17
19 80 4
19 81 2
19 82 8
19 84 15
19 85 5
19 86 17
19 87 7
19 89 7
19 90 16
19 91 6
19 93 7
19 94 9
19 96 11
19 97 14
19 99 7
20 0 2
20 2 17
20 3 18
20 4 4
20 5 3
20 7 20
20 9 2
20 10 1
20 11 9
20 12 5
20 13 18
20 16 8
20 17 16
20 18 8
20 19 3
20 21 7
20 22 2
20 24 19
20 25 13
20 26 1
20 27 17
20 28 20
20 29 13
20 30 14
20 31 5
20 32 11
20 33 18
20 35 2
20 36 16
20 37 16
20 38 4
20 40 14
20 41 6
20 42 18
20 43 3
20 44 3
20 45 18
20 46 5
20 47 6
20 48 14
20 49 5
20 50 14
20 51 11
20 52 4
20 53 8
20 54 10
20 58 7
20 61 14
20 62 13
20 63 15
20 64 17
20 66 7
20 67 1
20 68 9
20 69 1
20 70 15
20 72 4
20 73 10
20 74 20
20 75 1
20 76 2
20 77 12
20 78 1
20 79 3
20 83 7
20 84 7
20 86 11
20 87 12
20 88 12
20 89 5
20 91 17
20 92 13
20 93 13
20 94 15
20 96 7
20 97 20
20 99 17
21 0 13
21 1 12
21 2 9
21 3 12
21 4 9
21 5 3
21 6 9
21 7 13
21 9 18
21 11 17
21 14 10
21 16 19
21 18 14
21 20 1
21 22 15
21 23 15
21 24 1
21 25 6
21 26 15
21 27 6
21 28 14
21 29 7
21 30 20
21 32 5
21 33 4
21 35 7
21 36 18
21 37 18
21 38 13
21 39 18
21 40 9
21 41 6
21 42 11
21 43 4
21 45 7
21 46 18
21 47 3
21 48 4
21 50 20
21 52 2
21 53 3
21 54 13
21 55 4
21 57 20
21 58 20
21 59 13
21 60 4
21 61 3
21 62 15
21 63 11
21 66 6
21 67 1
21 68 6
21 69 12
21 70 2
21 71 3
21 72 15
21 73 20
21 74 5
21 75 16
21 76 12
21 77 18
21 78 13
21 79 17
21 80 18
21 81 19
21 85 19
21 86 11
21 87 5
21 88 19
21 89 17
21 90 20
21 91 14
21 92 7
21 94 8
21 95 12
21 96 14
21 98 17
21 99 3
22 0 13
22 1 12
22 2 2
22 3 8
22 4 20
22 5 1
22 6 4
22 7 7
22 8 18
22 9 12
22 10 6
22 11 13
22 12 2
22 15 2
22 16 2
22 17 2
22 18 1
22 23 19
22 24 19
22 26 4
22 29 17
22 30 19
22 33 14
22 34 4
22 35 20
22 38 3
22 39 12
22 41 17
22 42 13
22 43 13
22 44 12
22 45 7
22 47 5
22 48 14
22 50 12
22 52 1
22 53 13
22 54 13
22 55 9
22 56 8
22 57 15
22 62 10
22 63 4
22 65 2
22 67 11
22 68 15
22 70 5
22 71 17
22 74 1
22 75 19
22 79 13
22 80 4
22 81 17
22 82 19
22 83 13
22 85 20
22 86 20
22 87 6
22 88 17
22 89 7
22 90 14
22 91 16
22 92 9
22 93 20
22 94 19
22 95 14
22 97 4
22 98 4
22 99 17
23 0 14
23 1 18
23 4 18
23 6 11
23 8 11
23 9 8
23 10 17
23 13 16
23 14 5
23 15 7
23 16 4
23 17 14
23 18 20
23 19 20
23 20 18
23 22 13
23 24 9
23 25 4
23 26 11
23 27 6
23 28 15
23 29 8
23 30 13
23 31 8
23 33 14
23 34 6
23 35 4
23 36 5
23 40 18
23 41 19
23 42 15
23 43 10
23 44 18
23 45 3
23 46 17
23 47 5
23 48 12
23 49 7
23 50 16
23 52 13
23 54 16
23 56 12
23 57 10
23 58 1
23 59 14
23 61 10
23 62 6
23 63 10
23 64 4
23 65 3
23 66 11
23 67 20
23 69 5
23 70 3
23 74 7
23 75 16
23 76 5
23 79 2
23 80 4
23 81 6
23 83 6
23 84 10
23 85 16
23 86 11
23 89 20
23 90 20
23 91 14
23 93 6
23 94 4
23 97 7
23 98 1
23 99 6
24 0 13
24 2 5
24 3 18
24 4 15
24 5 19
24 6 20
24 7 19
24 8 20
24 9 1
24 10 12
24 11 5
24 12 5
24 13 8
24 15 4
24 16 7
24 17 7
24 18 3
24 19 12
24 20 12
24 21 15
24 23 15
24 26 4
24 27 18
24 28 15
24 29 16
24 30 7
24 31 3
24 32 9
24 33 17
24 34 15
24 35 5
24 36 9
24 38 13
24 39 10
24 40 6
24 42 15
24 43 9
24 46 12
24 48 18
24 49 3
24 51 7
24 52 3
24 53 19
24 55 16
24 57 7
24 58 3
24 59 12
24 60 12
24 61 2
24 63 3
24 64 11
24 65 20
24 66 11
24 67 17
24 68 15
24 69 20
24 70 2
24 71 19
24 72 9
24 73 11
24 74 3
24 76 6
24 77 1
24 79 20
24 80 16
24 81 6
24 82 4
24 84 19
24 85 9
24 86 7
24 87 17
24 88 18
24 90 9
24 92 9
24 93 18
24 96 18
24 97 5
24 98 6
24 99 14
25 0 11
25 2 2
25 3 14
25 5 18
25 6 9
25 7 8
25 8 14
25 9 18
25 10 18
25 11 19
25 13 14
25 14 18
25 15 14
25 16 6
25 17 6
25 18 11
25 19 11
25 21 3
25 24 4
25 26 15
25 27 19
25 28 20
25 29 16
25 30 9
25 32 13
25 34 2
25 35 11
25 36 15
25 37 7
25 38 20
25 39 18
25 40 1
25 42 13
25 43 4
25 44 7
25 45 12
25 47 13
25 48 6
25 49 9
25 50 17
25 52 14
25 53 12
25 54 6
25 56 20
25 57 1
25 61 3
25 62 2
25 63 8
25 64 11
25 65 3
25 66 9
25 68 18
25 69 16
25 70 15
25 72 17
25 73 10
25 74 8
25 75 9
25 76 7
25 77 14
25 79 1
25 80 5
25 81 11
25 84 18
25 85 1
25 87 19
25 88 1
25 89 18
25 90 11
25 91 8
25 93 4
25 94 2
25 96 16
25 97 14
25 98 15
25 99 4
26 0 18
26 1 16
26 2 16
26 3 3
26 4 4
26 7 3
26 8 19
26 10 13
26 11 9
26 12 4
26 13 14
26 14 4
26 17 19
26 18 11
26 19 1
26 20 14
26 21 19
26 22 4
26 23 5
26 24 20
26 27 18
26 28 20
26 29 6
26 31 5
26 32 7
26 33 9
26 34 9
26 35 17
26 37 10
26 38 13
26 39 18
26 40 13
26 41 20
26 42 8
26 44 1
26 45 4
26 46 8
26 47 4
26 48 10
26 50 14
26 51 2
26 52 18
26 53 3
26 55 19
26 56 5
26 57 14
26 58 5
26 59 12
26 61 16
26 62 6
26 63 7
26 64 17
26 66 11
26 68 12
26 69 12
26 70 4
26 71 15
26 74 10
26 75 4
26 76 1
26 77 2
26 78 12
26 80 2
26 82 4
26 86 8
26 87 5
26 88 19
26 89 8
26 90 9
26 92 4
26 93 17
26 94 12
26 95 5
26 96 13
26 97 15
27 0 18
27 1 14
27 2 2
27 3 5
27 4 14
27 5 10
27 6 9
27 7 2
27 8 15
27 9 1
27 11 10
27 13 5
27 15 20
27 17 9
27 18 15
27 21 11
27 22 7
27 23 20
27 24 2
27 25 6
27 26 3
27 28 9
27 29 3
27 30 2
27 31 5
27 32 13
27 33 17
27 34 2
27 35 12
27 36 16
27 37 15
27 38 13
27 40 4
27 41 17
27 42 14
27 43 4
27 44 12
27 45 13
27 46 11
27 48 4
27 49 14
27 50 6
27 51 2
27 52 17
27 53 17
27 54 11
27 56 19
27 57 9
27 58 9
27 59 5
27 60 5
27 61 17
27 63 1
27 64 1
27 65 2
27 67 14
27 69 1
27 70 6
27 71 13
27 72 5
27 73 18
27 74 13
27 75 1
27 76 16
27 77 5
27 79 15
27 81 3
27 83 3
27 84 14
27 85 10
27 86 9
27 87 8
27 88 17
27 89 6
27 90 13
27 91 12
27 92 11
27 95 15
27 96 4
27 98 13
27 99 20
28 0 18
28 1 11
28 2 8
28 3 13
28 5 16
28 6 11
28 7 11
28 9 16
28 12 18
28 13 8
28 14 10
28 15 8
28 16 10
28 17 4
28 18 11
28 19 10
28 21 18
28 22 16
28 23 8
28 24 17
28 25 13
28 26 2
28 27 2
28 31 6
28 32 8
28 33 8
28 34 20
28 35 7
28 36 7
28 37 4
28 40 16
28 41 17
28 42 10
28 44 2
28 46 4
28 48 7
28 49 20
28 50 20
28 51 11
28 52 13
28 53 3
28 54 8
28 55 16
28 56 5
28 57 3
28 58 6
28 59 1
28 60 6
28 62 20
28 64 17
28 66 14
28 67 5
28 68 8
28 69 9
28 70 19
28 71 4
28 72 3
28 74 16
28 76 9
28 77 14
28 78 8
28 79 3
28 80 12
28 81 14
28 82 20
28 83 13
28 84 16
28 85 19
28 86 1
28 87 19
28 89 20
28 90 1
28 91 2
28 92 17
28 93 20
28 94 8
28 95 18
28 96 1
28 98 10
28 99 2
29 0 6
29 1 2
29 2 19
29 3 2
29 4 6
29 5 5
29 6 1
29 7 4
29 8 17
29 9 3
29 11 12
29 12 17
29 13 4
29 14 17
29 16 7
29 17 20
29 18 14
29 19 10
29 20 7
29 23 8
29 25 17
29 27 12
29 28 7
29 30 17
29 31 8
29 32 2
29 33 6
29 34 17
29 35 1
29 36 19
29 37 16
29 39 19
29 40 19
29 41 9
29 42 18
29 43 19
29 44 12
29 45 8
29 46 13
29 47 14
29 48 11
29 52 19
29 53 9
29 54 9
29 55 13
29 56 19
29 57 9
29 60 9
29 61 1
29 62 8
29 63 2
29 64 2
29 65 10
29 67 10
29 68 8
29 69 12
29 70 20
29 73 10
29 74 4
29 75 6
29 76 16
29 77 20
29 78 13
29 80 6
29 81 7
29 85 2
29 86 15
29 88 7
29 89 1
29 91 20
29 92 10
29 93 2
29 94 1
29 95 5
29 97 18
30 0 4
30 2 7
30 4 5
30 5 17
30 7 9
30 8 12
30 9 20
30 12 3
30 17 15
30 18 2
30 19 16
30 20 15
30 21 17
30 22 6
30 23 10
30 25 16
30 26 14
30 27 9
30 29 4
30 31 17
30 32 3
30 34 16
30 35 14
30 36 8
30 37 20
30 38 13
30 39 15
30 41 13
30 43 7
30 45 8
30 47 7
30 48 10
30 49 2
30 50 18
30 51 5
30 53 20
30 54 3
30 56 17
30 57 13
30 58 20
30 60 4
30 61 14
30 62 18
30 64 4
30 65 1
30 69 14
30 70 4
30 71 12
30 72 15
30 73 8
30 74 15
30 76 18
30 77 18
30 78 11
30 80 7
30 81 7
30 82 11
30 84 2
30 85 15
30 86 18
30 87 20
30 88 8
30 89 8
30 91 19
30 92 13
30 95 13
30 96 20
30 97 11
30 98 11
30 99 20
31 1 12
31 3 10
31 4 1
31 6 9
31 7 4
31 8 6
31 9 8
31 11 9
31 12 14
31 13 17
31 14 5
31 15 2
31 17 9
31 18 7
31 19 13
31 20 8
31 21 3
31 22 12
31 24 4
31 25 18
31 26 19
31 27 16
31 28 16
31 30 9
31 32 6
31 33 18
31 34 9
31 35 12
31 36 9
31 37 12
31 38 14
31 39 12
31 40 6
31 41 5
31 42 18
31 43 20
31 44 12
31 46 1
31 47 15
31 48 8
31 49 20
31 51 3
31 52 11
31 54 12
31 55 17
31 56 18
31 58 18
31 59 2
31 60 10
31 61 4
31 62 17
31 63 8
31 64 15
31 65 17
31 66 6
31 67 15
31 69 6
31 70 12
31 71 7
31 72 2
31 73 17
31 75 2
31 76 8
31 77 3
31 78 12
31 79 1
31 80 9
31 81 12
31 82 18
31 83 3
31 85 10
31 87 9
31 88 10
31 90 19
31 91 19
31 92 4
31 93 6
31 94 5
31 95 3
31 96 10
31 97 14
31 99 1
32 0 19
32 1 15
32 2 7
32 3 11
32 4 1
32 9 17
32 10 15
32 12 10
32 13 3
32 14 8
32 15 18
32 16 18
32 17 3
32 18 11
32 20 7
32 24 11
32 25 7
32 26 3
32 27 10
32 28 2
32 29 15
32 31 11
32 35 20
32 36 16
32 37 11
32 38 10
32 39 8
32 40 8
32 42 10
32 43 13
32 44 11
32 45 15
32 46 13
32 48 16
32 49 12
32 51 14
32 52 15
32 54 14
32 57 14
32 59 8
32 60 9
32 61 17
32 62 14
32 63 12
32 65 5
32 66 13
32 67 19
32 68 14
32 69 16
32 70 9
32 72 6
32 74 18
32 76 1
32 77 13
32 78 2
32 82 17
32 83 7
32 84 8
32 86 4
32 87 17
32 88 1
32 93 4
32 94 17
32 95 1
32 96 15
32 97 8
32 98 1
32 99 1
33 0 12
33 1 17
33 2 1
33 3 15
33 7 1
33 9 18
33 11 13
33 12 16
33 13 8
33 15 8
33 17 19
33 18 18
33 19 5
33 20 7
33 21 4
33 22 4
33 26 16
33 28 14
33 29 18
33 31 20
33 32 2
33 34 7
33 35 5
33 36 12
33 37 19
33 38 6
33 39 4
33 40 2
33 41 17
33 43 17
33 44 8
33 47 5
33 48 4
33 51 7
33 52 11
33 53 5
33 54 16
33 55 16
33 56 20
33 57 2
33 58 8
33 59 20
33 61 9
33 65 5
33 66 12
33 67 17
33 68 8
33 69 2
33 70 14
33 72 2
33 74 18
33 75 14
33 76 13
33 77 7
33 79 8
33 82 5
33 83 17
33 84 3
33 85 3
33 86 18
33 88 16
33 89 15
33 90 14
33 91 3
33 92 6
33 94 6
33 95 9
33 96 2
33 97 8
33 98 9
33 99 14
34 0 17
34 1 7
34 2 10
34 3 16
34 6 15
34 7 8
34 11 4
34 12 16
34 13 12
34 14 4
34 15 2
34 16 20
34 18 13
34 19 13
34 20 20
34 21 3
34 22 6
34 23 18
34 24 9
34 25 6
34 26 7
34 27 18
34 28 16
34 29 1
34 30 2
34 31 20
34 32 5
34 33 3
34 36 3
34 38 5
34 39 3
34 40 1
34 41 2
34 42 17
34 43 6
34 45 20
34 48 2
34 49 19
34 50 7
34 51 18
34 53 14
34 56 8
34 57 18
34 58 11
34 62 4
34 63 18
34 64 15
34 65 15
34 66 16
34 69 1
34 73 18
34 74 9
34 75 7
34 76 2
34 79 7
34 80 2
34 81 15
34 82 7
34 83 4
34 85 14
34 86 12
34 87 16
34 88 15
34 89 13
34 90 7
34 91 1
34 92 15
34 94 13
34 95 12
34 96 4
34 97 6
34 98 11
35 0 1
35 2 13
35 3 5
35 4 18
35 5 11
35 6 3
35 7 19
35 8 11
35 9 9
35 10 7
35 11 19
35 12 3
35 13 18
35 15 17
35 16 15
35 17 12
35 18 19
35 20 13
35 21 15
35 22 19
35 23 16
35 24 14
35 25 11
35 26 12
35 27 15
35 28 4
35 29 14
35 32 13
35 33 13
35 34 17
35 36 7
35 37 10
35 38 20
35 39 2
35 40 15
35 41 8
35 42 18
35 43 8
35 45 3
35 48 2
35 49 16
35 50 7
35 51 15
35 52 20
35 54 19
35 55 2
35 57 3
35 58 8
35 59 14
35 60 13
35 61 1
35 62 5
35 64 13
35 65 11
35 66 7
35 67 9
35 68 16
35 69 8
35 70 20
35 71 10
35 72 10
35 73 14
35 74 4
35 76 13
35 77 15
35 78 17
35 79 12
35 80 8
35 81 4
35 82 15
35 83 17
35 84 1
35 85 19
35 87 13
35 89 14
35 90 12
35 91 11
35 92 16
35 95 10
35 96 4
35 98 7
35 99 8
36 0 16
36 1 20
36 2 9
36 3 4
36 4 16
36 6 16
36 8 2
36 9 12
36 11 17
36 12 3
36 13 11
36 14 4
36 15 1
36 16 18
36 17 16
36 18 16
36 19 18
36 20 14
36 21 12
36 22 12
36 24 13
36 25 13
36 27 3
36 28 4
36 29 5
36 30 3
36 32 8
36 35 13
36 37 12
36 38 10
36 40 12
36 41 10
36 42 7
36 44 2
36 45 18
36 46 19
36 47 14
36 48 20
36 49 9
36 50 11
36 51 12
36 52 16
36 56 1
36 57 14
36 58 8
36 59 10
36 60 15
36 61 15
36 63 5
36 65 10
36 66 16
36 67 10
36 70 14
36 71 20
36 72 15
36 73 17
36 74 19
36 75 20
36 77 7
36 79 14
36 81 7
36 82 20
36 83 20
36 84 4
36 85 17
36 87 20
36 88 14
36 90 19
36 91 9
36 93 17
36 94 10
36 96 12
36 97 4
36 98 4
36 99 16
37 0 8
37 1 16
37 4 17
37 6 18
37 7 13
37 8 13
37 9 6
37 11 11
37 12 13
37 13 7
37 14 7
37 16 5
37 18 1
37 19 12
37 20 2
37 22 12
37 24 10
37 25 2
37 26 18
37 27 12
37 28 16
37 29 16
37 31 11
37 32 10
37 33 17
37 34 4
37 36 2
37 39 17
37 40 2
37 41 18
37 43 12
37 44 5
37 45 18
37 47 9
37 48 6
37 50 1
37 51 14
37 52 18
37 53 2
37 54 5
37 55 9
37 56 11
37 57 15
37 58 18
37 59 11
37 60 3
37 61 4
37 62 18
37 64 8
37 65 7
37 66 12
37 67 3
37 68 9
37 69 13
37 70 6
37 71 11
37 73 3
37 74 12
37 75 3
37 76 6
37 77 7
37 78 2
37 80 2
37 81 3
37 82 3
37 84 10
37 85 4
37 86 11
37 87 10
37 88 11
37 89 1
37 90 3
37 91 6
37 92 7
37 93 20
37 94 10
37 95 11
37 96 6
37 97 3
37 99 2
38 0 3
38 2 11
38 3 14
38 5 17
38 6 4
38 7 10
38 8 4
38 10 14
38 11 10
38 12 17
38 13 12
38 14 10
38 15 6
38 16 15
38 17 10
38 20 6
38 21 5
38 23 16
38 24 18
38 25 15
38 26 16
38 27 2
38 28 1
38 29 11
38 30 20
38 31 3
38 33 15
38 34 6
38 35 5
38 36 9
38 37 19
38 39 14
38 40 14
38 42 4
38 43 11
38 44 14
38 45 2
38 46 11
38 47 8
38 49 20
38 50 20
38 51 11
38 52 9
38 54 16
38 55 7
38 56 19
38 57 3
38 58 4
38 60 18
38 62 14
38 63 2
38 64 12
38 66 3
38 67 3
38 69 8
38 70 1
38 71 13
38 72 15
38 73 3
38 74 18
38 75 3
38 76 16
38 77 1
38 78 20
38 80 16
38 81 4
38 82 13
38 83 17
38 84 10
38 86 3
38 87 19
38 88 1
38 89 3
38 90 16
38 92 3
38 93 10
38 94 13
38 96 18
38 97 14
39 0 1
39 1 5
39 2 10
39 4 2
39 5 19
39 6 12
39 9 10
39 10 9
39 11 16
39 12 18
39 13 11
39 14 4
39 15 16
39 16 15
39 18 1
39 20 8
39 22 17
39 23 9
39 24 16
39 25 2
39 28 20
39 29 2
39 31 14
39 32 13
39 33 15
39 34 17
39 35 8
39 36 5
39 37 19
39 40 20
39 41 9
39 42 9
39 43 19
39 44 11
39 45 10
39 46 10
39 48 17
39 49 6
39 50 17
39 51 9
39 52 4
39 53 3
39 54 17
39 55 20
39 56 10
39 57 17
39 60 5
39 61 8
39 62 16
39 63 17
39 64 2
39 65 8
39 66 18
39 67 8
39 68 18
39 69 10
39 70 2
39 71 18
39 72 1
39 73 12
39 75 5
39 76 10
39 77 1
39 79 12
39 81 11
39 83 14
39 84 12
39 85 12
39 86 4
39 87 9
39 88 3
39 92 13
39 96 16
39 97 17
39 98 15
39 99 19
40 1 16
40 2 10
40 3 10
40 4 3
40 5 17
40 6 2
40 9 10
40 13 12
40 14 17
40 15 18
40 17 8
40 18 6
40 20 11
40 21 14
40 22 20
40 24 3
40 25 13
40 26 6
40 27 18
40 28 2
40 31 19
40 33 5
40 34 19
40 36 15
40 37 5
40 39 16
40 41 18
40 44 15
40 45 14
40 47 7
40 48 18
40 50 16
40 51 19
40 53 9
40 56 6
40 60 2
40 61 13
40 62 8
40 63 8
40 64 14
40 65 6
40 66 9
40 67 8
40 69 6
40 70 14
40 71 9
40 72 11
40 74 14
40 75 3
40 76 9
40 79 13
40 80 15
40 81 19
40 82 16
40 84 1
40 85 10
40 86 4
40 87 13
40 89 19
40 90 4
40 91 13
40 92 15
40 93 9
40 94 18
40 95 11
40 96 14
40 97 17
40 98 11
40 99 18
41 0 11
41 1 7
41 2 8
41 3 14
41 4 15
41 5 3
41 6 9
41 7 16
41 9 8
41 12 8
41 13 19
41 15 6
41 16 14
41 17 5
41 18 10
41 19 11
41 20 2
41 21 10
41 22 20
41 23 15
41 25 9
41 26 10
41 27 12
41 30 2
41 31 20
41 34 1
41 35 14
41 36 11
41 37 14
41 39 11
41 40 20
41 42 6
41 43 1
41 44 18
41 45 11
41 46 12
41 47 16
41 48 18
41 49 18
41 50 3
41 51 16
41 53 8
41 55 8
41 57 3
41 58 4
41 59 5
41 60 16
41 62 1
41 63 5
41 64 8
41 65 18
41 67 14
41 68 12
41 70 14
41 71 13
41 72 4
41 73 8
41 75 10
41 76 8
41 77 5
41 78 12
41 80 4
41 81 7
41 82 2
41 86 18
41 87 2
41 89 20
41 90 11
41 92 1
41 93 8
41 94 7
41 95 13
41 96 15
41 97 10
41 98 7
41 99 20
42 0 10
42 2 3
42 4 10
42 5 10
42 6 14
42 7 2
42 8 3
42 9 7
42 13 2
42 14 13
42 15 18
42 16 1
42 18 9
42 19 17
42 20 10
42 21 17
42 22 14
42 25 20
42 26 14
42 27 19
42 28 9
42 30 15
42 31 8
42 33 8
42 34 10
42 35 16
42 38 8
42 41 16
42 43 15
42 44 19
42 47 11
42 49 5
42 51 1
42 52 9
42 53 14
42 54 2
42 55 16
42 56 9
42 57 8
42 58 6
42 59 18
42 60 15
42 61 9
42 64 5
42 65 17
42 66 3
42 67 5
42 68 17
42 69 13
42 70 18
42 71 1
42 72 4
42 74 6
42 75 14
42 78 19
42 79 4
42 81 9
42 84 3
42 85 19
42 87 11
42 88 16
42 89 2
42 90 15
42 91 7
42 92 18
42 95 2
42 96 5
42 97 2
42 98 14
43 0 5
43 1 10
43 2 5
43 3 15
43 4 1
43 5 17
43 7 14
43 8 8
43 9 4
43 10 10
43 11 15
43 12 15
43 13 10
43 14 15
43 15 13
43 16 17
43 17 17
43 19 1
43 20 6
43 22 9
43 23 13
43 26 4
43 27 11
43 28 14
43 30 16
43 32 16
43 33 10
43 34 15
43 36 11
43 37 2
43 38 13
43 39 15
43 40 5
43 41 20
43 42 5
43 44 6
43 48 7
43 52 4
43 53 12
43 54 6
43 55 16
43 56 14
43 57 19
43 59 7
43 61 3
43 62 2
43 63 10
43 64 7
43 65 2
43 66 14
43 67 1
43 68 18
43 70 14
43 71 6
43 72 1
43 73 9
43 74 15
43 75 17
43 77 7
43 78 12
43 79 4
43 82 15
43 83 6
43 84 18
43 85 17
43 86 7
43 87 19
43 89 14
43 91 4
43 92 1
43 93 10
43 94 18
43 95 3
43 96 6
43 97 7
43 98 15
44 0 19
44 1 7
44 2 11
44 3 7
44 5 16
44 6 14
44 7 10
44 8 14
44 9 2
44 11 14
44 12 5
44 13 1
44 15 15
44 16 7
44 17 16
44 19 20
44 21 3
44 22 19
44 23 16
44 24 15
44 25 17
44 28 8
44 29 6
44 30 6
44 31 9
44 32 20
44 33 16
44 34 9
44 35 7
44 36 17
44 37 19
44 38 17
44 39 18
44 40 7
44 42 5
44 43 16
44 45 15
44 46 4
44 47 14
44 48 6
44 50 13
44 51 2
44 54 10
44 55 3
44 57 8
44 58 7
44 59 8
44 60 15
44 63 9
44 64 15
44 65 2
44 67 17
44 68 17
44 69 4
44 70 17
44 71 6
44 73 5
44 74 7
44 77 1
44 78 2
44 79 3
44 80 1
44 82 7
44 84 14
44 85 20
44 86 14
44 87 4
44 88 20
44 90 1
44 91 14
44 93 19
44 94 7
44 95 7
44 96 19
44 97 16
44 98 2
44 99 2
45 0 19
45 1 15
45 6 18
45 7 3
45 8 12
45 9 13
45 11 3
45 13 10
45 14 19
45 15 13
45 17 5
45 21 2
45 23 7
45 24 16
45 25 17
45 26 16
45 27 10
45 28 17
45 29 11
45 30 18
45 33 18
45 34 6
45 36 1
45 37 18
45 38 1
45 39 4
45 41 8
45 42 9
45 44 1
45 46 19
45 47 2
45 48 20
45 49 6
45 50 5
45 52 14
45 59 3
45 60 9
45 62 9
45 65 8
45 66 12
45 67 7
45 68 11
45 71 10
45 72 1
45 73 3
45 74 13
45 75 20
45 78 17
45 79 9
45 80 7
45 81 20
45 83 19
45 84 2
45 85 12
45 86 10
45 87 5
45 90 18
45 92 4
45 93 6
45 94 16
45 96 2
45 97 6
45 98 15
45 99 10
46 0 10
46 1 18
46 3 6
46 4 17
46 5 4
46 6 8
46 7 17
46 8 4
46 9 18
46 10 6
46 11 9
46 12 3
46 13 9
46 14 3
46 15 8
46 17 11
46 18 15
46 19 19
46 20 14
46 21 19
46 22 12
46 23 16
46 24 8
46 25 16
46 26 4
46 27 3
46 30 10
46 32 19
46 33 7
46 35 19
46 36 2
46 37 2
46 38 18
46 39 7
46 41 7
46 42 6
46 45 12
46 47 15
46 48 6
46 50 19
46 51 5
46 52 3
46 53 5
46 55 5
46 56 18
46 59 12
46 60 11
46 61 8
46 62 16
46 63 3
46 65 10
46 67 2
46 70 4
46 71 2
46 72 10
46 73 15
46 74 20
46 76 15
46 77 19
46 78 4
46 79 9
46 80 8
46 81 20
46 82 18
46 83 14
46 84 1
46 85 10
46 86 14
46 88 7
46 89 17
46 91 19
46 93 6
46 95 5
46 98 4
46 99 4
47 0 6
47 1 1
47 2 5
47 4 7
47 5 5
47 8 6
47 9 18
47 11 16
47 14 9
47 15 7
47 16 4
47 18 16
47 20 20
47 21 11
47 22 5
47 23 14
47 25 6
47 26 16
47 27 8
47 28 18
47 29 7
47 30 7
47 33 17
47 34 3
47 35 13
47 36 1
47 38 9
47 40 1
47 43 6
47 44 6
47 45 16
47 46 6
47 48 8
47 50 7
47 51 11
47 52 3
47 54 2
47 59 6
47 60 18
47 61 6
47 62 13
47 63 6
47 65 5
47 66 2
47 67 7
47 68 3
47 69 17
47 70 19
47 71 9
47 72 14
47 73 20
47 74 20
47 76 20
47 77 8
47 78 1
47 80 10
47 81 14
47 83 4
47 85 11
47 86 7
47 87 6
47 88 11
47 89 14
47 90 6
47 91 16
47 92 1
47 93 20
47 95 10
47 96 2
47 98 10
47 99 20
48 0 9
48 1 6
48 3 5
48 4 10
48 6 12
48 7 20
48 8 18
48 9 18
48 10 13
48 13 1
48 14 13
48 15 19
48 16 8
48 17 18
48 19 14
48 20 16
48 24 18
48 25 13
48 26 19
48 27 10
48 28 17
48 30 8
48 33 10
48 34 12
48 35 18
48 37 11
48 38 16
48 41 3
48 42 20
48 43 2
48 44 12
48 45 20
48 46 2
48 47 15
48 49 20
48 50 9
48 51 12
48 52 20
48 53 18
48 55 5
48 56 11
48 58 15
48 62 16
48 63 8
48 64 18
48 65 18
48 66 4
48 67 1
48 68 16
48 70 17
48 71 6
48 72 15
48 73 2
48 74 10
48 77 4
48 78 1
48 79 3
48 80 19
48 81 11
48 82 13
48 83 5
48 85 13
48 86 14
48 87 9
48 88 7
48 89 10
48 90 7
48 92 9
48 93 16
48 95 7
48 97 16
48 99 3
49 0 3
49 2 16
49 3 8
49 4 14
49 5 7
49 6 9
49 7 8
49 9 18
49 10 8
49 11 12
49 12 4
49 14 4
49 15 6
49 16 15
49 17 18
49 19 7
49 22 3
49 23 17
49 24 11
49 25 12
49 27 4
49 28 15
49 29 20
49 30 11
49 31 12
49 33 16
49 34 12
49 35 20
49 39 10
49 40 2
49 41 18
49 43 20
49 44 14
49 45 9
49 46 1
49 48 16
49 52 1
49 53 10
49 54 2
49 55 9
49 56 8
49 57 13
49 58 4
49 59 18
49 60 18
49 63 13
49 64 3
49 66 17
49 67 9
49 68 2
49 69 20
49 70 15
49 71 9
49 72 18
49 74 5
49 75 2
49 76 3
49 77 5
49 80 19
49 81 12
49 82 2
49 83 19
49 85 19
49 86 4
49 88 14
49 91 6
49 92 14
49 93 19
49 94 8
49 95 7
49 96 1
49 97 20
49 98 5
49 99 1
50 0 16
50 1 15
50 2 17
50 3 12
50 4 9
50 6 19
50 7 16
50 9 3
50 10 2
50 12 7
50 14 1
50 16 7
50 17 19
50 18 9
50 19 5
50 21 20
50 22 15
50 24 5
50 25 17
50 26 5
50 28 3
50 29 4
50 32 16
50 33 8
50 35 13
50 36 20
50 41 10
50 42 1
50 44 15
50 45 2
50 46 7
50 49 1
50 56 17
50 58 1
50 59 14
50 60 15
50 61 7
50 62 17
50 63 12
50 64 7
50 65 20
50 66 5
50 67 13
50 68 1
50 69 14
50 71 17
50 72 2
50 73 9
50 74 17
50 75 6
50 76 11
50 77 18
50 78 9
50 79 8
50 80 2
50 81 9
50 84 16
50 85 14
50 86 18
50 87 14
50 88 10
50 89 10
50 90 9
50 93 4
50 94 18
50 95 14
50 96 17
50 98 13
50 99 14
51 0 11
51 2 9
51 4 3
51 5 7
51 6 5
51 7 7
51 8 3
51 9 7
51 10 7
51 11 10
51 12 5
51 13 18
51 14 3
51 16 2
51 17 9
51 18 1
51 19 18
51 20 4
51 21 4
51 22 7
51 25 14
51 26 15
51 27 3
51 29 12
51 33 16
51 34 10
51 35 17
51 38 16
51 40 8
51 41 4
51 43 3
51 45 14
51 47 9
51 48 20
51 49 8
51 52 16
51 53 9
51 54 5
51 55 7
51 57 8
51 58 12
51 59 9
51 60 14
51 61 17
51 62 5
51 63 14
51 64 18
51 65 16
51 66 5
51 67 7
51 68 19
51 69 4
51 71 19
51 72 4
51 75 2
51 78 3
51 79 17
51 81 20
51 84 2
51 85 7
51 86 15
51 87 4
51 88 4
51 89 10
51 90 15
51 91 15
51 92 11
51 93 6
51 94 18
51 95 18
51 98 3
51 99 11
52 0 14
52 1 17
52 2 4
52 3 18
52 4 1
52 5 16
52 9 10
52 10 8
52 11 19
52 12 4
52 14 2
52 16 18
52 17 3
52 19 18
52 21 17
52 22 8
52 23 5
52 24 10
52 25 8
52 26 18
52 28 11
52 31 4
52 32 5
52 33 6
52 34 6
52 35 19
52 36 3
52 37 10
52 38 12
52 39 4
52 41 17
52 42 9
52 44 11
52 45 3
52 46 2
52 47 10
52 48 8
52 49 20
52 51 15
52 53 6
52 57 10
52 58 9
52 60 3
52 61 17
52 62 13
52 63 10
52 64 19
52 66 8
52 67 7
52 68 14
52 69 16
52 70 6
52 72 14
52 73 3
52 75 18
52 76 2
52 77 13
52 78 18
52 79 13
52 80 12
52 81 18
52 82 12
52 83 20
52 84 12
52 85 15
52 86 17
52 87 3
52 89 16
52 90 7
52 93 11
52 94 1
52 95 20
52 96 2
52 97 5
52 98 17
52 99 19
53 0 5
53 1 5
53 2 4
53 3 20
53 5 7
53 6 9
53 8 10
53 9 13
53 10 17
53 11 7
53 13 7
53 14 1
53 15 4
53 16 18
53 19 14
53 20 12
53 22 10
53 24 13
53 25 5
53 27 19
53 28 7
53 29 18
53 30 2
53 33 4
53 34 19
53 35 6
53 36 6
53 37 10
53 38 2
53 40 13
53 43 7
53 44 14
53 45 6
53 46 5
53 47 7
53 48 10
53 49 18
53 50 10
53 51 4
53 55 15
53 56 11
53 57 9
53 58 18
53 59 1
53 61 20
53 62 10
53 63 13
53 64 1
53 65 7
53 66 8
53 68 14
53 69 20
53 74 5
53 75 17
53 76 9
53 77 18
53 81 5
53 83 16
53 84 15
53 85 11
53 87 4
53 88 10
53 89 18
53 90 8
53 91 11
53 92 12
53 93 5
53 94 12
53 95 12
53 96 7
53 97 16
53 98 1
53 99 13
54 0 8
54 1 18
54 2 20
54 3 7
54 4 18
54 5 8
54 7 5
54 8 3
54 10 17
54 11 14
54 12 2
54 13 6
54 14 1
54 16 18
54 17 12
54 19 2
54 20 6
54 25 19
54 26 10
54 28 9
54 29 15
54 30 7
54 31 2
54 32 19
54 33 20
54 34 20
54 36 17
54 37 5
54 39 19
54 42 2
54 43 3
54 45 1
54 46 10
54 47 13
54 48 7
54 50 13
54 51 20
54 52 19
54 53 10
54 55 13
54 56 10
54 57 8
54 58 16
54 59 6
54 60 13
54 61 1
54 63 9
54 64 14
54 65 16
54 66 13
54 67 19
54 68 11
54 70 3
54 71 18
54 74 9
54 75 2
54 76 15
54 77 10
54 78 19
54 81 5
54 83 11
54 84 3
54 85 10
54 86 4
54 87 14
54 90 1
54 91 3
54 93 12
54 94 7
54 96 11
54 97 4
54 99 16
55 1 18
55 2 19
55 4 8
55 5 19
55 6 15
55 7 15
55 8 19
55 9 16
55 11 13
55 13 8
55 14 15
55 15 3
55 16 9
55 18 12
55 19 11
55 20 20
55 21 13
55 24 3
55 25 10
55 26 9
55 27 8
55 28 7
55 30 9
55 33 1
55 34 12
55 35 4
55 37 13
55 38 7
55 40 20
55 41 2
55 42 5
55 44 18
55 45 6
55 46 10
55 47 12
55 49 6
55 51 17
55 52 1
55 54 16
55 56 6
55 60 9
55 61 20
55 62 18
55 63 7
55 64 18
55 65 4
55 66 12
55 67 10
55 69 2
55 70 14
55 72 14
55 74 17
55 75 13
55 77 6
55 78 12
55 79 11
55 80 11
55 81 10
55 82 17
55 83 2
55 84 15
55 85 13
55 86 16
55 87 13
55 88 17
55 90 3
55 93 14
55 94 15
55 98 4
55 99 12
56 0 18
56 1 20
56 3 9
56 4 8
56 6 18
56 7 20
56 8 14
56 9 18
56 12 17
56 13 8
56 14 17
56 15 9
56 16 12
56 17 5
56 18 9
56 19 12
56 20 6
56 22 9
56 23 6
56 25 7
56 27 17
56 28 3
56 29 17
56 30 7
56 31 3
56 32 20
56 33 2
56 34 6
56 35 7
56 36 2
56 37 12
56 38 4
56 39 14
56 40 12
56 42 16
56 43 4
56 45 5
56 46 13
56 47 18
56 48 6
56 49 5
56 53 6
56 54 16
56 55 8
56 57 3
56 59 9
56 60 10
56 61 11
56 62 19
56 63 12
56 64 16
56 66 2
56 67 2
56 69 20
56 70 7
56 71 16
56 73 12
56 74 5
56 75 20
56 76 9
56 77 3
56 78 13
56 79 13
56 80 5
56 81 8
56 84 12
56 86 6
56 87 6
56 89 18
56 90 13
56 91 15
56 92 9
56 93 2
56 94 8
56 95 4
56 96 10
56 99 2
57 6 10
57 7 2
57 8 16
57 9 1
57 10 11
57 11 7
57 12 18
57 13 1
57 14 4
57 16 2
57 17 18
57 18 2
57 19 18
57 21 7
57 22 15
57 23 9
57 24 4
57 26 9
57 28 17
57 29 1
57 30 11
57 31 13
57 32 1
57 33 7
57 34 5
57 35 15
57 36 14
57 37 14
57 38 11
57 39 8
57 40 6
57 41 7
57 42 11
57 44 9
57 45 6
57 46 3
57 49 18
57 51 3
57 55 3
57 56 16
57 58 5
57 59 16
57 60 1
57 62 3
57 63 10
57 64 18
57 65 17
57 67 17
57 68 4
57 69 3
57 70 1
57 72 4
57 74 11
57 75 15
57 76 11
57 77 13
57 78 14
57 80 8
57 81 3
57 82 6
57 83 3
57 86 13
57 90 15
57 91 6
57 92 5
57 93 4
57 94 17
57 95 2
57 96 12
57 97 5
57 99 11
58 0 17
58 1 12
58 4 20
58 5 18
58 7 1
58 9 12
58 10 4
58 11 20
58 12 17
58 13 10
58 14 12
58 15 10
58 17 12
58 18 2
58 19 9
58 20 3
58 22 7
58 23 3
58 24 10
58 26 20
58 28 5
58 30 6
58 31 11
58 32 9
58 33 15
58 35 20
58 37 19
58 38 15
58 40 14
58 41 15
58 42 15
58 43 12
58 44 10
58 48 19
58 50 18
58 51 10
58 52 17
58 53 6
58 55 6
58 59 12
58 60 3
58 61 1
58 62 3
58 63 14
58 64 11
58 65 1
58 66 16
58 67 16
58 68 19
58 69 8
58 71 2
58 72 1
58 73 17
58 75 16
58 76 8
58 77 5
58 78 18
58 79 2
58 80 10
58 81 12
58 82 17
58 84 12
58 85 4
58 88 2
58 89 17
58 90 14
58 91 5
58 92 17
58 93 2
58 94 9
58 95 20
58 96 15
58 97 18
58 98 7
59 0 17
59 2 4
59 3 5
59 4 19
59 5 18
59 7 1
59 8 15
59 9 16
59 10 15
59 11 6
59 12 2
59 14 13
59 15 2
59 16 2
59 18 13
59 19 19
59 21 15
59 22 9
59 24 17
59 25 3
59 26 1
59 28 5
59 29 7
59 30 10
59 31 9
59 32 13
59 35 12
59 37 3
59 38 12
59 39 2
59 40 2
59 41 3
59 42 12
59 43 17
59 44 20
59 45 3
59 46 11
59 47 8
59 48 9
59 49 14
59 50 2
59 51 17
59 52 3
59 53 18
59 54 5
59 55 9
59 56 3
59 57 7
59 58 10
59 61 5
59 62 15
59 63 2
59 64 14
59 65 7
59 67 12
59 68 9
59 69 19
59 71 12
59 72 1
59 73 4
59 74 1
59 75 9
59 76 13
59 77 4
59 78 8
59 79 20
59 81 2
59 82 10
59 83 17
59 85 15
59 87 11
59 88 2
59 90 10
59 91 5
59 92 11
59 94 5
59 95 14
59 97 20
59 99 7
60 0 14
60 2 1
60 4 18
60 7 13
60 8 13
60 9 13
60 10 1
60 12 4
60 13 19
60 14 9
60 16 13
60 17 5
60 18 17
60 20 14
60 21 15
60 22 9
60 24 14
60 25 9
60 27 10
60 29 18
60 30 8
60 31 14
60 32 7
60 35 17
60 37 10
60 39 2
60 40 6
60 41 9
60 42 11
60 43 19
60 44 14
60 45 20
60 46 19
60 47 7
60 48 10
60 49 10
60 51 12
60 52 16
60 53 9
60 54 4
60 55 7
60 56 11
60 57 20
60 58 15
60 61 20
60 64 14
60 65 10
60 66 12
60 67 14
60 68 11
60 70 6
60 72 4
60 73 18
60 74 18
60 75 12
60 76 1
60 77 8
60 78 1
60 79 1
60 80 3
60 81 19
60 82 6
60 83 15
60 84 2
60 85 11
60 86 20
60 87 18
60 88 14
60 89 14
60 93 14
60 94 2
60 96 9
60 97 14
60 98 7
61 0 20
61 1 11
61 2 13
61 3 11
61 4 5
61 5 19
61 8 19
61 9 1
61 10 1
61 12 6
61 14 3
61 15 5
61 17 15
61 18 18
61 19 8
61 20 7
61 21 14
61 23 19
61 24 11
61 25 8
61 27 6
61 28 1
61 29 14
61 30 10
61 31 8
61 32 19
61 33 20
61 34 15
61 35 1
61 36 9
61 37 11
61 38 12
61 39 4
61 40 15
61 41 4
61 42 4
61 43 6
61 44 14
61 45 7
61 46 4
61 49 1
61 52 10
61 53 14
61 55 6
61 57 11
61 58 17
61 59 8
61 60 2
61 62 13
61 63 10
61 64 6
61 65 14
61 66 7
61 67 14
61 68 10
61 69 6
61 70 7
61 71 5
61 72 15
61 73 12
61 75 15
61 76 7
61 78 15
61 79 16
61 81 17
61 85 7
61 87 4
61 88 8
61 90 8
61 91 19
61 92 13
61 94 14
61 95 9
61 96 4
61 98 5
61 99 4
62 0 10
62 1 1
62 2 7
62 3 2
62 4 8
62 5 13
62 7 7
62 8 9
62 9 5
62 11 17
62 12 20
62 13 1
62 14 17
62 15 4
62 16 3
62 17 19
62 18 2
62 19 5
62 20 17
62 21 2
62 23 2
62 24 4
62 26 3
62 27 18
62 28 15
62 29 18
62 31 13
62 32 14
62 33 6
62 34 1
62 35 16
62 38 7
62 40 2
62 42 17
62 44 14
62 45 6
62 46 16
62 47 7
62 48 14
62 49 13
62 52 14
62 53 10
62 55 19
62 56 7
62 57 20
62 58 2
62 59 20
62 60 12
62 61 7
62 63 3
62 65 15
62 66 13
62 67 4
62 68 10
62 70 9
62 71 16
62 73 9
62 74 13
62 75 4
62 76 2
62 77 3
62 79 1
62 80 18
62 81 6
62 82 2
62 83 13
62 84 18
62 85 5
62 86 11
62 88 11
62 89 17
62 90 11
62 92 4
62 93 9
62 94 10
62 95 10
62 96 2
62 97 7
62 98 2
62 99 5
63 0 11
63 2 2
63 3 15
63 4 11
63 7 7
63 8 8
63 9 6
63 10 19
63 12 18
63 13 4
63 15 19
63 16 12
63 18 7
63 20 5
63 22 5
63 24 13
63 25 13
63 26 20
63 27 12
63 28 19
63 30 2
63 31 6
63 32 8
63 34 10
63 35 20
63 38 9
63 39 9
63 40 19
63 41 19
63 42 15
63 43 20
63 44 6
63 45 8
63 46 1
63 47 5
63 48 1
63 50 19
63 51 1
63 52 8
63 53 6
63 54 12
63 55 2
63 57 8
63 58 18
63 59 6
63 60 5
63 61 6
63 65 13
63 67 15
63 68 1
63 69 1
63 70 5
63 71 4
63 72 1
63 73 9
63 74 1
63 75 2
63 76 12
63 78 10
63 79 13
63 80 7
63 81 19
63 82 7
63 83 1
63 84 20
63 85 2
63 86 20
63 87 12
63 88 15
63 89 5
63 91 3
63 92 19
63 94 11
63 95 17
63 96 20
63 97 17
63 98 7
63 99 19
64 0 14
64 1 17
64 2 15
64 3 9
64 6 12
64 7 12
64 9 1
64 10 17
64 11 11
64 12 5
64 13 14
64 14 7
64 15 10
64 16 12
64 17 10
64 18 7
64 19 14
64 20 19
64 22 14
64 24 9
64 25 8
64 27 4
64 28 5
64 29 10
64 30 9
64 32 16
64 33 10
64 34 3
64 35 17
64 36 3
64 37 16
64 38 10
64 39 11
64 40 19
64 41 9
64 42 12
64 43 20
64 44 17
64 45 20
64 47 15
64 48 9
64 49 20
64 50 11
64 51 8
64 53 18
64 56 10
64 58 17
64 60 15
64 61 12
64 62 3
64 63 16
64 65 11
64 66 14
64 67 15
64 68 7
64 70 6
64 71 14
64 72 14
64 73 5
64 74 16
64 77 3
64 78 17
64 79 20
64 80 18
64 81 17
64 83 8
64 85 14
64 86 14
64 87 16
64 88 10
64 89 1
64 90 11
64 91 2
64 93 16
64 94 6
64 95 12
64 96 2
64 97 14
64 98 12
65 0 2
65 2 20
65 5 1
65 6 20
65 7 20
65 8 9
65 9 3
65 10 19
65 11 6
65 12 20
65 13 2
65 15 10
65 17 11
65 18 12
65 20 13
65 21 7
65 22 5
65 23 17
65 24 3
65 25 20
65 26 16
65 27 13
65 28 19
65 29 5
65 30 8
65 31 9
65 32 1
65 33 20
65 34 2
65 35 7
65 36 5
65 37 15
65 38 10
65 39 11
65 40 2
65 41 14
65 42 4
65 43 14
65 44 8
65 47 6
65 48 9
65 49 14
65 51 18
65 52 1
65 55 4
65 57 12
65 61 16
65 63 4
65 64 13
65 66 4
65 67 20
65 68 17
65 69 20
65 70 1
65 72 3
65 73 5
65 75 18
65 76 20
65 77 11
65 78 4
65 80 7
65 81 9
65 82 8
65 83 5
65 84 17
65 87 13
65 88 7
65 89 3
65 90 6
65 91 15
65 92 1
65 93 12
65 94 13
65 95 7
65 97 1
65 98 14
66 0 4
66 1 2
66 2 17
66 3 8
66 5 7
66 6 6
66 7 2
66 8 7
66 9 4
66 10 4
66 12 14
66 13 16
66 14 19
66 16 16
66 17 15
66 18 12
66 19 20
66 20 5
66 21 12
66 23 1
66 24 17
66 25 2
66 27 19
66 29 17
66 30 3
66 31 19
66 32 19
66 33 11
66 35 20
66 37 19
66 39 9
66 40 20
66 41 4
66 43 7
66 44 4
66 45 10
66 46 11
66 47 1
66 48 11
66 49 13
66 50 18
66 51 13
66 52 7
66 53 12
66 55 17
66 58 18
66 59 10
66 61 10
66 63 4
66 64 20
66 67 11
66 68 13
66 69 2
66 70 19
66 71 18
66 72 5
66 73 16
66 75 6
66 76 8
66 77 7
66 78 7
66 79 7
66 81 17
66 82 18
66 83 20
66 84 1
66 85 16
66 86 19
66 87 6
66 89 9
66 90 5
66 91 9
66 92 12
66 93 9
66 94 9
66 95 4
66 96 2
66 98 9
66 99 11
67 0 15
67 1 2
67 2 2
67 4 1
67 6 11
67 7 16
67 8 4
67 9 17
67 10 3
67 11 13
67 12 18
67 13 17
67 14 3
67 15 12
67 16 3
67 17 17
67 19 3
67 21 10
67 23 6
67 24 19
67 25 20
67 26 1
67 27 14
67 28 11
67 30 2
67 31 13
67 32 6
67 33 17
67 34 13
67 35 8
67 36 18
67 38 12
67 39 9
67 41 16
67 42 13
67 43 1
67 44 15
67 45 3
67 47 19
67 50 6
67 51 5
67 52 14
67 54 4
67 56 5
67 58 8
67 59 18
67 60 7
67 61 12
67 63 10
67 64 2
67 65 1
67 66 2
67 68 2
67 69 11
67 73 18
67 74 15
67 75 8
67 76 5
67 77 9
67 78 20
67 79 4
67 80 8
67 81 8
67 82 18
67 83 14
67 84 1
67 85 13
67 86 20
67 87 17
67 89 11
67 90 5
67 93 2
67 95 19
67 96 15
67 98 7
68 1 13
68 2 3
68 3 12
68 4 5
68 5 13
68 7 18
68 8 5
68 9 16
68 10 13
68 11 6
68 12 19
68 14 15
68 15 16
68 16 13
68 18 11
68 19 3
68 20 5
68 21 13
68 22 6
68 23 1
68 24 13
68 26 15
68 27 4
68 28 15
68 29 17
68 30 17
68 31 10
68 32 13
68 33 20
68 35 2
68 37 8
68 38 16
68 39 12
68 40 7
68 42 18
68 43 20
68 47 5
68 49 19
68 50 11
68 51 5
68 54 16
68 56 16
68 57 1
68 58 4
68 59 5
68 60 1
68 61 2
68 63 10
68 64 10
68 65 11
68 66 5
68 67 14
68 69 10
68 70 16
68 71 19
68 72 5
68 73 11
68 74 3
68 76 10
68 77 11
68 78 7
68 80 17
68 81 6
68 82 8
68 83 13
68 84 1
68 85 9
68 86 3
68 88 9
68 89 3
68 90 16
68 91 11
68 92 5
68 93 12
68 94 2
68 96 12
68 97 18
68 98 3
68 99 6
69 1 2
69 3 20
69 4 14
69 9 11
69 10 15
69 11 8
69 12 11
69 13 17
69 14 10
69 15 13
69 16 17
69 17 6
69 19 14
69 20 15
69 21 2
69 22 1
69 23 13
69 24 8
69 25 10
69 26 1
69 27 3
69 28 14
69 32 19
69 33 19
69 34 20
69 35 17
69 36 13
69 38 19
69 39 17
69 41 13
69 42 11
69 45 10
69 46 7
69 48 1
69 49 19
69 53 14
69 55 9
69 56 19
69 58 16
69 59 6
69 60 19
69 61 14
69 62 7
69 63 7
69 64 18
69 65 8
69 68 5
69 70 9
69 72 10
69 73 14
69 74 1
69 75 1
69 77 8
69 78 13
69 81 9
69 82 15
69 83 8
69 84 4
69 86 13
69 87 9
69 88 20
69 89 12
69 91 12
69 93 7
69 94 4
69 95 19
69 96 19
69 97 5
69 98 16
69 99 9
70 0 6
70 1 17
70 2 10
70 3 13
70 4 19
70 5 2
70 6 11
70 7 12
70 8 7
70 9 19
70 10 5
70 11 6
70 12 6
70 13 15
70 14 9
70 15 12
70 16 9
70 17 17
70 18 15
70 19 5
70 21 6
70 22 19
70 24 7
70 26 4
70 27 7
70 31 10
70 32 4
70 33 1
70 34 8
70 36 1
70 37 17
70 39 10
70 40 10
70 41 2
70 43 12
70 48 13
70 50 4
70 51 5
70 52 3
70 53 17
70 54 4
70 56 7
70 57 8
70 58 11
70 59 17
70 61 3
70 62 14
70 63 9
70 64 13
70 65 17
70 66 20
70 68 10
70 69 13
70 71 4
70 72 6
70 73 3
70 74 5
70 75 12
70 77 12
70 78 16
70 79 3
70 81 13
70 82 3
70 83 14
70 84 17
70 85 12
70 86 6
70 87 7
70 88 6
70 89 19
70 90 20
70 91 10
70 92 13
70 93 2
70 96 2
70 97 10
70 98 13
70 99 6
71 0 5
71 1 10
71 3 9
71 4 9
71 5 5
71 6 20
71 9 13
71 10 13
71 11 5
71 12 20
71 13 10
71 14 8
71 16 20
71 17 4
71 18 1
71 19 20
71 21 20
71 23 9
71 24 19
71 25 8
71 26 11
71 28 4
71 29 5
71 30 19
71 33 17
71 36 19
71 37 6
71 38 19
71 40 16
71 41 5
71 42 6
71 44 4
71 45 13
71 47 13
71 48 4
71 49 20
71 51 18
71 52 17
71 53 6
71 54 13
71 56 1
71 58 11
71 60 16
71 61 7
71 62 16
71 63 17
71 65 11
71 66 18
71 67 19
71 68 15
71 69 11
71 72 4
71 73 8
71 74 8
71 75 20
71 76 3
71 77 9
71 78 20
71 79 18
71 80 8
71 81 17
71 82 12
71 83 8
71 85 14
71 88 6
71 89 14
71 90 14
71 92 10
71 94 18
71 95 18
71 98 9
71 99 17
72 1 10
72 2 12
72 5 5
72 7 13
72 9 17
72 10 2
72 11 7
72 12 9
72 13 4
72 14 10
72 15 10
72 17 6
72 19 1
72 21 2
72 22 12
72 23 16
72 24 4
72 25 15
72 26 3
72 27 2
72 29 6
72 30 1
72 32 16
72 33 2
72 35 4
72 36 2
72 37 19
72 38 13
72 39 6
72 42 6
72 44 10
72 45 1
72 46 14
72 48 4
72 49 3
72 50 1
72 54 10
72 55 16
72 56 4
72 57 3
72 58 20
72 59 8
72 60 17
72 61 9
72 64 19
72 65 9
72 66 9
72 68 7
72 69 14
72 71 20
72 73 14
72 74 7
72 75 1
72 76 20
72 77 20
72 78 9
72 79 14
72 80 12
72 82 16
72 83 9
72 84 8
72 85 20
72 86 7
72 87 20
72 88 18
72 89 17
72 90 9
72 91 18
72 92 3
72 93 6
72 94 1
72 95 13
72 97 14
73 0 10
73 1 9
73 3 9
73 5 16
73 6 18
73 7 8
73 8 13
73 9 11
73 10 19
73 12 16
73 13 20
73 14 2
73 15 2
73 17 5
73 18 8
73 19 1
73 20 19
73 21 18
73 22 3
73 23 9
73 24 17
73 25 4
73 27 7
73 28 12
73 30 16
73 33 20
73 34 14
73 35 8
73 36 18
73 37 8
73 38 15
73 39 19
73 40 15
73 43 13
73 44 4
73 45 4
73 46 17
73 48 13
73 49 17
73 51 7
73 52 11
73 53 16
73 54 15
73 55 7
73 56 7
73 57 16
73 58 4
73 59 7
73 60 1
73 62 7
73 63 19
73 64 20
73 67 8
73 68 1
73 74 11
73 76 5
73 78 1
73 79 11
73 81 3
73 84 2
73 85 20
73 86 16
73 87 7
73 88 20
73 89 8
73 90 15
73 91 11
73 92 3
73 93 7
73 94 12
73 95 1
73 97 19
73 98 16
73 99 3
74 1 15
74 2 14
74 3 18
74 4 7
74 5 2
74 6 4
74 7 11
74 10 2
74 11 3
74 13 2
74 16 8
74 19 12
74 20 7
74 21 6
74 22 19
74 23 7
74 24 6
74 25 4
74 27 20
74 29 3
74 30 13
74 31 12
74 32 16
74 34 16
74 35 14
74 36 3
74 37 7
74 39 11
74 40 15
74 42 2
74 43 3
74 44 19
74 46 5
74 47 14
74 48 14
74 49 1
74 50 19
74 51 2
74 52 9
74 56 18
74 57 18
74 59 5
74 60 1
74 61 16
74 63 10
74 64 11
74 65 14
74 67 6
74 68 4
74 72 18
74 73 10
74 75 4
74 76 3
74 77 14
74 79 16
74 82 19
74 83 20
74 84 14
74 85 1
74 87 15
74 88 19
74 89 11
74 90 19
74 91 7
74 92 2
74 94 15
74 95 2
74 97 18
74 98 10
74 99 19
75 0 5
75 2 14
75 3 8
75 4 13
75 5 4
75 6 6
75 7 20
75 8 1
75 9 19
75 10 7
75 11 12
75 13 1
75 14 8
75 17 17
75 18 20
75 19 9
75 21 20
75 24 3
75 25 7
75 27 18
75 28 5
75 31 2
75 32 12
75 33 4
75 35 13
75 38 3
75 39 10
75 40 3
75 41 5
75 42 15
75 43 6
75 46 6
75 47 17
75 48 3
75 50 14
75 53 7
75 54 7
75 56 19
75 57 13
75 61 3
75 62 14
75 63 15
75 66 8
75 67 11
75 68 14
75 69 3
75 71 10
75 73 10
75 74 15
75 77 14
75 78 18
75 79 6
75 80 14
75 81 19
75 82 8
75 85 20
75 86 2
75 87 1
75 88 6
75 89 4
75 91 1
75 92 19
75 93 6
75 94 17
75 95 18
75 96 4
75 97 3
75 98 3
75 99 15
76 0 1
76 1 15
76 2 19
76 3 18
76 5 2
76 6 11
76 8 19
76 9 9
76 10 13
76 11 4
76 15 8
76 16 18
76 17 15
76 18 13
76 20 7
76 23 6
76 24 18
76 25 20
76 26 18
76 27 12
76 28 3
76 29 9
76 30 10
76 33 9
76 35 17
76 36 11
76 38 9
76 39 10
76 40 4
76 41 20
76 42 4
76 43 6
76 44 9
76 45 8
76 46 1
76 47 9
76 48 17
76 50 2
76 53 12
76 54 19
76 55 10
76 56 3
76 58 8
76 59 20
76 60 9
76 61 8
76 62 12
76 63 4
76 64 18
76 65 6
76 66 12
76 67 4
76 68 14
76 69 19
76 70 17
76 71 1
76 73 17
76 74 7
76 77 14
76 78 11
76 79 15
76 80 13
76 82 18
76 83 7
76 84 7
76 85 16
76 86 19
76 87 16
76 88 4
76 89 17
76 91 13
76 92 8
76 93 17
76 94 17
76 96 19
76 97 7
76 98 18
76 99 3
77 1 18
77 2 4
77 3 18
77 5 13
77 6 20
77 7 11
77 8 16
77 9 7
77 10 9
77 11 7
77 12 3
77 13 12
77 14 8
77 15 13
77 16 10
77 18 9
77 19 13
77 20 2
77 23 20
77 24 14
77 25 1
77 29 13
77 30 9
77 31 10
77 32 5
77 33 4
77 34 14
77 36 4
77 37 12
77 38 19
77 39 17
77 41 20
77 42 1
77 45 6
77 46 11
77 47 3
77 48 20
77 49 5
77 50 16
77 51 1
77 52 1
77 53 9
77 54 15
77 57 8
77 58 6
77 59 19
77 60 19
77 61 7
77 62 7
77 63 10
77 64 19
77 65 20
77 66 4
77 67 19
77 68 5
77 69 15
77 70 8
77 72 1
77 73 14
77 74 12
77 75 16
77 76 4
77 78 14
77 79 13
77 80 18
77 81 6
77 82 14
77 84 8
77 85 1
77 86 7
77 87 7
77 88 6
77 89 15
77 90 10
77 92 13
77 93 4
77 94 12
77 95 13
77 96 11
77 97 2
77 99 13
78 0 18
78 1 13
78 3 9
78 4 3
78 5 17
78 7 8
78 12 14
78 13 14
78 14 6
78 16 3
78 17 18
78 19 11
78 22 14
78 23 2
78 24 16
78 25 13
78 26 18
78 28 8
78 29 15
78 30 9
78 31 10
78 32 17
78 33 17
78 34 15
78 35 13
78 37 16
78 38 9
78 41 20
78 42 17
78 43 7
78 44 9
78 45 2
78 46 10
78 47 3
78 48 6
78 49 14
78 50 3
78 51 17
78 52 6
78 53 13
78 54 7
78 56 1
78 58 1
78 59 19
78 60 18
78 61 1
78 62 2
78 63 20
78 64 4
78 65 6
78 66 12
78 67 3
78 68 18
78 69 11
78 71 13
78 72 19
78 74 4
78 75 7
78 76 19
78 77 4
78 79 10
78 80 9
78 82 7
78 83 19
78 84 9
78 85 4
78 86 7
78 87 6
78 89 4
78 91 13
78 92 6
78 93 13
78 94 6
78 98 5
79 0 19
79 1 3
79 2 19
79 3 18
79 5 17
79 6 3
79 7 16
79 8 5
79 10 1
79 11 8
79 12 12
79 14 1
79 15 7
79 16 4
79 17 9
79 19 19
79 20 4
79 21 4
79 22 17
79 23 11
79 27 10
79 28 3
79 29 2
79 31 4
79 33 19
79 34 12
79 35 1
79 36 11
79 37 9
79 38 4
79 39 2
79 40 14
79 41 9
79 42 9
79 44 7
79 45 4
79 48 3
79 49 3
79 50 16
79 51 11
79 53 20
79 54 4
79 55 1
79 56 2
79 57 11
79 58 6
79 59 17
79 61 12
79 63 9
79 65 10
79 66 18
79 68 17
79 69 5
79 70 10
79 71 4
79 72 15
79 74 17
79 75 18
79 76 5
79 77 7
79 78 6
79 80 14
79 81 2
79 87 20
79 89 18
79 91 17
79 92 17
79 93 6
79 95 20
79 96 13
79 98 4
79 99 7
80 1 5
80 2 10
80 3 16
80 4 5
80 5 18
80 6 10
80 8 7
80 9 13
80 10 15
80 12 1
80 14 6
80 15 8
80 16 6
80 17 12
80 18 18
80 19 2
80 20 13
80 21 18
80 22 3
80 24 17
80 26 6
80 30 9
80 31 6
80 32 17
80 33 16
80 35 8
80 36 13
80 37 8
80 38 1
80 39 11
80 40 12
80 41 15
80 42 9
80 43 13
80 44 8
80 45 19
80 46 14
80 48 15
80 49 10
80 52 12
80 53 1
80 55 17
80 56 14
80 57 19
80 59 20
80 60 4
80 61 7
80 62 19
80 64 18
80 65 11
80 66 12
80 67 13
80 69 19
80 70 12
80 71 5
80 72 20
80 73 15
80 74 2
80 76 3
80 77 20
80 78 17
80 79 6
80 81 14
80 82 6
80 83 12
80 85 7
80 86 11
80 87 12
80 88 6
80 89 12
80 91 11
80 92 15
80 93 10
80 94 15
80 95 5
80 96 3
80 98 3
80 99 1
81 0 16
81 1 12
81 2 12
81 4 1
81 5 2
81 6 4
81 7 9
81 9 8
81 10 8
81 11 15
81 12 20
81 13 10
81 15 9
81 16 7
81 17 13
81 18 17
81 19 15
81 21 11
81 22 2
81 24 10
81 25 10
81 26 19
81 28 10
81 29 11
81 30 15
81 31 17
81 32 13
81 37 2
81 38 19
81 39 16
81 40 6
81 41 19
81 42 3
81 43 11
81 45 2
81 46 20
81 47 7
81 48 10
81 49 19
81 50 8
81 51 19
81 52 14
81 53 3
81 55 9
81 56 3
81 57 14
81 58 16
81 59 11
81 61 3
81 62 5
81 63 17
81 64 13
81 65 9
81 66 20
81 67 17
81 68 19
81 69 3
81 70 17
81 72 14
81 73 14
81 74 2
81 76 10
81 78 18
81 79 8
81 82 12
81 83 17
81 84 4
81 85 3
81 86 15
81 87 19
81 88 20
81 89 5
81 91 7
81 92 14
81 93 19
81 94 20
81 95 9
81 97 3
81 98 20
81 99 18
82 0 8
82 1 18
82 2 11
82 4 19
82 6 16
82 7 16
82 8 10
82 9 11
82 10 20
82 13 20
82 15 17
82 16 6
82 18 11
82 19 17
82 21 2
82 24 6
82 25 2
82 26 13
82 27 6
82 28 9
82 29 4
82 30 17
82 31 4
82 32 6
82 33 11
82 34 13
82 35 11
82 36 19
82 38 3
82 39 2
82 40 16
82 41 8
82 42 5
82 44 19
82 45 6
82 46 20
82 47 1
82 48 16
82 49 5
82 50 19
82 51 13
82 52 19
82 54 14
82 56 7
82 57 1
82 60 18
82 61 8
82 62 5
82 63 13
82 64 9
82 66 12
82 67 5
82 68 4
82 70 1
82 71 13
82 72 2
82 73 17
82 74 9
82 76 20
82 77 4
82 78 2
82 81 14
82 83 15
82 84 11
82 85 5
82 86 8
82 87 3
82 88 17
82 89 20
82 90 14
82 91 14
82 92 2
82 93 10
82 95 6
82 96 19
82 97 13
82 99 12
83 0 7
83 1 10
83 2 14
83 3 15
83 4 8
83 5 20
83 7 9
83 10 20
83 11 8
83 13 19
83 14 5
83 15 13
83 16 20
83 17 3
83 18 13
83 19 13
83 20 20
83 21 5
83 22 5
83 25 13
83 26 18
83 28 4
83 30 11
83 31 4
83 32 13
83 33 19
83 34 19
83 35 14
83 36 2
83 37 17
83 38 10
83 39 12
83 41 7
83 42 5
83 47 20
83 49 17
83 50 5
83 51 18
83 53 17
83 54 4
83 56 15
83 57 8
83 58 9
83 60 2
83 61 16
83 63 7
83 65 10
83 66 13
83 67 20
83 68 10
83 70 2
83 71 13
83 73 20
83 74 16
83 75 1
83 76 7
83 77 3
83 78 1
83 81 6
83 82 10
83 85 11
83 86 16
83 87 12
83 88 19
83 91 20
83 92 7
83 93 7
83 94 11
83 95 15
83 96 1
83 98 5
83 99 11
84 0 1
84 3 7
84 4 4
84 6 18
84 7 20
84 8 13
84 11 2
84 12 10
84 13 14
84 15 8
84 16 13
84 17 9
84 18 3
84 19 3
84 20 18
84 21 11
84 22 4
84 23 9
84 24 1
84 25 3
84 26 20
84 27 8
84 28 8
84 30 7
84 31 8
84 32 6
84 34 4
84 35 13
84 36 6
84 37 2
84 38 17
84 40 13
84 41 7
84 43 6
84 46 4
84 47 18
84 48 17
84 49 19
84 50 19
84 51 20
84 53 5
84 54 5
84 55 4
84 56 3
84 58 19
84 59 18
84 62 9
84 63 7
84 66 2
84 67 18
84 68 6
84 69 5
84 70 4
84 71 5
84 72 4
84 73 19
84 74 12
84 75 11
84 76 6
84 77 13
84 79 20
84 80 16
84 81 8
84 82 1
84 83 20
84 87 14
84 88 1
84 89 18
84 90 5
84 93 7
84 94 9
84 95 10
84 96 13
84 98 19
85 0 14
85 2 19
85 3 13
85 6 1
85 8 2
85 10 20
85 13 2
85 14 7
85 15 4
85 17 6
85 18 2
85 21 5
85 22 5
85 23 16
85 24 8
85 25 2
85 26 11
85 27 9
85 28 18
85 29 5
85 30 9
85 31 2
85 32 16
85 33 12
85 34 10
85 35 14
85 36 16
85 38 6
85 39 7
85 40 5
85 43 16
85 44 11
85 45 12
85 46 11
85 47 14
85 48 2
85 49 9
85 50 7
85 51 11
85 52 10
85 53 10
85 55 11
85 56 16
85 58 11
85 59 12
85 60 18
85 62 1
85 64 5
85 65 16
85 66 4
85 67 7
85 68 19
85 70 17
85 72 3
85 73 18
85 74 6
85 75 7
85 78 10
85 79 10
85 81 16
85 82 5
85 84 6
85 86 8
85 87 17
85 89 3
85 93 14
85 94 7
85 95 8
85 96 3
85 98 8
86 2 7
86 4 20
86 5 14
86 7 15
86 8 2
86 11 18
86 13 12
86 16 2
86 17 4
86 18 5
86 19 17
86 20 16
86 21 1
86 22 19
86 23 1
86 24 17
86 25 7
86 26 20
86 27 12
86 28 2
86 29 10
86 30 6
86 31 7
86 32 9
86 33 4
86 36 5
86 38 6
86 39 8
86 40 4
86 41 4
86 43 16
86 45 12
86 47 6
86 49 4
86 51 17
86 52 19
86 53 12
86 54 10
86 55 14
86 56 15
86 58 7
86 59 1
86 60 8
86 62 4
86 63 20
86 65 5
86 67 10
86 68 7
86 69 9
86 70 3
86 71 2
86 73 19
86 74 20
86 76 14
86 77 5
86 78 16
86 80 6
86 81 20
86 82 18
86 83 7
86 84 17
86 85 10
86 90 19
86 92 18
86 93 1
86 94 19
86 96 4
86 97 20
86 98 13
87 0 11
87 1 20
87 3 6
87 6 4
87 7 20
87 10 5
87 12 15
87 13 15
87 14 3
87 15 9
87 16 19
87 19 8
87 20 3
87 23 16
87 24 11
87 26 9
87 27 3
87 28 6
87 29 16
87 30 15
87 31 6
87 32 2
87 33 15
87 34 3
87 35 11
87 37 19
87 38 17
87 39 2
87 41 16
87 43 8
87 44 18
87 49 6
87 50 20
87 51 8
87 53 4
87 54 12
87 55 18
87 56 20
87 57 1
87 58 3
87 59 12
87 60 16
87 61 2
87 64 6
87 65 17
87 66 15
87 67 2
87 68 5
87 70 5
87 72 13
87 73 2
87 75 7
87 76 13
87 77 12
87 78 4
87 79 16
87 80 4
87 82 8
87 84 15
87 85 4
87 86 13
87 88 4
87 89 9
87 90 15
87 91 12
87 92 20
87 93 11
87 95 14
87 96 1
87 97 18
87 98 14
87 99 12
88 0 19
88 2 17
88 3 16
88 4 9
88 5 16
88 6 5
88 8 16
88 9 19
88 10 5
88 11 1
88 12 17
88 14 9
88 15 17
88 16 10
88 17 6
88 18 5
88 20 10
88 21 3
88 23 20
88 24 3
88 25 7
88 26 20
88 27 20
88 28 3
88 30 5
88 31 18
88 32 6
88 34 1
88 35 5
88 36 11
88 37 20
88 38 14
88 39 9
88 40 10
88 41 9
88 42 11
88 43 11
88 45 20
88 46 15
88 47 9
88 48 5
88 49 7
88 50 1
88 54 14
88 55 5
88 56 15
88 57 7
88 61 5
88 62 8
88 63 16
88 64 9
88 65 19
88 66 2
88 68 12
88 69 14
88 70 7
88 71 16
88 72 7
88 73 18
88 74 17
88 76 11
88 80 8
88 81 14
88 82 14
88 83 7
88 84 12
88 85 14
88 90 2
88 91 8
88 93 16
88 95 15
88 96 6
89 2 7
89 4 11
89 5 6
89 6 14
89 7 13
89 9 6
89 10 17
89 13 5
89 14 12
89 15 20
89 16 18
89 17 13
89 18 20
89 19 3
89 20 2
89 21 10
89 22 12
89 24 18
89 25 14
89 27 13
89 28 10
89 29 19
89 30 9
89 31 1
89 32 2
89 33 15
89 35 16
89 36 14
89 37 13
89 39 14
89 40 3
89 42 18
89 44 13
89 45 9
89 46 19
89 47 5
89 49 20
89 50 2
89 51 5
89 52 14
89 53 14
89 54 3
89 55 17
89 56 5
89 58 16
89 60 7
89 61 5
89 62 12
89 63 6
89 64 11
89 65 9
89 66 8
89 67 2
89 71 16
89 72 7
89 73 18
89 74 8
89 75 2
89 76 18
89 77 15
89 78 14
89 81 1
89 82 14
89 83 6
89 85 18
89 86 19
89 92 19
89 96 1
89 99 1
90 0 5
90 1 1
90 2 15
90 3 20
90 4 15
90 5 7
90 6 16
90 7 19
90 9 14
90 10 9
90 11 16
90 12 7
90 13 13
90 14 3
90 15 16
90 17 4
90 18 8
90 19 9
90 21 2
90 22 19
90 23 11
90 24 2
90 27 12
90 28 12
90 30 6
90 32 10
90 33 4
90 35 5
90 36 16
90 40 14
90 42 12
90 43 9
90 44 18
90 45 5
90 46 7
90 47 14
90 48 1
90 49 18
90 50 4
90 54 2
90 55 5
90 58 15
90 59 5
90 61 7
90 62 15
90 63 19
90 64 19
90 65 12
90 66 1
90 69 17
90 70 4
90 71 7
90 73 6
90 74 4
90 75 11
90 76 7
90 79 7
90 80 5
90 81 16
90 82 13
90 83 4
90 87 1
90 88 8
90 91 20
90 92 9
90 93 5
90 94 7
90 95 20
90 96 17
90 97 20
90 98 15
90 99 19
91 0 16
91 1 9
91 2 11
91 3 2
91 4 15
91 5 17
91 6 15
91 7 4
91 8 8
91 9 2
91 10 11
91 12 9
91 13 20
91 14 5
91 16 17
91 17 13
91 19 20
91 21 4
91 22 5
91 23 19
91 25 15
91 26 18
91 27 8
91 28 11
91 29 3
91 30 2
91 31 7
91 33 8
91 34 14
91 35 1
91 36 11
91 37 14
91 39 1
91 40 18
91 41 11
91 42 6
91 43 8
91 47 19
91 48 13
91 50 8
91 51 7
91 53 9
91 54 6
91 55 17
91 56 8
91 57 17
91 58 1
91 61 19
91 62 11
91 63 10
91 64 19
91 65 1
91 66 8
91 67 19
91 68 18
91 69 18
91 70 2
91 71 15
91 73 2
91 75 4
91 76 15
91 77 12
91 78 2
91 79 1
91 80 16
91 81 10
91 82 8
91 83 3
91 84 16
91 85 7
91 86 18
91 89 17
91 90 19
91 92 16
91 93 3
91 94 13
91 95 8
91 96 1
91 97 15
91 98 2
91 99 15
92 0 15
92 2 2
92 3 17
92 4 15
92 7 20
92 11 10
92 12 14
92 13 11
92 14 5
92 15 20
92 16 11
92 18 2
92 19 8
92 20 20
92 21 9
92 23 6
92 25 5
92 26 2
92 27 9
92 28 5
92 29 6
92 30 10
92 31 18
92 32 2
92 33 9
92 34 7
92 35 16
92 37 16
92 38 6
92 39 18
92 40 17
92 41 12
92 42 17
92 43 15
92 46 7
92 47 20
92 48 14
92 49 10
92 50 20
92 51 14
92 52 1
92 54 10
92 55 4
92 57 16
92 58 20
92 59 8
92 60 12
92 61 4
92 62 19
92 63 7
92 64 4
92 65 11
92 68 16
92 69 14
92 70 11
92 72 8
92 73 3
92 74 1
92 75 10
92 77 16
92 79 4
92 80 13
92 81 18
92 83 4
92 84 16
92 85 7
92 86 16
92 87 14
92 88 4
92 89 7
92 90 20
92 94 5
92 95 16
92 96 13
92 97 10
92 98 16
92 99 6
93 0 6
93 1 8
93 2 4
93 3 13
93 4 10
93 6 8
93 7 4
93 8 8
93 9 7
93 10 1
93 11 19
93 15 2
93 16 4
93 19 13
93 21 7
93 23 9
93 25 10
93 26 3
93 27 20
93 28 11
93 29 15
93 30 10
93 31 2
93 32 4
93 33 11
93 35 19
93 36 9
93 37 10
93 40 2
93 41 2
93 43 18
93 45 11
93 46 15
93 47 9
93 48 1
93 49 19
93 50 7
93 51 11
93 52 15
93 53 7
93 54 15
93 57 6
93 58 5
93 59 6
93 60 19
93 61 15
93 62 12
93 63 7
93 64 13
93 65 10
93 66 13
93 68 19
93 70 14
93 71 4
93 73 16
93 74 2
93 75 17
93 76 19
93 77 15
93 78 10
93 80 7
93 81 9
93 82 14
93 83 2
93 84 10
93 85 9
93 86 20
93 88 18
93 89 7
93 91 18
93 92 16
93 94 1
93 95 13
93 97 18
93 98 2
93 99 8
94 0 9
94 1 9
94 2 15
94 3 18
94 4 11
94 5 5
94 6 16
94 7 17
94 8 3
94 9 2
94 10 2
94 11 4
94 12 3
94 13 2
94 14 8
94 15 4
94 16 5
94 18 20
94 19 18
94 20 9
94 21 15
94 22 15
94 23 19
94 24 8
94 26 9
94 29 15
94 30 5
94 31 11
94 32 9
94 33 14
94 34 6
94 35 17
94 36 9
94 37 4
94 38 1
94 41 20
94 42 1
94 44 3
94 45 11
94 46 16
94 47 9
94 48 19
94 49 2
94 50 11
94 51 4
94 52 9
94 53 12
94 54 12
94 56 2
94 58 2
94 59 18
94 60 6
94 61 2
94 62 16
94 63 18
94 64 10
94 66 11
94 67 16
94 68 7
94 69 15
94 70 5
94 71 13
94 72 8
94 73 11
94 78 15
94 80 13
94 81 6
94 82 17
94 84 19
94 85 4
94 87 17
94 89 16
94 92 9
94 95 20
94 96 13
94 98 17
95 0 1
95 1 3
95 2 5
95 3 10
95 4 8
95 5 4
95 6 20
95 7 19
95 11 17
95 12 7
95 13 1
95 14 10
95 18 19
95 19 14
95 20 18
95 21 9
95 24 6
95 25 9
95 26 1
95 28 8
95 29 3
95 30 5
95 31 16
95 32 2
95 34 16
95 35 15
95 37 7
95 39 20
95 40 18
95 41 1
95 42 10
95 43 11
95 45 9
95 46 20
95 47 13
95 48 4
95 50 5
95 52 8
95 54 9
95 55 8
95 56 7
95 57 20
95 58 10
95 59 14
95 60 4
95 61 5
95 62 3
95 63 9
95 64 18
95 65 13
95 66 20
95 71 16
95 72 4
95 73 17
95 74 3
95 75 11
95 76 18
95 80 10
95 83 4
95 85 4
95 87 5
95 88 15
95 89 9
95 90 19
95 91 7
95 92 16
95 93 6
95 94 2
95 97 9
95 98 9
95 99 18
96 1 1
96 2 12
96 3 18
96 4 9
96 5 13
96 6 12
96 7 20
96 8 8
96 9 15
96 10 5
96 11 2
96 12 18
96 13 6
96 15 16
96 16 20
96 17 15
96 18 2
96 19 6
96 24 15
96 25 10
96 26 3
96 27 1
96 29 17
96 30 6
96 31 16
96 32 4
96 33 14
96 36 16
96 37 2
96 38 16
96 39 5
96 40 20
96 43 6
96 44 14
96 45 19
96 46 14
96 47 20
96 48 4
96 49 1
96 51 10
96 53 12
96 55 15
96 56 18
96 57 16
96 59 17
96 62 19
96 63 16
96 65 6
96 66 5
96 68 3
96 69 9
96 70 18
96 71 5
96 73 2
96 75 1
96 76 13
96 78 11
96 80 9
96 81 11
96 82 6
96 83 9
96 84 3
96 85 15
96 86 10
96 87 2
96 88 3
96 89 6
96 90 2
96 91 17
96 92 11
96 93 18
96 94 20
96 95 11
96 97 17
96 98 2
96 99 6
97 2 16
97 4 16
97 5 13
97 8 8
97 9 4
97 10 18
97 11 17
97 12 13
97 13 4
97 15 19
97 16 18
97 18 19
97 19 19
97 20 19
97 21 7
97 22 18
97 23 7
97 24 19
97 26 1
97 28 2
97 29 3
97 30 10
97 32 9
97 33 7
97 34 7
97 35 10
97 38 19
97 39 7
97 40 5
97 41 9
97 43 12
97 44 13
97 46 18
97 47 3
97 48 5
97 49 13
97 50 16
97 51 1
97 52 20
97 53 5
97 54 10
97 55 3
97 56 16
97 57 5
97 58 18
97 59 9
97 61 14
97 62 16
97 66 2
97 68 6
97 69 3
97 70 16
97 71 11
97 72 10
97 73 14
97 75 2
97 76 14
97 77 14
97 78 3
97 79 6
97 80 4
97 81 5
97 82 10
97 83 15
97 84 4
97 85 5
97 86 5
97 87 18
97 88 15
97 89 5
97 91 20
97 92 17
97 93 20
97 94 6
97 95 7
97 96 3
97 98 1
98 0 11
98 1 6
98 3 20
98 4 8
98 5 6
98 6 20
98 8 8
98 10 2
98 11 12
98 12 7
98 13 1
98 14 4
98 15 19
98 16 8
98 17 16
98 18 11
98 19 1
98 20 12
98 21 8
98 22 8
98 24 13
98 27 8
98 28 6
98 29 7
98 30 17
98 31 13
98 33 20
98 34 19
98 36 14
98 37 17
98 38 3
98 39 5
98 40 12
98 42 5
98 44 7
98 45 4
98 46 11
98 47 13
98 48 15
98 49 11
98 50 12
98 51 14
98 52 13
98 53 3
98 55 15
98 56 18
98 57 7
98 59 18
98 60 20
98 61 5
98 62 6
98 63 15
98 64 3
98 65 20
98 66 6
98 67 10
98 68 2
98 69 12
98 70 18
98 72 6
98 73 2
98 76 13
98 77 20
98 79 9
98 80 16
98 81 10
98 82 13
98 84 7
98 85 6
98 86 9
98 89 14
98 90 2
98 92 15
98 94 20
98 95 11
98 99 3
99 0 10
99 1 1
99 2 13
99 3 12
99 4 8
99 5 7
99 6 6
99 7 11
99 8 8
99 9 13
99 10 14
99 11 12
99 12 9
99 13 9
99 14 6
99 15 2
99 16 10
99 17 14
99 18 7
99 19 10
99 20 13
99 21 10
99 22 14
99 23 12
99 24 4
99 25 12
99 26 17
99 27 7
99 29 12
99 30 2
99 31 13
99 32 5
99 33 8
99 34 5
99 35 17
99 36 4
99 37 12
99 38 18
99 39 6
99 40 8
99 42 17
99 43 5
99 44 13
99 45 20
99 46 1
99 47 1
99 49 10
99 50 6
99 51 15
99 52 16
99 53 19
99 54 3
99 55 14
99 56 2
99 58 16
99 59 2
99 60 11
99 61 15
99 62 6
99 63 4
99 64 2
99 65 7
99 68 12
99 69 1
99 71 18
99 72 20
99 73 15
99 75 4
99 76 3
99 77 15
99 78 9
99 82 8
99 83 8
99 84 12
99 85 20
99 86 19
99 87 15
99 88 20
99 90 3
99 91 17
99 92 9
99 95 10
99 96 1
99 97 4
99 98 6
