3750 100 79 0
0 1 4
0 2 4
0 3 3
0 4 1
0 5 14
0 6 7
0 7 4
0 8 17
0 9 14
0 10 20
0 12 19
0 13 10
0 15 13
0 16 6
0 18 11
0 19 16
0 20 9
0 21 18
0 22 1
0 23 16
0 25 3
0 26 9
0 27 8
0 29 13
0 30 19
0 32 20
0 33 15
0 34 4
0 36 6
0 37 1
0 38 10
0 39 5
0 40 16
0 41 15
0 43 5
0 44 6
0 45 20
0 46 15
0 47 18
0 50 18
0 51 13
0 52 19
0 54 3
0 55 11
0 57 9
0 58 2
0 59 18
0 60 20
0 61 6
0 62 10
0 63 14
0 64 4
0 65 5
0 66 6
0 67 1
0 68 10
0 70 5
0 71 20
0 73 8
0 75 2
0 76 9
0 77 15
0 78 14
0 80 17
0 81 18
0 82 9
0 83 5
0 84 8
0 87 3
0 88 2
0 89 8
0 90 10
0 91 18
0 93 19
0 94 1
0 95 5
0 97 16
0 98 8
0 99 14
1 2 10
1 4 6
1 5 9
1 6 9
1 7 1
1 8 5
1 10 18
1 11 16
1 12 5
1 13 4
1 14 4
1 16 10
1 17 12
1 18 19
1 22 17
1 23 16
1 24 10
1 25 15
1 26 9
1 27 3
1 28 20
1 29 7
1 31 1
1 32 4
1 33 9
1 34 15
1 35 12
1 36 6
1 37 12
1 40 16
1 41 7
1 42 8
1 43 11
1 46 7
1 48 5
1 49 10
1 51 5
1 52 11
1 53 20
1 55 13
1 56 14
1 57 4
1 58 4
1 59 15
1 60 11
1 61 4
1 62 1
1 64 12
1 66 17
1 67 15
1 68 14
1 70 17
1 71 2
1 72 9
1 73 12
1 74 13
1 76 12
1 77 14
1 78 14
1 79 19
1 81 14
1 82 8
1 83 4
1 84 16
1 85 10
1 86 20
1 87 19
1 88 13
1 89 11
1 90 20
1 93 9
1 94 4
1 95 11
1 96 10
1 97 2
1 98 20
1 99 12
2 4 11
2 6 18
2 7 4
2 8 2
2 9 12
2 10 5
2 12 2
2 13 17
2 15 19
2 16 7
2 17 10
2 18 18
2 20 10
2 21 8
2 23 15
2 24 8
2 25 1
2 27 20
2 28 7
2 29 10
2 30 16
2 32 1
2 33 19
2 36 8
2 37 7
2 38 5
2 39 9
2 40 4
2 41 9
2 43 8
2 45 19
2 47 12
2 48 8
2 50 12
2 51 14
2 52 3
2 53 3
2 54 13
2 55 12
2 56 13
2 57 8
2 60 16
2 61 13
2 62 7
2 64 11
2 66 12
2 67 2
2 68 7
2 69 20
2 70 15
2 71 6
2 72 10
2 73 1
2 75 2
2 76 5
2 77 3
2 78 18
2 79 6
2 80 16
2 81 5
2 82 13
2 83 15
2 84 5
2 85 16
2 86 1
2 87 8
2 88 13
2 89 8
2 90 7
2 91 20
2 92 5
2 93 17
2 94 7
2 95 15
2 96 19
2 97 8
2 98 17
2 99 20
3 5 2
3 6 7
3 7 20
3 9 14
3 11 4
3 12 12
3 13 17
3 14 4
3 16 10
3 17 20
3 18 20
3 19 16
3 20 20
3 22 10
3 23 1
3 24 6
3 25 11
3 28 4
3 29 16
3 31 19
3 32 10
3 33 6
3 34 20
3 35 1
3 36 2
3 38 1
3 39 2
3 40 8
3 41 10
3 42 12
3 43 15
3 44 2
3 46 13
3 47 11
3 48 18
3 49 4
3 51 6
3 52 7
3 54 11
3 57 7
3 61 5
3 62 1
3 65 14
3 66 19
3 67 12
3 68 13
3 69 10
3 72 6
3 73 10
3 74 12
3 75 10
3 77 16
3 78 8
3 79 10
3 80 10
3 81 10
3 82 11
3 83 17
3 85 3
3 86 6
3 87 18
3 88 8
3 89 12
3 90 7
3 91 8
3 92 13
3 94 13
3 97 11
3 98 3
3 99 12
4 5 5
4 6 20
4 7 7
4 8 20
4 9 10
4 10 17
4 12 19
4 15 13
4 16 5
4 17 13
4 18 2
4 19 12
4 20 9
4 21 3
4 22 11
4 25 19
4 26 17
4 27 17
4 29 2
4 30 13
4 31 9
4 34 14
4 36 1
4 38 8
4 41 5
4 43 6
4 44 13
4 45 6
4 48 10
4 50 19
4 51 17
4 53 10
4 54 1
4 55 2
4 56 9
4 57 12
4 58 10
4 59 16
4 60 14
4 62 17
4 66 16
4 68 2
4 69 16
4 70 2
4 71 1
4 72 5
4 73 12
4 74 15
4 75 16
4 76 10
4 77 16
4 80 10
4 82 20
4 83 17
4 84 6
4 85 12
4 86 15
4 87 10
4 88 16
4 90 19
4 93 11
4 94 8
4 95 13
4 96 8
4 97 19
4 98 10
5 6 14
5 8 5
5 9 14
5 10 1
5 11 3
5 12 8
5 14 18
5 15 20
5 16 5
5 18 3
5 19 17
5 21 8
5 22 10
5 26 12
5 30 5
5 32 11
5 34 3
5 36 19
5 37 17
5 38 20
5 39 9
5 40 16
5 41 6
5 42 20
5 44 19
5 46 8
5 47 8
5 49 16
5 50 11
5 51 10
5 52 10
5 53 15
5 54 13
5 55 18
5 56 9
5 57 11
5 58 13
5 59 4
5 60 2
5 61 7
5 62 20
5 63 11
5 64 15
5 65 20
5 66 6
5 67 6
5 68 6
5 69 7
5 70 4
5 72 18
5 74 6
5 75 15
5 76 16
5 77 11
5 81 17
5 82 11
5 83 7
5 84 6
5 85 5
5 87 8
5 88 7
5 90 17
5 91 20
5 92 18
5 93 9
5 94 14
5 95 6
5 96 4
5 97 14
5 98 6
5 99 10
6 9 6
6 10 19
6 11 7
6 12 17
6 13 1
6 15 17
6 16 5
6 17 18
6 19 5
6 21 6
6 23 5
6 24 17
6 25 20
6 26 2
6 27 17
6 28 16
6 29 18
6 31 8
6 33 6
6 34 13
6 38 16
6 39 14
6 40 16
6 41 3
6 42 4
6 47 18
6 49 18
6 51 2
6 52 9
6 53 18
6 54 18
6 55 8
6 56 20
6 58 9
6 59 3
6 61 5
6 63 19
6 65 7
6 67 1
6 68 3
6 69 20
6 70 15
6 71 16
6 73 5
6 74 10
6 75 17
6 76 17
6 77 13
6 78 11
6 79 6
6 80 9
6 81 1
6 82 15
6 83 4
6 84 7
6 86 18
6 87 18
6 88 20
6 89 4
6 90 10
6 91 11
6 93 4
6 94 16
6 95 6
6 96 3
6 97 10
6 98 1
6 99 11
7 8 19
7 10 3
7 12 20
7 13 16
7 14 3
7 16 18
7 18 2
7 19 10
7 21 4
7 22 10
7 23 18
7 24 8
7 25 5
7 26 18
7 27 10
7 29 1
7 30 3
7 31 5
7 32 11
7 33 11
7 34 16
7 35 9
7 37 10
7 38 2
7 39 13
7 40 10
7 41 10
7 42 6
7 43 15
7 44 16
7 46 16
7 47 6
7 48 17
7 49 14
7 50 19
7 53 19
7 54 15
7 55 14
7 57 10
7 58 18
7 59 9
7 60 12
7 62 19
7 63 18
7 64 15
7 65 17
7 70 2
7 71 16
7 74 8
7 76 19
7 78 7
7 79 16
7 80 12
7 82 13
7 83 16
7 84 7
7 85 13
7 86 2
7 87 20
7 88 13
7 89 5
7 91 12
7 92 16
7 93 9
7 95 5
7 97 18
7 99 14
8 9 9
8 12 7
8 13 15
8 14 5
8 15 18
8 16 5
8 18 14
8 19 6
8 21 16
8 23 11
8 24 7
8 25 11
8 26 16
8 27 20
8 28 11
8 29 13
8 31 16
8 32 3
8 34 3
8 35 5
8 37 17
8 38 6
8 40 12
8 44 17
8 45 3
8 46 2
8 47 12
8 48 1
8 49 7
8 50 12
8 53 11
8 56 10
8 57 20
8 58 6
8 59 6
8 61 4
8 62 12
8 64 14
8 66 10
8 67 20
8 68 15
8 69 6
8 71 15
8 72 15
8 75 15
8 76 1
8 78 5
8 79 6
8 80 16
8 81 11
8 82 10
8 83 11
8 84 13
8 86 12
8 87 8
8 88 1
8 89 9
8 90 1
8 92 11
8 93 12
8 95 16
8 96 9
8 97 13
8 98 6
8 99 2
9 11 10
9 12 14
9 13 9
9 15 9
9 16 15
9 18 1
9 19 11
9 20 17
9 22 4
9 23 16
9 24 15
9 25 9
9 27 16
9 28 20
9 30 9
9 31 14
9 32 13
9 33 7
9 34 16
9 35 12
9 36 7
9 37 13
9 38 16
9 40 9
9 43 5
9 44 2
9 45 13
9 46 15
9 48 1
9 49 3
9 50 11
9 51 6
9 53 12
9 54 19
9 55 14
9 56 9
9 57 18
9 58 8
9 60 8
9 62 6
9 64 9
9 65 14
9 66 6
9 67 12
9 68 19
9 69 11
9 71 8
9 73 6
9 74 11
9 75 8
9 77 18
9 78 16
9 79 11
9 80 4
9 81 12
9 83 17
9 84 17
9 85 5
9 86 20
9 87 20
9 88 5
9 90 12
9 93 15
9 94 7
9 95 8
9 96 13
9 97 5
9 98 20
10 12 4
10 13 3
10 15 2
10 16 6
10 17 20
10 19 11
10 20 16
10 21 6
10 23 19
10 24 9
10 25 8
10 27 11
10 30 15
10 31 11
10 32 13
10 33 2
10 36 2
10 37 17
10 38 7
10 39 19
10 40 7
10 42 2
10 43 1
10 44 19
10 46 20
10 47 6
10 48 13
10 49 6
10 51 14
10 53 7
10 54 7
10 55 18
10 56 17
10 57 15
10 58 18
10 59 6
10 60 8
10 61 4
10 63 2
10 65 12
10 66 13
10 67 10
10 68 19
10 69 3
10 70 11
10 71 2
10 73 4
10 75 2
10 76 5
10 77 9
10 78 12
10 79 19
10 80 11
10 81 11
10 82 13
10 83 11
10 87 8
10 88 8
10 89 17
10 90 13
10 91 1
10 92 17
10 93 12
10 95 17
10 96 15
10 97 14
10 98 18
11 14 13
11 15 13
11 16 9
11 17 14
11 18 13
11 19 1
11 21 11
11 24 2
11 25 16
11 26 6
11 27 6
11 29 13
11 30 2
11 31 10
11 32 4
11 33 14
11 34 3
11 35 6
11 36 4
11 39 11
11 40 10
11 43 17
11 44 16
11 45 11
11 46 3
11 47 5
11 49 14
11 50 18
11 51 5
11 52 9
11 53 19
11 54 7
11 55 8
11 56 8
11 57 5
11 58 14
11 59 3
11 60 6
11 61 13
11 62 19
11 63 15
11 64 12
11 65 9
11 66 15
11 67 13
11 68 10
11 71 10
11 72 18
11 74 3
11 75 20
11 76 8
11 77 5
11 78 17
11 80 16
11 83 12
11 85 19
11 86 2
11 87 15
11 88 14
11 90 13
11 93 10
11 96 6
11 97 14
11 98 19
11 99 12
12 13 11
12 14 4
12 15 7
12 16 11
12 17 4
12 18 16
12 19 20
12 20 19
12 21 15
12 23 6
12 24 14
12 25 16
12 27 4
12 28 9
12 29 10
12 30 1
12 31 17
12 33 8
12 34 4
12 35 3
12 36 19
12 37 14
12 38 2
12 39 20
12 40 3
12 41 8
12 42 12
12 43 20
12 44 5
12 45 5
12 46 1
12 47 1
12 48 10
12 49 1
12 51 4
12 52 20
12 53 15
12 54 13
12 55 18
12 57 8
12 58 12
12 60 17
12 61 9
12 62 3
12 65 16
12 66 13
12 67 7
12 68 4
12 69 14
12 70 4
12 72 16
12 73 15
12 74 9
12 75 2
12 77 12
12 78 16
12 79 7
12 80 14
12 81 11
12 83 10
12 84 9
12 87 9
12 90 3
12 91 5
12 92 6
12 93 10
12 94 9
12 95 7
12 96 10
12 97 7
12 98 11
13 15 18
13 16 12
13 17 7
13 19 12
13 20 10
13 22 15
13 23 1
13 24 15
13 25 16
13 27 20
13 28 13
13 30 20
13 33 4
13 34 18
13 35 7
13 37 1
13 38 10
13 40 12
13 41 6
13 42 19
13 43 17
13 44 9
13 45 1
13 46 17
13 47 17
13 48 15
13 49 5
13 50 14
13 51 14
13 53 12
13 54 9
13 55 8
13 57 17
13 58 5
13 59 11
13 60 19
13 61 16
13 62 5
13 63 11
13 64 5
13 65 3
13 66 20
13 67 2
13 68 18
13 69 13
13 70 8
13 71 5
13 72 8
13 73 2
13 74 13
13 75 9
13 76 14
13 77 10
13 78 8
13 79 20
13 80 10
13 81 4
13 82 7
13 83 19
13 84 1
13 85 14
13 86 9
13 87 6
13 89 11
13 90 3
13 91 16
13 93 9
13 94 11
13 95 14
13 96 18
13 97 2
13 98 6
13 99 19
14 16 11
14 18 13
14 20 9
14 21 11
14 22 17
14 23 11
14 24 16
14 25 4
14 26 18
14 28 3
14 29 11
14 30 5
14 31 4
14 32 12
14 35 8
14 36 17
14 38 1
14 39 18
14 41 3
14 43 4
14 44 6
14 45 20
14 46 2
14 48 20
14 49 5
14 50 1
14 51 7
14 52 13
14 54 12
14 55 16
14 56 13
14 57 14
14 59 3
14 60 19
14 61 6
14 63 6
14 64 16
14 65 10
14 67 12
14 68 19
14 69 1
14 70 12
14 72 2
14 73 19
14 74 7
14 76 13
14 80 7
14 81 7
14 82 2
14 84 12
14 85 17
14 88 8
14 89 16
14 90 8
14 91 20
14 92 4
14 94 16
14 95 6
14 96 6
14 97 16
14 98 4
14 99 1
15 16 12
15 19 4
15 21 12
15 22 19
15 23 2
15 24 10
15 25 2
15 26 18
15 27 7
15 28 13
15 29 16
15 30 4
15 33 3
15 34 11
15 35 19
15 36 12
15 37 11
15 38 13
15 39 14
15 40 18
15 42 18
15 44 3
15 45 18
15 48 12
15 49 3
15 50 8
15 51 4
15 52 17
15 53 17
15 54 10
15 57 9
15 60 8
15 61 3
15 62 16
15 63 5
15 65 18
15 66 5
15 68 6
15 69 19
15 70 11
15 71 11
15 73 11
15 74 2
15 76 13
15 80 1
15 81 2
15 82 10
15 83 14
15 84 9
15 85 12
15 88 2
15 90 18
15 91 15
15 93 7
15 94 20
15 96 13
15 97 7
15 98 20
15 99 11
16 17 1
16 20 5
16 21 11
16 22 20
16 23 14
16 24 16
16 25 12
16 26 17
16 27 2
16 29 6
16 30 1
16 31 11
16 32 2
16 33 4
16 35 4
16 36 8
16 42 8
16 43 12
16 44 8
16 45 2
16 46 2
16 47 17
16 49 12
16 51 14
16 53 6
16 55 19
16 57 19
16 59 10
16 60 13
16 61 19
16 62 17
16 63 16
16 64 4
16 65 6
16 66 4
16 67 1
16 68 13
16 69 12
16 71 13
16 73 18
16 74 14
16 75 18
16 76 6
16 77 10
16 78 17
16 79 11
16 80 4
16 82 10
16 83 11
16 85 10
16 86 9
16 87 10
16 88 12
16 89 12
16 90 18
16 91 2
16 92 19
16 93 4
16 94 7
16 95 19
16 96 2
16 97 8
17 18 10
17 19 14
17 20 17
17 21 2
17 22 3
17 23 3
17 24 14
17 25 4
17 26 11
17 27 7
17 28 19
17 30 16
17 31 14
17 32 3
17 34 15
17 35 16
17 36 12
17 37 8
17 38 5
17 39 11
17 40 19
17 41 1
17 42 6
17 44 16
17 45 7
17 46 12
17 48 11
17 50 4
17 51 16
17 52 6
17 54 16
17 55 1
17 57 6
17 58 2
17 61 10
17 65 15
17 67 4
17 69 10
17 71 3
17 73 4
17 74 8
17 75 6
17 76 14
17 78 15
17 79 8
17 80 5
17 81 11
17 82 9
17 83 12
17 84 1
17 85 8
17 86 5
17 87 14
17 88 13
17 90 10
17 92 4
17 93 4
17 94 4
17 95 1
17 96 7
17 97 5
17 98 8
18 19 5
18 20 10
18 21 14
18 23 15
18 24 8
18 25 12
18 27 9
18 30 2
18 32 19
18 33 7
18 34 12
18 35 16
18 36 15
18 37 1
18 39 14
18 41 4
18 42 14
18 43 16
18 44 15
18 45 12
18 47 12
18 48 19
18 49 12
18 50 13
18 52 6
18 54 4
18 55 18
18 58 15
18 60 8
18 62 13
18 63 16
18 65 12
18 66 12
18 67 12
18 68 17
18 69 1
18 70 14
18 71 19
18 72 20
18 75 3
18 77 5
18 78 17
18 79 11
18 80 4
18 83 11
18 84 16
18 85 14
18 86 2
18 87 15
18 88 17
18 90 13
18 91 12
18 92 10
18 93 8
18 95 15
18 96 7
18 97 14
18 99 2
19 21 17
19 23 4
19 25 11
19 26 16
19 27 4
19 28 3
19 29 15
19 30 6
19 33 12
19 34 6
19 35 4
19 37 1
19 38 19
19 39 15
19 40 5
19 41 18
19 42 2
19 43 16
19 44 8
19 45 11
19 46 16
19 47 11
19 48 9
19 50 12
19 52 16
19 53 16
19 54 1
19 56 9
19 57 10
19 58 13
19 59 20
19 61 9
19 62 15
19 63 3
19 65 17
19 66 15
19 67 19
19 68 17
19 69 20
19 70 3
19 71 20
19 72 12
19 73 2
19 74 18
19 75 7
19 76 12
19 77 8
19 78 15
19 79 7
19 80 3
19 82 7
19 83 2
19 84 3
19 85 7
19 86 14
19 87 6
19 88 20
19 89 20
19 90 3
19 91 16
19 93 13
19 95 20
19 97 19
19 99 15
20 21 7
20 23 8
20 24 17
20 25 12
20 27 2
20 29 4
20 30 14
20 31 2
20 32 9
20 33 2
20 34 9
20 35 17
20 36 13
20 40 20
20 41 11
20 43 13
20 44 6
20 45 16
20 48 7
20 49 13
20 52 17
20 54 18
20 55 14
20 56 3
20 57 15
20 58 3
20 59 3
20 60 6
20 61 17
20 62 14
20 63 5
20 64 14
20 65 17
20 67 8
20 68 19
20 69 13
20 70 14
20 72 5
20 77 10
20 79 18
20 80 9
20 81 10
20 82 7
20 83 13
20 84 13
20 85 12
20 87 4
20 88 13
20 89 1
20 90 8
20 91 3
20 92 4
20 94 8
20 95 20
20 97 17
20 98 2
20 99 20
21 22 16
21 23 2
21 24 4
21 26 2
21 27 13
21 28 1
21 29 2
21 30 2
21 31 13
21 33 15
21 34 3
21 35 3
21 36 1
21 37 19
21 38 12
21 39 8
21 40 17
21 41 4
21 42 10
21 43 12
21 44 7
21 45 3
21 46 18
21 47 6
21 48 2
21 49 4
21 51 18
21 52 6
21 53 19
21 57 9
21 58 1
21 59 18
21 60 8
21 61 4
21 62 19
21 64 9
21 66 6
21 67 4
21 68 12
21 69 6
21 73 19
21 74 17
21 75 9
21 76 9
21 77 18
21 78 5
21 79 15
21 80 18
21 81 6
21 83 13
21 84 5
21 85 13
21 86 12
21 87 6
21 89 12
21 90 10
21 92 7
21 93 6
21 94 17
21 95 18
21 96 12
21 97 13
21 98 2
21 99 16
22 24 13
22 25 15
22 26 9
22 27 9
22 29 19
22 30 19
22 31 5
22 32 17
22 33 8
22 34 11
22 35 10
22 36 5
22 37 19
22 38 11
22 40 13
22 41 13
22 42 10
22 43 17
22 45 20
22 48 17
22 50 8
22 52 14
22 53 18
22 54 11
22 55 7
22 57 3
22 58 2
22 59 8
22 60 20
22 62 13
22 63 12
22 64 20
22 65 1
22 67 18
22 68 4
22 69 7
22 70 8
22 71 15
22 72 16
22 73 10
22 74 20
22 76 2
22 77 3
22 78 4
22 79 1
22 81 11
22 82 20
22 84 16
22 87 16
22 88 13
22 89 17
22 90 9
22 91 3
22 92 13
22 94 5
22 95 4
22 96 19
22 97 8
22 98 17
22 99 6
23 24 13
23 26 2
23 27 11
23 29 12
23 31 10
23 32 16
23 33 8
23 34 3
23 35 9
23 36 5
23 41 9
23 42 6
23 44 17
23 45 14
23 46 5
23 48 19
23 50 14
23 52 5
23 53 3
23 54 5
23 55 7
23 56 13
23 58 9
23 59 18
23 60 11
23 61 3
23 62 14
23 63 11
23 64 19
23 65 12
23 66 12
23 67 16
23 69 8
23 70 11
23 71 13
23 72 13
23 73 20
23 74 14
23 75 7
23 76 13
23 77 19
23 78 13
23 79 16
23 80 16
23 81 3
23 82 6
23 84 18
23 85 17
23 86 7
23 87 11
23 88 7
23 91 10
23 93 9
23 94 15
23 95 8
23 98 2
23 99 6
24 26 3
24 28 9
24 29 4
24 30 2
24 31 4
24 32 19
24 33 18
24 34 13
24 35 19
24 36 20
24 37 4
24 38 15
24 39 13
24 40 2
24 41 11
24 42 9
24 43 20
24 45 17
24 46 15
24 47 18
24 48 6
24 49 12
24 51 9
24 52 7
24 53 6
24 54 18
24 55 15
24 57 17
24 58 15
24 59 14
24 61 19
24 63 14
24 64 2
24 65 8
24 67 17
24 68 20
24 69 8
24 71 1
24 72 8
24 73 13
24 75 17
24 76 12
24 77 13
24 78 3
24 79 1
24 81 12
24 83 11
24 84 20
24 85 17
24 86 10
24 87 18
24 89 20
24 90 13
24 93 14
24 94 10
24 95 1
24 97 19
24 98 10
25 27 15
25 28 15
25 30 1
25 31 11
25 32 14
25 33 2
25 35 14
25 36 12
25 37 4
25 38 14
25 40 19
25 42 8
25 44 12
25 45 2
25 46 5
25 47 9
25 49 15
25 50 15
25 51 5
25 52 18
25 53 18
25 54 13
25 55 5
25 58 6
25 60 9
25 61 17
25 62 8
25 63 5
25 64 12
25 65 17
25 66 8
25 67 11
25 68 8
25 69 15
25 70 20
25 71 5
25 74 2
25 76 8
25 77 9
25 79 2
25 80 3
25 81 8
25 82 15
25 84 17
25 86 1
25 88 8
25 89 10
25 90 5
25 91 7
25 92 2
25 93 18
25 95 16
25 96 8
25 97 4
25 98 19
25 99 4
26 27 18
26 30 17
26 31 8
26 32 12
26 33 4
26 36 17
26 39 19
26 42 2
26 43 17
26 44 15
26 45 1
26 47 16
26 49 11
26 50 11
26 51 17
26 52 17
26 53 3
26 54 13
26 55 9
26 56 1
26 59 12
26 60 3
26 61 12
26 62 9
26 63 17
26 64 9
26 65 15
26 66 6
26 67 5
26 68 11
26 69 2
26 70 18
26 71 18
26 72 16
26 75 1
26 76 9
26 80 6
26 81 14
26 83 18
26 84 2
26 85 2
26 86 6
26 87 13
26 89 9
26 90 5
26 91 2
26 92 8
26 93 4
26 95 6
26 96 15
26 97 5
26 99 15
27 28 19
27 29 11
27 30 19
27 31 12
27 32 19
27 33 6
27 34 4
27 36 11
27 38 19
27 39 3
27 40 20
27 42 20
27 43 15
27 44 5
27 45 8
27 46 7
27 47 3
27 48 12
27 49 10
27 51 16
27 52 19
27 53 20
27 54 16
27 56 10
27 57 10
27 58 15
27 59 7
27 60 2
27 61 1
27 63 10
27 65 7
27 67 14
27 68 3
27 69 16
27 71 5
27 72 1
27 73 10
27 75 15
27 76 17
27 77 16
27 79 8
27 80 16
27 81 3
27 82 9
27 83 15
27 84 4
27 86 19
27 87 9
27 88 18
27 90 10
27 91 2
27 92 14
27 93 6
27 95 14
27 97 11
27 99 16
28 29 15
28 30 10
28 33 17
28 34 8
28 35 9
28 36 6
28 37 11
28 39 1
28 41 5
28 42 6
28 44 18
28 46 10
28 48 19
28 50 8
28 51 19
28 52 1
28 53 7
28 54 1
28 55 12
28 56 8
28 58 9
28 61 4
28 63 13
28 65 16
28 67 14
28 68 3
28 70 18
28 71 8
28 73 8
28 74 2
28 75 9
28 76 3
28 77 13
28 78 17
28 80 4
28 81 17
28 82 2
28 85 18
28 86 1
28 87 10
28 88 5
28 89 13
28 90 6
28 91 18
28 92 13
28 93 2
28 94 1
28 95 1
28 97 14
28 98 15
28 99 13
29 30 6
29 31 10
29 32 9
29 33 19
29 34 17
29 35 17
29 36 18
29 37 12
29 38 19
29 39 9
29 40 4
29 42 15
29 43 15
29 44 9
29 45 12
29 46 1
29 47 3
29 48 18
29 49 11
29 50 19
29 51 19
29 52 11
29 54 9
29 55 12
29 57 2
29 58 9
29 60 13
29 62 18
29 63 13
29 64 12
29 65 13
29 66 5
29 67 12
29 69 11
29 70 9
29 71 1
29 72 6
29 73 11
29 74 20
29 75 2
29 76 19
29 77 15
29 78 14
29 79 12
29 80 4
29 81 6
29 83 2
29 84 9
29 86 20
29 87 13
29 90 14
29 91 3
29 93 5
29 94 7
29 96 17
29 98 3
29 99 20
30 31 4
30 32 13
30 34 20
30 35 9
30 36 14
30 37 1
30 38 13
30 40 2
30 41 3
30 42 10
30 43 7
30 44 18
30 46 20
30 47 16
30 48 14
30 51 17
30 52 7
30 55 16
30 56 6
30 60 16
30 61 17
30 62 6
30 63 10
30 64 19
30 66 2
30 67 5
30 68 17
30 69 19
30 70 12
30 71 20
30 72 18
30 74 20
30 75 12
30 76 15
30 79 15
30 80 12
30 81 3
30 82 2
30 86 15
30 87 19
30 88 20
30 89 8
30 90 12
30 91 2
30 92 11
30 93 20
30 94 13
30 95 14
30 96 8
30 97 3
30 98 1
30 99 4
31 32 20
31 33 6
31 34 14
31 35 10
31 36 8
31 37 18
31 38 18
31 39 14
31 40 6
31 41 18
31 42 19
31 43 9
31 44 4
31 45 19
31 46 8
31 47 3
31 48 19
31 49 14
31 51 3
31 52 11
31 53 13
31 55 12
31 58 11
31 59 4
31 60 4
31 61 12
31 62 13
31 64 9
31 65 18
31 66 11
31 67 20
31 68 12
31 69 16
31 70 18
31 72 12
31 74 13
31 75 10
31 77 17
31 79 12
31 80 1
31 81 13
31 82 7
31 83 2
31 84 7
31 85 18
31 86 8
31 87 5
31 88 7
31 89 2
31 91 15
31 93 8
31 94 3
31 95 19
31 96 7
31 97 6
31 98 5
31 99 16
32 34 11
32 35 8
32 37 8
32 38 20
32 39 14
32 41 18
32 42 12
32 43 2
32 44 4
32 46 11
32 47 1
32 49 8
32 52 16
32 54 4
32 55 11
32 56 14
32 57 3
32 58 13
32 59 10
32 60 17
32 61 19
32 62 9
32 64 9
32 65 7
32 66 17
32 67 1
32 68 17
32 70 5
32 71 7
32 73 15
32 74 9
32 75 17
32 76 6
32 78 10
32 80 8
32 81 20
32 82 5
32 83 1
32 84 17
32 85 13
32 86 1
32 87 19
32 88 10
32 92 12
32 93 5
32 94 6
32 95 17
32 96 11
32 98 7
32 99 9
33 34 19
33 38 8
33 39 18
33 40 17
33 41 5
33 43 15
33 45 9
33 46 17
33 47 6
33 49 17
33 51 3
33 52 7
33 53 16
33 55 6
33 56 18
33 57 4
33 58 13
33 59 11
33 60 5
33 61 17
33 62 7
33 64 1
33 65 20
33 67 6
33 68 1
33 69 3
33 70 19
33 71 3
33 73 15
33 74 3
33 75 7
33 77 20
33 81 8
33 82 3
33 84 16
33 85 11
33 86 1
33 88 11
33 89 14
33 90 4
33 91 5
33 93 18
33 94 8
33 95 11
33 96 17
33 97 18
33 98 18
33 99 10
34 35 19
34 36 18
34 37 12
34 38 18
34 39 9
34 40 10
34 41 2
34 42 15
34 43 12
34 44 14
34 45 18
34 46 17
34 47 17
34 49 9
34 51 11
34 52 11
34 53 20
34 55 9
34 56 6
34 57 11
34 58 10
34 60 4
34 62 16
34 63 7
34 64 12
34 65 20
34 66 9
34 68 17
34 69 17
34 70 8
34 72 7
34 73 10
34 74 14
34 75 14
34 76 2
34 77 16
34 78 18
34 79 16
34 80 20
34 81 1
34 82 17
34 83 7
34 84 12
34 85 17
34 86 13
34 87 12
34 88 10
34 89 16
34 90 20
34 91 6
34 92 8
34 93 15
34 96 1
34 97 14
34 98 8
34 99 16
35 36 1
35 37 3
35 38 7
35 39 15
35 41 11
35 43 1
35 44 20
35 47 14
35 49 13
35 51 6
35 52 11
35 55 19
35 56 2
35 57 9
35 58 8
35 59 12
35 60 15
35 61 20
35 62 8
35 63 2
35 64 5
35 66 6
35 67 12
35 68 8
35 70 16
35 71 10
35 74 17
35 75 14
35 76 15
35 77 10
35 78 8
35 80 20
35 82 10
35 83 17
35 84 4
35 85 20
35 87 14
35 88 5
35 89 9
35 90 16
35 91 18
35 92 9
35 93 16
35 94 16
35 96 1
35 98 2
35 99 2
36 38 18
36 39 20
36 41 9
36 42 11
36 44 15
36 45 6
36 46 16
36 47 19
36 48 7
36 50 19
36 51 2
36 52 10
36 53 10
36 55 8
36 56 12
36 57 4
36 58 13
36 59 11
36 60 14
36 63 3
36 64 18
36 66 1
36 68 5
36 69 1
36 70 6
36 71 17
36 72 10
36 73 19
36 74 3
36 75 15
36 76 8
36 80 3
36 81 10
36 82 12
36 83 9
36 84 8
36 85 14
36 86 17
36 87 7
36 88 5
36 89 8
36 90 15
36 91 5
36 92 5
36 93 6
36 94 10
36 96 8
36 97 9
36 98 9
36 99 5
37 39 12
37 44 12
37 46 1
37 47 19
37 48 12
37 49 19
37 51 13
37 53 5
37 58 13
37 59 16
37 60 3
37 61 12
37 63 16
37 66 5
37 67 19
37 68 11
37 71 15
37 72 20
37 74 11
37 75 15
37 76 18
37 78 11
37 79 9
37 80 3
37 81 18
37 83 9
37 84 16
37 85 14
37 86 6
37 89 3
37 90 7
37 91 9
37 92 15
37 93 13
37 94 12
37 96 7
37 97 19
37 98 8
37 99 5
38 40 7
38 41 13
38 43 8
38 44 13
38 45 4
38 46 7
38 48 17
38 50 19
38 51 20
38 52 17
38 53 12
38 55 17
38 56 6
38 57 1
38 58 15
38 59 19
38 61 6
38 62 16
38 63 19
38 64 13
38 65 5
38 67 4
38 69 11
38 70 4
38 71 7
38 72 12
38 74 15
38 76 17
38 77 15
38 78 6
38 79 18
38 80 7
38 81 9
38 82 13
38 83 17
38 85 3
38 86 1
38 88 9
38 89 16
38 90 10
38 92 14
38 93 13
38 94 4
38 95 16
38 97 4
38 98 12
38 99 2
39 40 14
39 41 4
39 42 13
39 44 10
39 45 20
39 46 11
39 47 16
39 48 19
39 52 3
39 53 7
39 54 3
39 55 13
39 56 12
39 57 8
39 58 17
39 59 18
39 60 6
39 61 13
39 63 8
39 64 14
39 65 8
39 66 16
39 67 2
39 68 3
39 69 12
39 70 5
39 71 16
39 72 3
39 74 13
39 75 13
39 76 3
39 77 6
39 80 19
39 81 18
39 82 20
39 84 16
39 85 11
39 86 2
39 87 5
39 88 16
39 89 3
39 90 13
39 92 10
39 93 5
39 94 5
39 95 10
39 96 15
39 97 4
39 98 1
39 99 5
40 41 1
40 42 14
40 45 12
40 46 13
40 47 19
40 48 3
40 49 12
40 51 5
40 53 19
40 54 18
40 55 18
40 56 19
40 58 10
40 59 1
40 60 1
40 61 18
40 62 18
40 63 6
40 64 5
40 65 10
40 67 16
40 68 17
40 69 8
40 70 9
40 73 16
40 74 8
40 75 19
40 77 13
40 79 14
40 83 4
40 85 4
40 86 10
40 87 19
40 89 3
40 90 6
40 91 11
40 92 16
40 94 13
40 95 2
40 96 17
40 97 17
40 98 14
40 99 13
41 42 1
41 43 18
41 45 13
41 46 2
41 47 10
41 49 6
41 51 13
41 52 4
41 53 19
41 55 11
41 56 9
41 58 8
41 59 20
41 60 10
41 61 3
41 62 10
41 63 4
41 64 5
41 65 5
41 67 9
41 69 3
41 70 16
41 71 18
41 74 6
41 75 16
41 76 19
41 77 3
41 78 9
41 79 15
41 80 9
41 81 18
41 82 1
41 83 17
41 84 8
41 85 7
41 86 2
41 87 16
41 88 8
41 89 4
41 90 3
41 91 6
41 92 16
41 93 2
41 94 6
41 95 2
41 96 2
41 97 3
41 98 6
41 99 4
42 43 10
42 44 11
42 45 1
42 48 15
42 49 11
42 50 7
42 51 12
42 53 19
42 55 1
42 58 11
42 59 7
42 60 14
42 61 16
42 62 2
42 63 1
42 64 9
42 65 20
42 66 9
42 67 4
42 68 13
42 69 1
42 70 17
42 71 19
42 72 8
42 76 19
42 77 8
42 78 18
42 79 9
42 81 18
42 83 4
42 84 5
42 86 20
42 87 13
42 88 13
42 89 18
42 90 20
42 92 3
42 93 8
42 94 17
42 95 14
42 96 6
42 97 3
42 98 17
43 44 20
43 45 8
43 46 6
43 47 14
43 48 4
43 49 13
43 50 16
43 51 10
43 53 9
43 54 13
43 55 13
43 56 9
43 57 18
43 58 6
43 59 12
43 60 11
43 61 16
43 63 3
43 64 7
43 66 13
43 67 3
43 68 12
43 69 8
43 71 10
43 72 13
43 73 9
43 74 2
43 75 19
43 77 9
43 78 3
43 79 8
43 80 14
43 81 11
43 82 20
43 83 2
43 84 19
43 85 19
43 86 20
43 88 6
43 89 13
43 90 4
43 91 15
43 92 10
43 93 7
43 94 19
43 95 2
43 98 15
43 99 15
44 45 15
44 46 8
44 48 2
44 49 9
44 50 2
44 51 13
44 52 18
44 53 12
44 54 14
44 55 5
44 56 14
44 57 5
44 58 2
44 59 5
44 60 5
44 61 15
44 63 6
44 64 8
44 65 1
44 66 19
44 67 16
44 68 18
44 69 10
44 70 4
44 71 5
44 72 17
44 73 14
44 74 4
44 76 16
44 77 8
44 78 7
44 79 10
44 80 2
44 81 2
44 82 10
44 83 19
44 84 6
44 85 15
44 86 17
44 87 17
44 88 11
44 89 15
44 91 4
44 93 10
44 95 2
44 96 15
44 98 6
44 99 6
45 46 12
45 47 12
45 48 9
45 49 9
45 51 15
45 52 7
45 55 6
45 56 18
45 58 11
45 59 5
45 60 10
45 63 16
45 64 16
45 65 7
45 66 9
45 68 17
45 70 10
45 71 4
45 73 9
45 76 20
45 77 19
45 80 6
45 81 20
45 82 19
45 83 16
45 84 6
45 85 2
45 86 3
45 87 6
45 88 8
45 89 16
45 90 1
45 91 13
45 92 5
45 94 5
45 95 13
45 97 3
45 98 2
45 99 15
46 47 18
46 48 4
46 50 14
46 51 1
46 53 18
46 54 1
46 56 6
46 59 8
46 61 3
46 62 14
46 63 9
46 65 17
46 66 15
46 67 20
46 68 14
46 71 17
46 72 16
46 74 9
46 75 12
46 76 10
46 77 15
46 78 10
46 79 9
46 80 19
46 81 11
46 82 16
46 84 3
46 85 17
46 86 9
46 87 4
46 88 17
46 89 16
46 90 20
46 91 6
46 92 20
46 93 17
46 94 11
46 95 6
46 97 18
46 98 12
46 99 15
47 48 12
47 49 3
47 50 17
47 51 9
47 53 4
47 54 16
47 56 1
47 57 5
47 58 17
47 59 7
47 60 17
47 61 16
47 63 14
47 64 13
47 65 18
47 66 7
47 67 20
47 68 6
47 69 5
47 71 13
47 73 8
47 74 19
47 75 13
47 76 20
47 82 20
47 84 4
47 85 16
47 86 9
47 87 20
47 89 18
47 90 13
47 91 16
47 92 16
47 93 5
47 94 3
47 95 4
47 97 2
47 98 7
47 99 18
48 49 7
48 50 15
48 52 19
48 53 1
48 54 3
48 56 4
48 57 3
48 58 6
48 59 14
48 60 1
48 64 16
48 66 1
48 67 5
48 70 12
48 71 2
48 72 12
48 74 15
48 75 19
48 77 5
48 78 20
48 80 9
48 81 6
48 83 13
48 84 19
48 85 18
48 87 14
48 89 6
48 90 19
48 91 16
48 92 15
48 93 10
48 95 19
48 96 2
48 97 15
48 98 14
48 99 5
49 50 9
49 51 7
49 53 4
49 54 14
49 55 12
49 56 2
49 57 19
49 59 15
49 60 19
49 61 1
49 62 4
49 63 18
49 65 13
49 67 17
49 69 19
49 70 12
49 72 3
49 73 8
49 74 10
49 76 8
49 77 11
49 78 2
49 80 13
49 81 17
49 82 20
49 84 11
49 85 18
49 86 16
49 87 7
49 88 10
49 89 5
49 90 7
49 94 2
49 96 11
49 97 13
49 99 4
50 51 7
50 52 16
50 53 20
50 54 13
50 56 17
50 58 10
50 60 17
50 62 16
50 63 7
50 64 14
50 66 6
50 67 15
50 68 10
50 70 5
50 72 8
50 73 6
50 74 9
50 75 7
50 76 5
50 77 13
50 79 9
50 80 9
50 81 19
50 82 13
50 84 19
50 85 14
50 86 5
50 88 6
50 90 8
50 91 15
50 92 13
50 93 17
50 94 6
50 95 14
50 96 18
50 97 6
50 98 17
50 99 9
51 53 3
51 54 2
51 55 15
51 56 2
51 57 16
51 60 11
51 64 12
51 65 3
51 66 16
51 67 18
51 69 11
51 72 9
51 73 1
51 76 10
51 77 5
51 78 20
51 79 1
51 80 7
51 83 20
51 85 14
51 86 5
51 87 16
51 88 1
51 89 19
51 90 2
51 91 12
51 92 12
51 93 8
51 94 1
51 95 4
51 96 15
51 97 2
51 98 20
51 99 5
52 53 1
52 54 19
52 55 16
52 56 16
52 57 10
52 58 20
52 59 11
52 60 1
52 61 13
52 62 12
52 65 11
52 66 8
52 67 20
52 68 6
52 70 17
52 72 12
52 73 6
52 74 20
52 75 14
52 76 4
52 77 5
52 78 15
52 81 12
52 82 11
52 83 6
52 84 5
52 85 5
52 86 15
52 87 3
52 88 9
52 89 8
52 90 14
52 92 20
52 93 14
52 94 9
52 95 17
52 97 3
52 98 19
53 54 6
53 55 2
53 57 10
53 58 14
53 59 14
53 60 20
53 61 16
53 62 10
53 64 3
53 65 5
53 66 18
53 68 9
53 69 14
53 70 14
53 71 19
53 72 11
53 73 13
53 74 19
53 75 6
53 77 13
53 79 17
53 80 17
53 81 18
53 82 2
53 83 13
53 85 15
53 86 7
53 87 15
53 88 18
53 89 14
53 91 6
53 92 7
53 93 6
53 94 11
53 96 17
53 98 13
53 99 6
54 56 4
54 60 1
54 61 16
54 62 13
54 63 14
54 64 7
54 65 12
54 67 14
54 68 11
54 71 9
54 73 5
54 74 19
54 75 4
54 76 18
54 77 3
54 78 19
54 80 4
54 81 8
54 83 15
54 84 5
54 85 8
54 86 8
54 88 8
54 89 19
54 90 7
54 91 14
54 92 19
54 93 11
54 94 1
54 95 4
54 97 3
54 98 17
54 99 15
55 57 19
55 58 7
55 59 7
55 60 15
55 61 14
55 63 7
55 64 20
55 66 8
55 68 13
55 70 15
55 72 20
55 73 5
55 74 14
55 76 19
55 77 17
55 79 13
55 80 7
55 82 15
55 83 6
55 84 20
55 85 2
55 87 11
55 88 12
55 90 18
55 91 20
55 92 11
55 93 16
55 95 6
55 96 15
55 97 18
55 99 19
56 57 16
56 59 4
56 60 14
56 61 7
56 63 5
56 65 17
56 66 12
56 67 14
56 68 7
56 70 5
56 71 14
56 73 7
56 75 8
56 76 13
56 78 18
56 79 20
56 80 11
56 82 3
56 85 1
56 87 8
56 88 16
56 89 18
56 91 5
56 92 6
56 93 18
56 94 13
56 96 8
56 97 6
56 99 4
57 58 3
57 60 2
57 61 3
57 62 20
57 63 2
57 64 15
57 65 17
57 66 1
57 67 18
57 69 17
57 70 2
57 71 2
57 72 18
57 73 9
57 74 10
57 75 9
57 76 14
57 77 6
57 78 1
57 79 3
57 80 20
57 82 7
57 83 17
57 86 5
57 87 11
57 89 6
57 90 15
57 91 14
57 92 8
57 93 18
57 95 12
57 96 17
57 99 11
58 60 9
58 63 2
58 65 3
58 66 7
58 67 6
58 68 10
58 69 16
58 72 16
58 74 13
58 76 8
58 78 3
58 79 20
58 80 14
58 81 3
58 84 16
58 85 19
58 86 9
58 87 17
58 88 13
58 90 17
58 91 5
58 94 9
58 95 2
58 97 4
58 99 2
59 60 9
59 61 8
59 62 2
59 63 10
59 64 19
59 67 14
59 68 15
59 69 18
59 70 14
59 73 9
59 75 15
59 77 5
59 78 18
59 79 18
59 80 10
59 81 7
59 82 6
59 83 16
59 85 4
59 86 4
59 88 18
59 89 17
59 93 3
59 94 9
59 95 16
59 97 2
59 99 5
60 61 6
60 63 10
60 65 3
60 66 15
60 67 3
60 68 6
60 69 3
60 70 10
60 73 16
60 74 7
60 76 5
60 77 8
60 78 2
60 79 7
60 80 4
60 81 5
60 82 15
60 84 16
60 85 5
60 86 19
60 89 7
60 90 13
60 91 2
60 92 3
60 96 12
60 97 10
60 98 6
61 63 2
61 64 15
61 65 3
61 69 18
61 70 6
61 72 12
61 73 1
61 74 7
61 76 17
61 77 7
61 81 10
61 82 4
61 83 8
61 85 12
61 86 6
61 87 14
61 88 16
61 89 19
61 90 12
61 91 10
61 92 9
61 95 6
61 96 5
61 97 16
61 98 14
61 99 11
62 63 1
62 68 5
62 69 6
62 71 11
62 72 15
62 73 20
62 75 10
62 77 19
62 78 16
62 79 10
62 81 5
62 82 4
62 83 14
62 84 16
62 85 11
62 88 20
62 89 18
62 90 10
62 92 17
62 93 17
62 94 7
62 96 13
62 97 7
62 98 7
62 99 14
63 64 12
63 66 12
63 67 1
63 69 19
63 70 18
63 71 15
63 72 19
63 75 15
63 77 8
63 78 7
63 79 20
63 80 9
63 81 1
63 83 3
63 84 10
63 86 12
63 87 11
63 88 7
63 90 7
63 91 15
63 92 2
63 94 16
63 95 14
63 96 5
63 97 14
63 98 2
63 99 8
64 65 20
64 66 12
64 68 11
64 70 12
64 71 15
64 72 10
64 73 10
64 74 17
64 75 15
64 78 13
64 79 20
64 81 17
64 82 19
64 84 18
64 85 14
64 87 8
64 88 20
64 89 15
64 90 3
64 91 14
64 92 14
64 94 6
64 96 18
64 98 16
64 99 12
65 66 9
65 68 1
65 70 12
65 71 7
65 72 10
65 73 13
65 75 16
65 76 9
65 77 6
65 79 9
65 81 16
65 83 16
65 84 14
65 85 4
65 86 16
65 88 14
65 89 15
65 90 8
65 92 15
65 93 13
65 95 6
65 96 14
65 99 3
66 67 15
66 68 15
66 69 18
66 70 17
66 71 1
66 72 11
66 73 14
66 74 15
66 75 19
66 76 18
66 77 7
66 78 2
66 79 12
66 80 17
66 81 18
66 83 3
66 85 6
66 86 14
66 87 19
66 88 6
66 91 14
66 92 17
66 94 10
66 95 9
66 96 5
66 97 16
66 98 14
67 69 13
67 70 5
67 72 15
67 74 8
67 75 15
67 79 2
67 80 1
67 81 4
67 84 16
67 85 14
67 86 3
67 91 10
67 93 2
67 94 18
67 96 6
67 98 2
67 99 6
68 69 12
68 70 1
68 71 19
68 72 5
68 73 10
68 74 19
68 75 14
68 76 4
68 77 19
68 78 6
68 79 2
68 81 6
68 82 17
68 83 12
68 84 9
68 86 13
68 87 2
68 88 7
68 90 12
68 91 5
68 92 16
68 93 9
68 94 13
68 96 10
68 98 12
69 70 4
69 72 11
69 74 11
69 75 6
69 76 13
69 77 7
69 80 5
69 82 5
69 83 12
69 85 1
69 86 5
69 87 4
69 88 20
69 90 13
69 91 1
69 92 12
69 94 14
69 95 10
69 98 10
69 99 20
70 72 6
70 73 17
70 74 20
70 76 18
70 77 19
70 78 3
70 80 12
70 81 3
70 83 10
70 84 10
70 86 11
70 88 1
70 89 8
70 90 11
70 91 3
70 92 18
70 93 10
70 94 10
70 95 6
70 96 17
70 97 15
70 98 16
71 73 16
71 74 6
71 78 8
71 80 19
71 81 9
71 83 17
71 84 19
71 85 7
71 86 18
71 87 12
71 88 7
71 89 15
71 90 16
71 91 12
71 93 18
71 95 20
71 97 7
71 98 6
71 99 18
72 74 15
72 75 11
72 76 8
72 78 11
72 79 14
72 80 6
72 81 3
72 82 4
72 84 6
72 85 6
72 86 13
72 88 12
72 89 19
72 90 8
72 91 5
72 93 4
72 94 12
72 95 18
72 96 20
72 97 4
73 74 9
73 75 17
73 76 5
73 77 16
73 78 7
73 79 16
73 80 19
73 81 10
73 82 16
73 84 18
73 85 18
73 86 16
73 87 9
73 88 2
73 89 10
73 90 16
73 91 3
73 92 16
73 93 18
73 95 8
73 97 18
73 98 17
74 76 8
74 77 17
74 79 20
74 80 14
74 82 13
74 83 11
74 84 3
74 86 18
74 87 18
74 89 11
74 90 13
74 92 18
74 93 10
74 94 13
74 95 11
74 96 13
74 97 6
74 98 20
74 99 11
75 77 15
75 78 1
75 79 3
75 81 3
75 82 16
75 86 4
75 87 6
75 88 6
75 89 3
75 90 12
75 91 15
75 92 18
75 93 16
75 94 12
75 95 4
75 97 19
75 99 3
76 77 8
76 80 8
76 81 4
76 82 12
76 84 2
76 85 2
76 86 4
76 87 16
76 89 15
76 92 19
76 93 12
76 94 3
76 95 9
76 96 7
76 97 15
76 98 16
76 99 8
77 78 15
77 80 1
77 81 11
77 82 8
77 83 4
77 84 6
77 85 11
77 86 13
77 87 3
77 88 20
77 90 18
77 91 14
77 92 14
77 93 11
77 95 6
77 96 20
77 97 15
77 98 6
77 99 12
78 79 6
78 81 18
78 82 15
78 83 4
78 84 8
78 85 4
78 86 15
78 87 5
78 89 6
78 90 12
78 91 19
78 93 1
78 94 17
78 95 12
78 97 7
78 98 14
78 99 5
79 80 2
79 84 18
79 85 14
79 86 14
79 87 3
79 88 16
79 89 7
79 90 2
79 91 7
79 92 2
79 93 8
79 95 11
79 96 19
79 98 8
79 99 7
80 81 19
80 82 17
80 83 11
80 84 15
80 85 13
80 86 18
80 87 16
80 88 16
80 91 2
80 92 18
80 93 2
80 94 8
80 95 14
80 96 6
80 98 2
80 99 9
81 83 8
81 85 15
81 87 3
81 88 14
81 89 8
81 90 15
81 92 15
81 93 15
81 94 2
81 95 10
81 96 17
81 97 6
81 98 16
82 83 18
82 84 2
82 85 16
82 86 10
82 87 8
82 88 18
82 89 16
82 90 2
82 91 3
82 92 16
82 94 14
82 96 15
82 99 11
83 84 9
83 85 3
83 86 12
83 88 11
83 89 7
83 91 11
83 92 15
83 93 19
83 94 16
83 95 18
83 96 18
83 97 19
83 99 6
84 85 3
84 86 13
84 87 12
84 89 4
84 90 3
84 91 1
84 92 9
84 93 1
84 94 11
84 96 2
84 97 19
84 98 12
84 99 4
85 87 1
85 88 4
85 89 13
85 90 3
85 92 9
85 94 16
85 95 6
85 96 12
85 99 11
86 87 13
86 88 8
86 90 1
86 91 19
86 93 9
86 94 1
86 95 10
86 96 14
86 98 20
86 99 4
87 88 16
87 89 20
87 91 9
87 92 4
87 93 5
87 94 3
87 95 13
87 96 20
87 97 4
87 98 6
87 99 20
88 89 5
88 90 9
88 91 19
88 93 20
88 94 11
88 96 17
88 97 9
88 98 13
88 99 11
89 90 12
89 91 15
89 92 11
89 93 9
89 94 3
89 95 15
89 96 17
89 97 8
89 98 2
89 99 7
90 91 20
90 92 11
90 93 17
90 94 6
90 95 8
90 97 3
90 98 19
90 99 16
91 92 13
91 93 18
91 94 3
91 95 16
91 96 3
91 97 18
92 93 9
92 94 19
92 95 10
92 96 3
92 97 13
92 98 1
92 99 4
93 94 4
93 95 3
93 96 12
93 98 3
93 99 5
94 95 13
94 96 11
94 97 15
94 98 4
94 99 15
95 96 20
95 97 17
95 98 9
95 99 6
96 97 14
96 98 10
96 99 11
97 98 20
97 99 1
98 99 16
