1225 50 36 0
0 1 1
0 2 2
0 3 18
0 4 2
0 5 19
0 6 16
0 7 4
0 8 9
0 9 11
0 10 3
0 11 16
0 12 6
0 13 2
0 14 17
0 15 13
0 16 15
0 17 3
0 18 5
0 19 15
0 20 2
0 21 15
0 22 15
0 23 16
0 24 13
0 25 1
0 26 8
0 27 8
0 28 14
0 29 7
0 30 19
0 31 4
0 32 10
0 33 20
0 34 7
0 35 16
0 36 5
0 37 15
0 38 16
0 39 12
0 40 15
0 41 15
0 42 3
0 43 7
0 44 8
0 45 6
0 46 8
0 47 3
0 48 13
0 49 6
1 2 19
1 3 5
1 4 14
1 5 6
1 6 9
1 7 6
1 8 6
1 9 18
1 10 18
1 11 6
1 12 5
1 13 1
1 14 9
1 15 9
1 16 14
1 17 13
1 18 18
1 19 12
1 20 10
1 21 9
1 22 20
1 23 3
1 24 20
1 25 8
1 26 17
1 27 14
1 28 3
1 29 12
1 30 19
1 31 14
1 32 1
1 33 5
1 34 7
1 35 16
1 36 10
1 37 14
1 38 15
1 39 15
1 40 9
1 41 7
1 42 6
1 43 9
1 44 3
1 45 7
1 46 9
1 47 17
1 48 1
1 49 8
2 3 17
2 4 5
2 5 5
2 6 17
2 7 16
2 8 17
2 9 12
2 10 19
2 11 12
2 12 9
2 13 20
2 14 12
2 15 13
2 16 11
2 17 6
2 18 19
2 19 4
2 20 19
2 21 7
2 22 12
2 23 20
2 24 2
2 25 11
2 26 10
2 27 7
2 28 10
2 29 11
2 30 3
2 31 11
2 32 16
2 33 13
2 34 17
2 35 18
2 36 10
2 37 12
2 38 10
2 39 12
2 40 2
2 41 3
2 42 20
2 43 15
2 44 12
2 45 20
2 46 12
2 47 20
2 48 2
2 49 1
3 4 18
3 5 12
3 6 3
3 7 16
3 8 9
3 9 13
3 10 9
3 11 3
3 12 8
3 13 3
3 14 11
3 15 14
3 16 1
3 17 15
3 18 6
3 19 4
3 20 7
3 21 14
3 22 6
3 23 6
3 24 12
3 25 13
3 26 3
3 27 4
3 28 5
3 29 16
3 30 3
3 31 19
3 32 3
3 33 4
3 34 7
3 35 6
3 36 10
3 37 4
3 38 1
3 39 13
3 40 12
3 41 6
3 42 1
3 43 17
3 44 19
3 45 15
3 46 9
3 47 3
3 48 2
3 49 3
4 5 20
4 6 9
4 7 13
4 8 1
4 9 17
4 10 17
4 11 15
4 12 3
4 13 1
4 14 19
4 15 12
4 16 11
4 17 14
4 18 8
4 19 17
4 20 7
4 21 1
4 22 4
4 23 7
4 24 16
4 25 14
4 26 17
4 27 19
4 28 1
4 29 17
4 30 19
4 31 14
4 32 20
4 33 6
4 34 20
4 35 18
4 36 1
4 37 1
4 38 1
4 39 17
4 40 12
4 41 5
4 42 7
4 43 2
4 44 8
4 45 11
4 46 19
4 47 16
4 48 11
4 49 6
5 6 3
5 7 11
5 8 11
5 9 2
5 10 17
5 11 3
5 12 10
5 13 19
5 14 4
5 15 16
5 16 11
5 17 2
5 18 15
5 19 2
5 20 6
5 21 16
5 22 1
5 23 2
5 24 14
5 25 8
5 26 12
5 27 3
5 28 13
5 29 19
5 30 10
5 31 15
5 32 2
5 33 8
5 34 8
5 35 16
5 36 9
5 37 1
5 38 16
5 39 4
5 40 4
5 41 4
5 42 6
5 43 17
5 44 1
5 45 13
5 46 8
5 47 15
5 48 15
5 49 4
6 7 7
6 8 2
6 9 8
6 10 19
6 11 19
6 12 4
6 13 17
6 14 15
6 15 13
6 16 16
6 17 11
6 18 9
6 19 12
6 20 20
6 21 13
6 22 1
6 23 16
6 24 18
6 25 19
6 26 10
6 27 14
6 28 19
6 29 1
6 30 3
6 31 3
6 32 19
6 33 14
6 34 2
6 35 12
6 36 4
6 37 11
6 38 2
6 39 16
6 40 16
6 41 3
6 42 3
6 43 17
6 44 19
6 45 14
6 46 13
6 47 11
6 48 12
6 49 4
7 8 14
7 9 14
7 10 19
7 11 12
7 12 20
7 13 17
7 14 12
7 15 9
7 16 11
7 17 16
7 18 19
7 19 6
7 20 2
7 21 8
7 22 5
7 23 18
7 24 14
7 25 10
7 26 8
7 27 15
7 28 16
7 29 20
7 30 11
7 31 1
7 32 10
7 33 19
7 34 17
7 35 14
7 36 17
7 37 8
7 38 8
7 39 7
7 40 14
7 41 17
7 42 2
7 43 11
7 44 13
7 45 2
7 46 4
7 47 3
7 48 19
7 49 8
8 9 17
8 10 17
8 11 14
8 12 8
8 13 14
8 14 3
8 15 16
8 16 11
8 17 7
8 18 4
8 19 12
8 20 15
8 21 6
8 22 6
8 23 4
8 24 16
8 25 7
8 26 16
8 27 8
8 28 13
8 29 19
8 30 9
8 31 18
8 32 8
8 33 9
8 34 10
8 35 12
8 36 19
8 37 6
8 38 3
8 39 9
8 40 7
8 41 12
8 42 7
8 43 12
8 44 16
8 45 19
8 46 19
8 47 16
8 48 13
8 49 16
9 10 4
9 11 10
9 12 2
9 13 15
9 14 2
9 15 6
9 16 10
9 17 14
9 18 14
9 19 15
9 20 20
9 21 10
9 22 11
9 23 12
9 24 7
9 25 12
9 26 5
9 27 16
9 28 5
9 29 3
9 30 3
9 31 6
9 32 10
9 33 9
9 34 6
9 35 10
9 36 13
9 37 12
9 38 1
9 39 17
9 40 10
9 41 6
9 42 4
9 43 16
9 44 11
9 45 10
9 46 14
9 47 7
9 48 12
9 49 4
10 11 14
10 12 7
10 13 18
10 14 4
10 15 9
10 16 10
10 17 9
10 18 16
10 19 14
10 20 16
10 21 15
10 22 3
10 23 13
10 24 20
10 25 11
10 26 11
10 27 3
10 28 7
10 29 8
10 30 11
10 31 3
10 32 10
10 33 14
10 34 16
10 35 2
10 36 5
10 37 16
10 38 6
10 39 20
10 40 10
10 41 9
10 42 7
10 43 7
10 44 10
10 45 5
10 46 2
10 47 20
10 48 3
10 49 8
11 12 6
11 13 8
11 14 7
11 15 15
11 16 3
11 17 5
11 18 15
11 19 16
11 20 6
11 21 18
11 22 9
11 23 12
11 24 1
11 25 19
11 26 20
11 27 2
11 28 5
11 29 3
11 30 4
11 31 18
11 32 15
11 33 19
11 34 12
11 35 14
11 36 16
11 37 16
11 38 1
11 39 3
11 40 20
11 41 10
11 42 9
11 43 17
11 44 10
11 45 19
11 46 11
11 47 11
11 48 12
11 49 10
12 13 10
12 14 13
12 15 6
12 16 5
12 17 19
12 18 8
12 19 17
12 20 16
12 21 18
12 22 5
12 23 3
12 24 14
12 25 14
12 26 7
12 27 18
12 28 8
12 29 12
12 30 12
12 31 2
12 32 14
12 33 13
12 34 12
12 35 19
12 36 5
12 37 10
12 38 6
12 39 18
12 40 12
12 41 12
12 42 9
12 43 2
12 44 2
12 45 9
12 46 18
12 47 17
12 48 11
12 49 20
13 14 4
13 15 18
13 16 17
13 17 11
13 18 12
13 19 13
13 20 10
13 21 8
13 22 17
13 23 7
13 24 15
13 25 12
13 26 1
13 27 18
13 28 6
13 29 17
13 30 2
13 31 10
13 32 9
13 33 4
13 34 5
13 35 16
13 36 8
13 37 15
13 38 16
13 39 3
13 40 9
13 41 15
13 42 16
13 43 13
13 44 15
13 45 20
13 46 4
13 47 13
13 48 11
13 49 2
14 15 4
14 16 13
14 17 13
14 18 12
14 19 1
14 20 11
14 21 5
14 22 20
14 23 12
14 24 15
14 25 8
14 26 5
14 27 2
14 28 14
14 29 5
14 30 19
14 31 5
14 32 14
14 33 10
14 34 15
14 35 12
14 36 20
14 37 12
14 38 10
14 39 12
14 40 15
14 41 3
14 42 18
14 43 18
14 44 10
14 45 18
14 46 20
14 47 7
14 48 6
14 49 1
15 16 7
15 17 20
15 18 3
15 19 14
15 20 10
15 21 5
15 22 14
15 23 1
15 24 5
15 25 10
15 26 15
15 27 13
15 28 6
15 29 9
15 30 14
15 31 2
15 32 4
15 33 7
15 34 4
15 35 20
15 36 13
15 37 19
15 38 8
15 39 13
15 40 1
15 41 7
15 42 14
15 43 3
15 44 4
15 45 9
15 46 2
15 47 13
15 48 11
15 49 13
16 17 1
16 18 18
16 19 10
16 20 1
16 21 6
16 22 16
16 23 11
16 24 3
16 25 20
16 26 11
16 27 13
16 28 13
16 29 11
16 30 14
16 31 11
16 32 4
16 33 3
16 34 2
16 35 6
16 36 12
16 37 15
16 38 7
16 39 9
16 40 18
16 41 9
16 42 9
16 43 17
16 44 5
16 45 19
16 46 10
16 47 4
16 48 9
16 49 18
17 18 11
17 19 20
17 20 14
17 21 4
17 22 18
17 23 3
17 24 15
17 25 5
17 26 15
17 27 3
17 28 4
17 29 2
17 30 8
17 31 1
17 32 9
17 33 6
17 34 2
17 35 7
17 36 10
17 37 7
17 38 18
17 39 2
17 40 6
17 41 16
17 42 7
17 43 19
17 44 6
17 45 4
17 46 3
17 47 12
17 48 19
17 49 20
18 19 12
18 20 7
18 21 19
18 22 12
18 23 18
18 24 17
18 25 18
18 26 18
18 27 10
18 28 2
18 29 20
18 30 3
18 31 10
18 32 8
18 33 5
18 34 14
18 35 17
18 36 1
18 37 14
18 38 5
18 39 14
18 40 1
18 41 16
18 42 12
18 43 5
18 44 7
18 45 18
18 46 11
18 47 13
18 48 18
18 49 19
19 20 10
19 21 17
19 22 16
19 23 16
19 24 8
19 25 4
19 26 3
19 27 20
19 28 17
19 29 16
19 30 2
19 31 7
19 32 5
19 33 2
19 34 7
19 35 3
19 36 2
19 37 9
19 38 11
19 39 17
19 40 12
19 41 1
19 42 8
19 43 3
19 44 16
19 45 2
19 46 18
19 47 8
19 48 19
19 49 16
20 21 18
20 22 7
20 23 17
20 24 8
20 25 9
20 26 14
20 27 5
20 28 7
20 29 19
20 30 7
20 31 20
20 32 19
20 33 16
20 34 15
20 35 19
20 36 2
20 37 14
20 38 4
20 39 5
20 40 19
20 41 19
20 42 7
20 43 3
20 44 19
20 45 11
20 46 16
20 47 7
20 48 5
20 49 11
21 22 13
21 23 17
21 24 19
21 25 12
21 26 17
21 27 16
21 28 16
21 29 11
21 30 7
21 31 16
21 32 19
21 33 5
21 34 20
21 35 18
21 36 1
21 37 19
21 38 5
21 39 7
21 40 19
21 41 19
21 42 13
21 43 17
21 44 16
21 45 6
21 46 15
21 47 17
21 48 6
21 49 15
22 23 17
22 24 8
22 25 18
22 26 17
22 27 10
22 28 4
22 29 17
22 30 10
22 31 1
22 32 13
22 33 3
22 34 17
22 35 5
22 36 20
22 37 8
22 38 4
22 39 5
22 40 14
22 41 2
22 42 9
22 43 20
22 44 17
22 45 8
22 46 20
22 47 13
22 48 20
22 49 18
23 24 20
23 25 6
23 26 9
23 27 15
23 28 4
23 29 2
23 30 4
23 31 20
23 32 5
23 33 8
23 34 4
23 35 4
23 36 7
23 37 3
23 38 20
23 39 7
23 40 20
23 41 17
23 42 9
23 43 14
23 44 4
23 45 17
23 46 5
23 47 19
23 48 19
23 49 10
24 25 18
24 26 18
24 27 3
24 28 2
24 29 12
24 30 2
24 31 19
24 32 16
24 33 16
24 34 8
24 35 17
24 36 9
24 37 4
24 38 7
24 39 13
24 40 15
24 41 1
24 42 3
24 43 3
24 44 18
24 45 18
24 46 15
24 47 18
24 48 15
24 49 11
25 26 12
25 27 5
25 28 15
25 29 14
25 30 8
25 31 8
25 32 20
25 33 8
25 34 18
25 35 17
25 36 18
25 37 3
25 38 16
25 39 13
25 40 14
25 41 12
25 42 2
25 43 6
25 44 2
25 45 18
25 46 7
25 47 16
25 48 1
25 49 19
26 27 12
26 28 2
26 29 8
26 30 20
26 31 19
26 32 12
26 33 4
26 34 5
26 35 17
26 36 2
26 37 8
26 38 5
26 39 12
26 40 16
26 41 12
26 42 9
26 43 20
26 44 14
26 45 16
26 46 19
26 47 7
26 48 2
26 49 12
27 28 6
27 29 4
27 30 2
27 31 17
27 32 14
27 33 16
27 34 19
27 35 10
27 36 11
27 37 17
27 38 1
27 39 12
27 40 14
27 41 11
27 42 17
27 43 14
27 44 8
27 45 5
27 46 11
27 47 5
27 48 13
27 49 13
28 29 15
28 30 11
28 31 20
28 32 5
28 33 8
28 34 12
28 35 4
28 36 1
28 37 17
28 38 4
28 39 16
28 40 1
28 41 19
28 42 17
28 43 9
28 44 12
28 45 18
28 46 13
28 47 8
28 48 9
28 49 19
29 30 5
29 31 2
29 32 2
29 33 7
29 34 13
29 35 10
29 36 10
29 37 7
29 38 17
29 39 16
29 40 14
29 41 10
29 42 16
29 43 6
29 44 18
29 45 13
29 46 1
29 47 16
29 48 5
29 49 15
30 31 5
30 32 16
30 33 7
30 34 9
30 35 19
30 36 3
30 37 7
30 38 17
30 39 16
30 40 4
30 41 15
30 42 13
30 43 7
30 44 14
30 45 18
30 46 5
30 47 18
30 48 20
30 49 1
31 32 16
31 33 17
31 34 16
31 35 15
31 36 11
31 37 3
31 38 17
31 39 4
31 40 17
31 41 3
31 42 15
31 43 18
31 44 10
31 45 1
31 46 8
31 47 2
31 48 2
31 49 1
32 33 1
32 34 8
32 35 13
32 36 11
32 37 17
32 38 5
32 39 12
32 40 13
32 41 17
32 42 4
32 43 3
32 44 6
32 45 6
32 46 12
32 47 8
32 48 13
32 49 18
33 34 5
33 35 4
33 36 12
33 37 18
33 38 20
33 39 2
33 40 2
33 41 16
33 42 2
33 43 5
33 44 12
33 45 9
33 46 6
33 47 7
33 48 19
33 49 17
34 35 14
34 36 10
34 37 19
34 38 14
34 39 7
34 40 1
34 41 10
34 42 15
34 43 17
34 44 8
34 45 17
34 46 20
34 47 3
34 48 17
34 49 14
35 36 4
35 37 14
35 38 18
35 39 5
35 40 3
35 41 17
35 42 8
35 43 8
35 44 5
35 45 17
35 46 10
35 47 1
35 48 20
35 49 7
36 37 6
36 38 14
36 39 19
36 40 14
36 41 6
36 42 15
36 43 9
36 44 19
36 45 3
36 46 12
36 47 19
36 48 10
36 49 10
37 38 20
37 39 13
37 40 18
37 41 4
37 42 12
37 43 11
37 44 3
37 45 13
37 46 11
37 47 12
37 48 4
37 49 7
38 39 20
38 40 6
38 41 16
38 42 15
38 43 10
38 44 11
38 45 17
38 46 20
38 47 12
38 48 15
38 49 15
39 40 15
39 41 4
39 42 19
39 43 14
39 44 4
39 45 4
39 46 12
39 47 15
39 48 8
39 49 2
40 41 19
40 42 6
40 43 19
40 44 16
40 45 18
40 46 11
40 47 11
40 48 17
40 49 1
41 42 20
41 43 13
41 44 4
41 45 8
41 46 13
41 47 6
41 48 5
41 49 15
42 43 15
42 44 5
42 45 13
42 46 13
42 47 2
42 48 17
42 49 19
43 44 8
43 45 10
43 46 9
43 47 16
43 48 8
43 49 5
44 45 11
44 46 14
44 47 9
44 48 17
44 49 19
45 46 10
45 47 3
45 48 16
45 49 5
46 47 4
46 48 8
46 49 13
47 48 7
47 49 8
48 49 10
