1875 50 49 0
0 1 9
0 2 17
0 3 2
0 4 18
0 6 17
0 7 16
0 8 13
0 9 5
0 10 4
0 11 16
0 12 3
0 14 19
0 17 5
0 18 6
0 20 19
0 23 10
0 24 2
0 25 12
0 26 2
0 27 15
0 28 17
0 30 12
0 31 8
0 33 20
0 34 16
0 35 8
0 36 6
0 37 3
0 38 14
0 39 14
0 40 1
0 41 1
0 42 12
0 44 15
0 45 2
0 46 12
0 47 16
0 48 11
0 49 19
1 0 14
1 2 3
1 3 18
1 5 14
1 8 19
1 9 10
1 10 15
1 12 7
1 13 13
1 14 3
1 15 6
1 16 10
1 17 12
1 18 13
1 20 15
1 21 3
1 22 19
1 23 18
1 24 4
1 25 4
1 26 14
1 27 1
1 29 17
1 31 3
1 32 6
1 33 15
1 35 13
1 36 11
1 39 20
1 40 13
1 41 5
1 42 4
1 43 17
1 44 20
1 46 13
1 47 5
1 48 19
2 0 15
2 3 15
2 5 9
2 6 3
2 7 8
2 12 15
2 13 8
2 14 5
2 15 10
2 17 8
2 18 13
2 19 14
2 20 8
2 21 15
2 22 19
2 23 10
2 24 3
2 25 18
2 26 17
2 27 9
2 28 1
2 29 9
2 30 9
2 31 15
2 32 9
2 33 5
2 35 4
2 36 14
2 37 9
2 38 19
2 39 3
2 40 2
2 41 9
2 43 2
2 46 13
2 48 17
2 49 1
3 0 1
3 1 7
3 2 8
3 5 5
3 8 10
3 9 8
3 10 12
3 11 10
3 12 2
3 13 20
3 14 8
3 17 9
3 18 4
3 19 15
3 20 10
3 21 4
3 22 7
3 27 2
3 28 20
3 29 17
3 30 4
3 31 15
3 32 10
3 35 12
3 36 12
3 37 16
3 38 18
3 41 1
3 42 13
3 43 7
3 44 17
3 45 17
3 46 20
3 48 7
4 0 8
4 1 6
4 2 15
4 3 14
4 5 12
4 6 2
4 7 4
4 8 7
4 9 3
4 10 11
4 11 5
4 13 8
4 14 18
4 15 15
4 16 16
4 17 12
4 18 16
4 19 17
4 20 19
4 21 2
4 22 20
4 23 6
4 25 4
4 26 17
4 27 18
4 29 14
4 30 5
4 31 14
4 32 12
4 33 14
4 34 9
4 35 14
4 36 10
4 37 7
4 40 7
4 42 16
4 43 7
4 44 5
4 45 15
4 46 5
4 47 2
4 48 17
4 49 5
5 1 14
5 3 8
5 4 10
5 6 7
5 7 15
5 8 3
5 9 8
5 12 6
5 13 8
5 14 5
5 15 5
5 16 17
5 17 16
5 18 5
5 19 8
5 20 13
5 21 2
5 22 2
5 24 11
5 25 7
5 26 7
5 27 18
5 28 5
5 29 4
5 30 16
5 31 3
5 33 18
5 34 15
5 36 20
5 37 14
5 38 14
5 40 11
5 41 9
5 42 9
5 43 20
5 44 16
5 45 10
5 47 6
5 48 20
5 49 4
6 1 3
6 3 3
6 4 1
6 5 10
6 7 12
6 8 10
6 9 17
6 10 13
6 12 9
6 13 7
6 14 17
6 17 2
6 18 20
6 20 1
6 23 4
6 24 20
6 25 10
6 27 12
6 28 9
6 29 11
6 30 20
6 31 13
6 32 4
6 33 13
6 35 3
6 36 4
6 37 19
6 39 5
6 40 1
6 42 20
6 43 7
6 45 18
6 46 5
6 47 10
6 49 19
7 0 10
7 1 16
7 2 18
7 3 3
7 4 6
7 5 9
7 6 17
7 8 17
7 9 10
7 10 11
7 11 19
7 13 11
7 14 11
7 15 5
7 16 15
7 17 10
7 18 14
7 20 7
7 23 8
7 24 10
7 25 1
7 26 10
7 29 10
7 31 9
7 32 14
7 33 2
7 34 6
7 35 19
7 36 16
7 37 16
7 38 11
7 39 9
7 40 4
7 41 3
7 42 14
7 44 18
7 45 11
7 46 20
7 48 6
7 49 17
8 1 9
8 2 5
8 3 18
8 4 9
8 9 1
8 10 15
8 11 18
8 12 17
8 13 14
8 14 9
8 15 19
8 16 7
8 17 17
8 18 16
8 19 17
8 20 20
8 21 15
8 22 13
8 23 5
8 24 20
8 25 17
8 26 3
8 29 10
8 34 13
8 35 6
8 36 6
8 37 17
8 38 7
8 39 16
8 40 19
8 41 6
8 42 13
8 43 9
8 44 18
8 45 8
8 46 14
8 47 8
8 48 12
8 49 13
9 1 6
9 2 1
9 3 18
9 4 20
9 5 2
9 6 9
9 8 7
9 11 20
9 13 4
9 15 10
9 17 6
9 18 17
9 19 13
9 20 15
9 22 7
9 23 9
9 24 1
9 25 7
9 26 1
9 27 4
9 28 4
9 29 13
9 30 9
9 31 8
9 32 5
9 33 4
9 34 16
9 35 11
9 36 12
9 37 3
9 38 20
9 39 2
9 40 12
9 41 19
9 42 14
9 44 17
9 45 6
9 47 19
9 48 20
9 49 7
10 1 6
10 2 17
10 5 4
10 6 20
10 7 2
10 8 9
10 9 7
10 11 12
10 12 16
10 13 19
10 14 18
10 15 14
10 16 10
10 18 5
10 19 13
10 20 7
10 21 17
10 22 6
10 23 15
10 25 17
10 26 9
10 27 5
10 28 8
10 29 16
10 30 20
10 31 6
10 32 3
10 33 2
10 34 17
10 36 16
10 37 12
10 38 9
10 39 7
10 40 4
10 41 8
10 44 15
10 45 2
10 46 9
10 47 16
10 49 18
11 0 18
11 2 9
11 3 14
11 4 2
11 5 11
11 6 16
11 8 13
11 10 19
11 15 8
11 16 1
11 17 17
11 18 19
11 19 15
11 20 5
11 21 5
11 22 5
11 23 9
11 24 12
11 25 18
11 26 15
11 27 3
11 28 15
11 30 6
11 31 11
11 32 16
11 33 15
11 34 4
11 35 18
11 36 2
11 37 16
11 38 11
11 39 1
11 41 10
11 42 14
11 43 20
11 44 13
11 45 1
11 48 3
11 49 20
12 1 8
12 2 1
12 3 4
12 4 17
12 5 17
12 6 8
12 7 19
12 8 2
12 9 15
12 10 10
12 11 4
12 13 16
12 14 14
12 15 10
12 16 14
12 17 16
12 18 3
12 19 17
12 20 6
12 21 18
12 22 9
12 23 5
12 24 17
12 26 20
12 27 7
12 28 11
12 29 10
12 30 8
12 32 14
12 34 12
12 38 5
12 42 9
12 43 18
12 44 18
12 45 7
12 46 2
12 47 17
12 48 17
12 49 8
13 0 3
13 1 3
13 2 16
13 4 19
13 5 7
13 6 15
13 7 1
13 9 18
13 11 13
13 14 17
13 15 12
13 17 11
13 19 8
13 20 20
13 21 8
13 23 20
13 24 13
13 25 2
13 26 6
13 27 16
13 28 18
13 29 14
13 31 1
13 32 14
13 33 8
13 34 13
13 35 2
13 37 17
13 38 20
13 39 5
13 40 14
13 41 11
13 44 12
13 45 1
13 46 15
13 47 8
13 48 1
14 0 3
14 1 8
14 2 2
14 3 13
14 4 5
14 5 20
14 6 14
14 7 13
14 8 15
14 9 17
14 11 19
14 13 5
14 15 10
14 18 20
14 19 14
14 20 8
14 23 12
14 24 4
14 29 17
14 30 7
14 31 7
14 34 12
14 35 13
14 37 10
14 39 8
14 40 20
14 42 2
14 43 15
14 44 15
14 45 12
14 46 3
14 48 18
14 49 15
15 0 20
15 1 7
15 2 20
15 3 12
15 4 9
15 5 16
15 6 16
15 8 20
15 10 12
15 11 8
15 12 19
15 13 13
15 14 16
15 16 20
15 18 9
15 22 20
15 23 17
15 25 10
15 26 7
15 27 4
15 28 1
15 29 9
15 30 17
15 31 13
15 32 7
15 33 9
15 34 1
15 36 4
15 37 16
15 38 13
15 40 18
15 42 15
15 43 3
15 45 14
15 46 17
15 47 9
15 48 3
15 49 4
16 0 17
16 1 5
16 2 13
16 5 11
16 6 12
16 7 19
16 8 14
16 9 13
16 10 8
16 11 10
16 12 20
16 14 19
16 15 20
16 17 17
16 18 15
16 20 3
16 23 19
16 26 2
16 27 1
16 28 10
16 30 17
16 33 13
16 34 19
16 36 6
16 37 17
16 38 20
16 39 11
16 40 16
16 41 16
16 43 14
16 44 17
16 45 19
16 48 7
17 1 7
17 2 9
17 3 14
17 4 15
17 5 6
17 6 8
17 8 11
17 9 1
17 11 16
17 12 17
17 14 8
17 15 10
17 16 4
17 19 4
17 23 19
17 24 16
17 26 8
17 27 19
17 28 1
17 29 13
17 30 14
17 32 10
17 33 20
17 34 10
17 38 9
17 39 19
17 40 14
17 41 4
17 42 5
17 43 6
17 44 20
17 45 11
17 47 20
17 48 2
17 49 20
18 0 13
18 1 11
18 3 5
18 4 11
18 6 8
18 7 8
18 8 10
18 9 2
18 10 2
18 12 1
18 13 5
18 14 15
18 16 2
18 17 20
18 20 6
18 21 16
18 22 10
18 23 14
18 24 12
18 25 18
18 26 8
18 27 11
18 29 2
18 30 8
18 31 13
18 33 8
18 34 1
18 38 19
18 39 17
18 40 9
18 41 14
18 42 6
18 43 13
18 44 7
18 45 19
18 46 13
18 47 11
18 48 14
18 49 5
19 0 12
19 1 12
19 2 19
19 5 11
19 6 3
19 7 15
19 8 13
19 9 9
19 10 6
19 12 2
19 13 11
19 21 4
19 22 5
19 24 3
19 26 13
19 27 6
19 28 7
19 29 9
19 30 10
19 32 12
19 34 1
19 35 4
19 36 20
19 37 13
19 40 16
19 44 10
19 46 2
19 47 20
19 48 15
20 0 17
20 1 9
20 3 8
20 4 20
20 6 18
20 7 16
20 9 3
20 10 20
20 11 5
20 12 1
20 13 14
20 19 16
20 21 9
20 22 6
20 23 14
20 24 15
20 25 5
20 26 7
20 28 3
20 30 19
20 31 4
20 32 20
20 33 7
20 35 18
20 36 8
20 37 14
20 38 8
20 39 1
20 40 2
20 41 11
20 43 20
20 44 18
20 45 15
20 46 5
20 47 2
20 48 13
20 49 15
21 0 6
21 4 5
21 7 8
21 9 15
21 10 2
21 13 20
21 14 17
21 15 12
21 16 19
21 17 14
21 18 5
21 19 13
21 20 3
21 23 3
21 24 20
21 25 13
21 26 15
21 27 13
21 28 16
21 30 3
21 31 4
21 33 6
21 34 13
21 35 17
21 36 19
21 37 15
21 38 10
21 39 16
21 40 1
21 43 4
21 44 16
21 45 12
21 47 3
21 48 1
21 49 14
22 0 15
22 1 20
22 3 13
22 4 18
22 5 7
22 6 1
22 7 2
22 8 12
22 9 4
22 10 9
22 11 12
22 12 13
22 13 13
22 14 6
22 17 15
22 18 15
22 19 5
22 20 3
22 23 20
22 24 2
22 25 10
22 26 13
22 28 15
22 29 1
22 30 4
22 32 11
22 34 8
22 35 17
22 36 20
22 38 3
22 39 3
22 40 6
22 41 8
22 42 5
22 43 8
22 44 17
22 46 20
22 47 4
22 48 5
22 49 6
23 0 20
23 2 9
23 3 17
23 4 4
23 5 19
23 6 15
23 7 15
23 8 12
23 9 15
23 11 7
23 12 19
23 13 7
23 14 7
23 15 9
23 16 1
23 17 7
23 18 19
23 20 5
23 21 14
23 24 11
23 25 20
23 26 11
23 27 4
23 28 5
23 30 8
23 31 16
23 32 9
23 33 1
23 34 8
23 35 16
23 36 10
23 38 14
23 40 18
23 42 6
23 43 19
23 44 9
23 45 14
23 46 11
23 47 17
23 48 4
23 49 2
24 0 20
24 1 13
24 2 4
24 3 1
24 6 3
24 7 5
24 9 17
24 10 8
24 11 15
24 13 10
24 14 10
24 15 13
24 16 16
24 17 16
24 18 15
24 19 7
24 21 11
24 25 16
24 27 11
24 28 9
24 29 1
24 30 13
24 32 9
24 33 19
24 36 16
24 38 12
24 39 5
24 40 6
24 41 7
24 42 20
24 43 15
24 44 2
24 45 14
24 46 3
24 47 6
24 48 12
24 49 1
25 1 4
25 2 8
25 4 7
25 5 7
25 6 11
25 7 12
25 8 2
25 9 11
25 10 17
25 11 16
25 12 5
25 13 19
25 14 18
25 15 3
25 16 17
25 19 17
25 21 1
25 22 2
25 24 2
25 26 19
25 27 3
25 29 8
25 30 15
25 31 3
25 32 17
25 33 7
25 34 15
25 35 16
25 36 1
25 38 6
25 41 5
25 43 10
25 44 8
25 45 19
25 46 2
25 47 4
25 48 1
25 49 6
26 0 13
26 1 13
26 2 15
26 3 13
26 4 9
26 5 5
26 6 19
26 7 18
26 8 10
26 9 8
26 10 20
26 12 13
26 13 9
26 15 4
26 17 13
26 18 4
26 19 15
26 20 12
26 21 5
26 23 17
26 24 8
26 27 7
26 29 6
26 30 3
26 31 17
26 32 9
26 33 19
26 34 6
26 35 18
26 37 15
26 38 7
26 39 6
26 40 5
26 41 4
26 42 14
26 43 19
26 44 17
26 45 20
26 46 12
26 48 16
26 49 10
27 0 15
27 1 11
27 2 13
27 3 13
27 4 18
27 5 19
27 6 15
27 7 1
27 8 6
27 10 7
27 12 8
27 13 17
27 14 4
27 16 15
27 17 17
27 18 6
27 19 3
27 22 17
27 23 7
27 25 20
27 28 5
27 29 14
27 33 1
27 34 8
27 35 15
27 37 20
27 38 14
27 39 17
27 40 14
27 41 1
27 43 6
27 45 17
27 46 18
27 47 11
27 48 20
27 49 13
28 0 11
28 1 2
28 2 7
28 4 16
28 6 19
28 8 11
28 9 13
28 10 11
28 11 20
28 12 8
28 13 13
28 14 16
28 16 9
28 17 12
28 18 18
28 19 11
28 20 15
28 21 7
28 22 9
28 23 10
28 25 11
28 26 5
28 29 16
28 30 1
28 31 20
28 33 10
28 34 7
28 35 15
28 36 17
28 37 16
28 38 16
28 39 10
28 40 16
28 41 20
28 42 11
28 44 2
28 45 9
28 48 12
28 49 20
29 0 3
29 1 10
29 2 11
29 4 10
29 5 2
29 6 18
29 7 5
29 8 12
29 9 20
29 10 6
29 11 5
29 12 6
29 13 6
29 14 20
29 15 12
29 17 7
29 20 4
29 21 18
29 22 14
29 23 16
29 24 5
29 25 13
29 26 1
29 28 19
29 30 3
29 31 8
29 32 1
29 33 13
29 34 7
29 35 19
29 36 1
29 39 7
29 40 17
29 42 5
29 44 9
29 45 5
29 46 17
29 48 7
29 49 2
30 0 1
30 1 4
30 2 7
30 3 9
30 4 7
30 5 10
30 6 1
30 7 17
30 8 2
30 10 7
30 11 1
30 12 13
30 13 4
30 14 9
30 15 11
30 16 4
30 17 16
30 18 9
30 19 11
30 20 19
30 21 1
30 22 10
30 23 1
30 24 20
30 25 9
30 26 19
30 28 15
30 29 16
30 32 20
30 34 17
30 36 1
30 37 15
30 38 6
30 39 12
30 40 14
30 41 17
30 42 19
30 43 11
30 44 4
30 45 5
30 46 20
30 47 10
30 48 13
30 49 2
31 0 8
31 1 4
31 2 11
31 3 19
31 4 8
31 5 1
31 7 7
31 8 3
31 9 15
31 10 9
31 11 9
31 13 1
31 14 10
31 15 10
31 17 5
31 18 15
31 19 15
31 20 12
31 21 16
31 22 19
31 23 15
31 25 11
31 27 16
31 28 15
31 29 17
31 32 10
31 35 2
31 37 1
31 39 2
31 40 6
31 41 10
31 43 20
31 44 13
31 45 18
31 46 15
31 48 18
31 49 14
32 0 13
32 1 7
32 3 1
32 6 6
32 7 17
32 8 17
32 9 10
32 10 5
32 11 16
32 12 7
32 13 2
32 15 15
32 16 19
32 17 15
32 18 18
32 20 19
32 21 8
32 23 19
32 24 5
32 25 8
32 26 19
32 27 12
32 28 1
32 29 12
32 30 13
32 31 9
32 34 7
32 35 7
32 36 11
32 37 3
32 39 19
32 46 5
32 47 14
32 48 4
32 49 16
33 0 5
33 1 14
33 2 18
33 3 8
33 4 9
33 5 9
33 6 11
33 7 2
33 8 8
33 9 2
33 11 8
33 14 17
33 15 4
33 16 14
33 17 20
33 18 4
33 20 15
33 23 1
33 24 15
33 25 9
33 26 20
33 27 9
33 28 20
33 30 12
33 31 2
33 32 2
33 34 5
33 37 7
33 38 11
33 39 10
33 40 7
33 41 5
33 42 4
33 43 13
33 44 9
33 45 6
33 46 16
33 47 12
33 49 18
34 0 20
34 1 2
34 2 1
34 3 14
34 4 10
34 5 12
34 7 9
34 9 11
34 10 18
34 12 18
34 14 10
34 16 11
34 17 1
34 18 15
34 19 7
34 20 3
34 21 8
34 22 5
34 23 19
34 24 9
34 25 2
34 26 15
34 27 2
34 28 3
34 29 3
34 30 18
34 33 20
34 35 4
34 37 6
34 38 5
34 39 5
34 40 13
34 41 13
34 44 1
34 45 8
34 47 11
34 48 19
34 49 1
35 0 1
35 1 15
35 2 17
35 3 1
35 4 7
35 5 12
35 6 1
35 7 8
35 8 17
35 9 10
35 10 1
35 11 4
35 12 19
35 13 17
35 14 8
35 16 14
35 17 2
35 20 19
35 21 20
35 23 4
35 24 3
35 27 3
35 28 10
35 30 3
35 31 16
35 32 15
35 33 13
35 34 19
35 36 3
35 38 19
35 39 18
35 40 7
35 41 5
35 43 20
35 45 13
35 47 14
36 0 4
36 1 19
36 2 3
36 3 16
36 5 7
36 6 13
36 8 1
36 9 8
36 10 16
36 11 6
36 12 16
36 13 20
36 14 12
36 18 7
36 19 12
36 20 9
36 22 14
36 23 14
36 24 4
36 25 1
36 26 14
36 27 16
36 29 8
36 31 6
36 32 9
36 33 9
36 34 4
36 35 8
36 38 17
36 39 10
36 40 10
36 42 20
36 44 16
36 46 14
36 49 10
37 1 18
37 2 18
37 3 6
37 4 10
37 5 18
37 6 8
37 7 7
37 8 11
37 11 9
37 12 18
37 13 13
37 14 19
37 15 5
37 16 19
37 17 15
37 21 2
37 22 15
37 24 1
37 25 20
37 26 5
37 27 13
37 30 6
37 32 19
37 34 11
37 35 13
37 36 6
37 38 5
37 39 10
37 40 1
37 41 8
37 42 13
37 43 15
37 45 6
37 46 12
37 48 14
37 49 16
38 0 3
38 1 16
38 2 20
38 3 3
38 4 3
38 6 18
38 7 4
38 8 7
38 9 11
38 10 12
38 11 16
38 12 2
38 14 16
38 15 10
38 16 13
38 17 19
38 18 12
38 19 5
38 21 5
38 22 12
38 23 13
38 24 6
38 25 8
38 26 3
38 27 12
38 28 16
38 29 5
38 31 16
38 32 1
38 33 16
38 34 11
38 36 5
38 37 11
38 39 11
38 40 11
38 41 8
38 44 14
38 45 2
38 48 16
39 0 2
39 2 5
39 3 9
39 5 9
39 6 9
39 7 13
39 8 2
39 9 4
39 10 3
39 12 4
39 13 15
39 14 7
39 15 11
39 16 20
39 17 1
39 19 17
39 20 10
39 22 3
39 23 10
39 25 14
39 27 19
39 28 3
39 29 12
39 30 12
39 31 19
39 33 4
39 34 5
39 36 17
39 38 2
39 40 11
39 41 3
39 42 1
39 43 7
39 44 5
39 45 9
39 46 13
39 47 1
39 48 11
39 49 5
40 1 16
40 3 3
40 4 1
40 5 13
40 6 18
40 10 9
40 12 3
40 13 1
40 14 11
40 15 18
40 16 9
40 17 3
40 18 4
40 19 5
40 20 3
40 22 20
40 24 14
40 25 13
40 27 1
40 28 3
40 30 7
40 31 14
40 32 2
40 33 13
40 34 3
40 35 15
40 37 3
40 39 18
40 41 12
40 42 19
40 43 1
40 44 11
40 45 20
40 46 16
40 47 13
40 48 3
41 1 17
41 3 7
41 4 3
41 5 1
41 6 12
41 8 9
41 9 13
41 11 18
41 13 3
41 14 6
41 15 18
41 17 7
41 18 1
41 19 14
41 21 7
41 23 7
41 24 1
41 25 19
41 26 18
41 27 9
41 28 6
41 30 12
41 31 7
41 32 18
41 34 1
41 38 18
41 39 9
41 42 9
41 44 17
41 45 4
41 46 20
41 47 11
41 48 4
41 49 14
42 0 2
42 3 6
42 5 7
42 6 15
42 7 19
42 9 5
42 10 8
42 11 5
42 12 15
42 13 4
42 14 17
42 15 20
42 16 2
42 17 20
42 19 14
42 20 2
42 21 13
42 22 14
42 23 11
42 24 3
42 25 8
42 28 2
42 30 9
42 31 20
42 32 13
42 35 17
42 36 19
42 38 8
42 40 7
42 44 5
42 45 11
42 46 2
42 47 20
42 49 4
43 0 4
43 1 4
43 2 2
43 3 6
43 4 3
43 5 19
43 6 12
43 7 11
43 8 16
43 9 1
43 10 10
43 11 9
43 12 4
43 13 15
43 14 2
43 15 1
43 16 4
43 19 20
43 22 10
43 23 6
43 25 4
43 26 5
43 27 19
43 28 1
43 29 13
43 31 5
43 36 11
43 37 2
43 38 5
43 39 2
43 40 5
43 42 2
43 44 6
43 45 5
43 46 14
43 47 8
43 48 5
43 49 15
44 0 7
44 1 9
44 2 3
44 3 9
44 4 15
44 5 20
44 6 1
44 7 17
44 8 16
44 9 16
44 11 7
44 12 2
44 13 7
44 15 2
44 16 11
44 17 13
44 18 4
44 20 9
44 21 10
44 22 10
44 23 17
44 25 10
44 26 18
44 27 18
44 28 6
44 29 20
44 30 4
44 31 16
44 32 5
44 34 17
44 35 4
44 36 6
44 38 4
44 39 4
44 41 6
44 42 13
44 43 14
44 45 17
44 46 20
44 47 18
45 0 15
45 1 20
45 2 5
45 3 10
45 4 2
45 6 3
45 7 4
45 8 20
45 9 20
45 13 8
45 14 17
45 15 15
45 16 17
45 17 19
45 18 3
45 19 2
45 20 4
45 21 9
45 22 19
45 23 13
45 24 10
45 26 9
45 27 14
45 28 20
45 29 17
45 32 9
45 35 12
45 36 2
45 39 9
45 40 4
45 41 13
45 42 12
45 43 18
45 46 10
45 47 17
45 48 1
46 0 1
46 2 6
46 3 2
46 4 4
46 5 3
46 7 4
46 10 5
46 11 8
46 13 3
46 15 14
46 16 5
46 17 13
46 18 3
46 19 6
46 20 15
46 22 13
46 26 6
46 27 11
46 28 18
46 29 1
46 30 13
46 31 12
46 32 11
46 33 1
46 34 17
46 36 8
46 37 1
46 38 14
46 39 2
46 40 16
46 41 17
46 42 5
46 43 5
46 44 8
46 45 13
46 47 9
46 48 1
46 49 11
47 0 5
47 1 10
47 2 12
47 3 1
47 6 20
47 8 15
47 9 20
47 10 14
47 12 2
47 14 2
47 15 2
47 17 8
47 18 19
47 19 8
47 20 13
47 22 11
47 23 8
47 24 18
47 25 20
47 26 10
47 27 3
47 28 12
47 29 15
47 30 10
47 31 9
47 33 19
47 34 4
47 35 7
47 36 8
47 37 9
47 38 12
47 39 7
47 40 18
47 41 14
47 43 13
47 44 3
47 45 10
47 46 11
47 48 15
47 49 9
48 0 15
48 1 2
48 3 12
48 4 16
48 5 4
48 7 2
48 8 2
48 9 4
48 10 20
48 11 5
48 12 2
48 13 6
48 14 16
48 15 19
48 18 5
48 19 20
48 20 5
48 21 18
48 22 11
48 23 5
48 24 12
48 26 19
48 27 13
48 28 15
48 31 14
48 32 9
48 33 3
48 34 8
48 35 17
48 36 10
48 38 20
48 40 3
48 41 6
48 42 5
48 43 9
48 44 20
48 45 19
48 46 14
48 47 2
48 49 11
49 0 15
49 1 14
49 2 20
49 3 6
49 5 12
49 6 3
49 7 17
49 8 14
49 9 12
49 10 6
49 11 19
49 12 14
49 13 2
49 14 20
49 16 18
49 20 3
49 21 2
49 22 1
49 23 10
49 25 8
49 28 4
49 29 8
49 32 2
49 33 14
49 34 12
49 37 17
49 39 3
49 40 13
49 44 17
49 45 8
49 46 3
49 47 9
