1250 50 24 0
0 3 4
0 4 6
0 5 20
0 6 14
0 9 7
0 10 12
0 12 1
0 15 6
0 17 1
0 18 4
0 19 11
0 25 5
0 27 14
0 28 5
0 30 15
0 32 7
0 34 12
0 36 20
0 37 18
0 40 14
0 45 1
0 49 8
1 3 20
1 4 4
1 8 19
1 14 11
1 17 9
1 19 11
1 22 15
1 25 19
1 26 3
1 29 12
1 31 4
1 34 6
1 35 12
1 36 3
1 37 16
1 38 9
1 42 6
1 43 6
1 46 16
1 47 1
2 10 4
2 11 8
2 17 17
2 21 2
2 23 12
2 25 4
2 27 3
2 30 19
2 31 14
2 32 15
2 34 20
2 35 3
2 37 7
2 41 2
2 46 16
2 48 13
3 1 10
3 2 4
3 4 13
3 5 18
3 7 20
3 9 2
3 12 1
3 16 7
3 17 20
3 22 19
3 24 11
3 27 5
3 29 8
3 31 8
3 32 11
3 33 16
3 36 5
3 37 10
3 38 7
3 39 3
3 40 4
3 42 11
3 45 8
3 47 9
3 48 12
3 49 11
4 3 6
4 7 3
4 9 1
4 10 14
4 11 13
4 16 9
4 19 19
4 21 12
4 23 6
4 24 11
4 25 8
4 28 16
4 29 11
4 31 17
4 33 15
4 34 17
4 35 18
4 36 14
4 37 15
4 39 4
4 40 15
4 41 13
4 42 13
4 44 8
4 47 8
5 1 2
5 3 6
5 4 4
5 6 16
5 8 3
5 10 7
5 12 18
5 13 7
5 15 19
5 17 7
5 18 20
5 20 9
5 21 10
5 22 4
5 24 19
5 27 4
5 33 4
5 36 7
5 37 1
5 40 7
5 41 12
5 42 20
5 43 3
5 45 20
5 47 14
5 49 5
6 2 20
6 3 10
6 5 3
6 8 13
6 12 18
6 13 16
6 16 17
6 18 11
6 19 6
6 20 1
6 21 15
6 24 7
6 25 18
6 26 10
6 27 3
6 30 7
6 31 15
6 33 20
6 34 13
6 36 13
6 37 16
6 39 19
6 40 5
6 41 11
6 43 1
6 44 2
6 45 9
6 46 11
6 47 11
6 48 8
6 49 17
7 2 5
7 8 12
7 11 4
7 13 13
7 14 12
7 15 15
7 16 6
7 17 2
7 21 2
7 22 13
7 30 11
7 32 14
7 35 10
7 37 18
7 40 7
7 43 4
7 44 2
7 45 1
7 48 11
8 2 9
8 3 10
8 4 3
8 6 2
8 7 12
8 10 10
8 12 18
8 13 19
8 14 3
8 20 2
8 22 2
8 26 9
8 27 5
8 28 2
8 29 2
8 30 17
8 31 12
8 32 10
8 34 1
8 38 17
8 41 16
8 42 5
8 43 7
8 46 1
8 47 15
8 48 11
8 49 12
9 0 3
9 1 11
9 2 13
9 3 19
9 4 8
9 5 20
9 6 18
9 11 19
9 13 14
9 14 17
9 16 13
9 17 4
9 18 9
9 19 15
9 20 7
9 21 11
9 22 15
9 23 9
9 26 14
9 27 5
9 28 2
9 36 8
9 39 8
9 41 7
9 42 4
9 43 20
9 45 19
9 46 11
9 48 4
10 0 10
10 1 13
10 2 17
10 7 8
10 8 7
10 9 5
10 14 3
10 15 8
10 20 4
10 23 13
10 27 6
10 31 5
10 32 13
10 33 1
10 34 2
10 35 8
10 36 10
10 37 11
10 39 6
10 41 3
10 42 16
10 44 6
10 45 13
10 46 4
10 49 14
11 0 20
11 2 19
11 3 11
11 6 20
11 9 17
11 12 18
11 13 8
11 16 4
11 17 14
11 19 6
11 22 15
11 24 17
11 34 11
11 35 8
11 39 6
11 40 15
11 41 3
11 42 18
11 43 4
11 45 13
11 46 7
11 47 15
12 0 13
12 4 20
12 5 5
12 8 12
12 11 11
12 14 15
12 16 12
12 17 9
12 18 10
12 19 14
12 21 7
12 22 11
12 24 16
12 25 20
12 26 16
12 30 16
12 34 13
12 37 12
12 40 2
12 41 6
12 42 15
12 44 8
12 45 16
12 48 3
13 2 7
13 3 17
13 4 10
13 5 16
13 7 6
13 8 14
13 11 15
13 12 13
13 14 18
13 15 7
13 16 4
13 18 15
13 20 2
13 22 17
13 23 3
13 25 5
13 26 8
13 27 1
13 28 6
13 29 7
13 30 8
13 31 14
13 34 18
13 36 5
13 41 1
13 43 3
13 47 20
14 4 1
14 8 11
14 9 18
14 10 8
14 11 20
14 16 15
14 18 5
14 19 2
14 21 17
14 26 18
14 27 5
14 30 14
14 32 14
14 35 5
14 36 4
14 38 10
14 40 11
14 41 16
14 43 11
14 44 5
14 45 15
14 48 2
14 49 16
15 3 15
15 6 5
15 7 5
15 11 18
15 12 15
15 13 1
15 16 12
15 17 6
15 18 10
15 19 10
15 22 5
15 23 4
15 25 11
15 29 18
15 30 16
15 33 10
15 35 18
15 38 16
15 39 19
15 41 16
15 43 18
15 44 11
15 47 14
15 48 17
15 49 16
16 1 6
16 4 1
16 6 20
16 7 1
16 11 4
16 12 9
16 14 18
16 15 3
16 17 11
16 18 14
16 19 11
16 23 11
16 25 14
16 27 6
16 28 2
16 29 7
16 30 16
16 40 9
16 41 3
16 42 16
16 43 4
16 44 17
16 45 4
16 46 13
16 49 20
17 0 12
17 1 2
17 2 14
17 4 18
17 5 11
17 6 16
17 7 10
17 13 5
17 14 19
17 18 1
17 19 1
17 22 12
17 23 6
17 27 4
17 28 18
17 30 2
17 32 1
17 34 13
17 35 7
17 37 9
17 40 13
17 42 18
17 46 2
18 1 2
18 3 11
18 5 13
18 6 19
18 7 2
18 8 4
18 9 13
18 10 20
18 11 15
18 12 1
18 13 7
18 16 17
18 17 3
18 19 14
18 21 6
18 24 9
18 27 15
18 32 1
18 34 3
18 35 9
18 37 18
18 38 13
18 40 20
18 42 4
18 44 5
18 45 19
18 46 7
18 47 4
18 48 13
18 49 19
19 3 13
19 6 5
19 7 17
19 8 17
19 9 12
19 11 4
19 12 14
19 14 2
19 17 19
19 18 15
19 20 18
19 21 3
19 22 6
19 23 10
19 26 7
19 28 11
19 29 10
19 32 16
19 35 6
19 37 4
19 38 9
19 39 2
19 40 13
19 43 15
19 44 12
19 45 6
19 47 17
20 0 15
20 1 15
20 3 8
20 4 14
20 5 14
20 6 12
20 8 11
20 13 16
20 15 5
20 16 13
20 17 6
20 18 4
20 19 15
20 21 15
20 22 19
20 23 11
20 26 19
20 27 19
20 29 1
20 30 11
20 31 15
20 33 12
20 37 18
20 38 7
20 39 19
20 40 3
20 41 16
20 43 10
20 45 2
20 47 10
21 2 14
21 6 13
21 10 19
21 11 1
21 12 10
21 13 15
21 15 17
21 17 19
21 18 12
21 19 2
21 25 10
21 28 14
21 29 5
21 30 13
21 34 12
21 35 16
21 37 10
21 38 7
21 40 7
21 41 11
21 42 18
21 44 4
21 47 8
21 49 19
22 0 16
22 1 9
22 5 17
22 6 19
22 7 6
22 10 6
22 11 16
22 12 20
22 13 13
22 18 1
22 19 8
22 20 3
22 21 12
22 25 6
22 26 14
22 29 18
22 30 2
22 31 1
22 32 2
22 33 10
22 36 18
22 38 8
22 41 8
22 43 14
22 44 7
22 45 4
22 47 20
23 0 7
23 1 19
23 2 1
23 4 5
23 6 10
23 8 8
23 11 3
23 12 20
23 13 17
23 15 15
23 16 20
23 17 13
23 20 9
23 22 18
23 24 9
23 25 10
23 28 14
23 30 11
23 31 11
23 32 9
23 35 2
23 37 11
23 40 16
23 44 8
23 47 3
24 1 7
24 2 10
24 4 11
24 5 14
24 6 4
24 10 1
24 11 20
24 13 14
24 14 4
24 15 4
24 16 7
24 17 16
24 18 19
24 19 1
24 25 2
24 26 15
24 28 5
24 29 17
24 30 1
24 31 13
24 34 4
24 38 8
24 39 14
24 40 19
24 44 18
24 46 12
24 47 2
24 49 10
25 7 2
25 10 17
25 15 3
25 16 5
25 17 14
25 18 7
25 20 20
25 22 13
25 23 16
25 26 17
25 27 10
25 29 5
25 32 15
25 33 14
25 35 20
25 37 7
25 39 7
25 41 16
25 42 20
25 43 8
25 44 2
25 47 5
25 48 10
25 49 4
26 2 8
26 5 4
26 6 19
26 7 15
26 8 13
26 10 17
26 12 13
26 13 17
26 15 15
26 17 10
26 18 16
26 20 4
26 27 9
26 28 16
26 30 12
26 34 16
26 35 15
26 36 4
26 37 4
26 38 10
26 41 6
26 42 7
26 45 7
26 48 7
26 49 8
27 0 17
27 1 20
27 5 14
27 6 8
27 7 6
27 11 3
27 14 9
27 15 18
27 16 6
27 18 12
27 21 10
27 22 11
27 23 19
27 24 13
27 31 11
27 33 5
27 34 18
27 37 9
27 38 20
27 39 1
27 41 9
27 44 8
27 47 2
27 48 5
27 49 6
28 0 8
28 1 3
28 7 2
28 8 8
28 9 18
28 13 5
28 14 18
28 15 5
28 17 20
28 18 1
28 19 5
28 20 13
28 21 9
28 22 6
28 23 17
28 24 4
28 27 19
28 29 18
28 30 8
28 32 5
28 34 10
28 35 10
28 37 9
28 39 13
28 40 18
28 41 10
28 42 2
28 43 4
28 48 8
29 0 11
29 5 9
29 6 3
29 7 13
29 8 17
29 9 20
29 11 15
29 12 9
29 13 7
29 16 19
29 18 6
29 20 17
29 21 16
29 23 19
29 24 15
29 26 17
29 33 19
29 34 11
29 45 1
29 46 4
29 47 7
30 0 13
30 1 10
30 4 20
30 5 20
30 9 15
30 11 14
30 13 11
30 16 7
30 17 4
30 18 16
30 19 20
30 20 9
30 21 18
30 23 12
30 24 14
30 25 1
30 26 2
30 27 6
30 31 4
30 32 19
30 33 15
30 35 16
30 36 11
30 37 13
30 38 17
30 43 10
30 44 7
30 45 13
30 46 14
30 49 2
31 0 19
31 1 18
31 3 7
31 5 16
31 6 2
31 9 9
31 10 7
31 13 1
31 15 10
31 18 13
31 19 19
31 20 16
31 22 15
31 24 16
31 26 2
31 30 15
31 32 12
31 33 1
31 35 13
31 40 9
31 43 12
31 46 17
32 3 3
32 7 9
32 8 14
32 10 4
32 11 13
32 14 13
32 15 18
32 17 11
32 21 13
32 27 14
32 31 15
32 37 19
32 41 4
32 42 19
32 43 11
32 44 11
32 46 13
32 48 16
32 49 19
33 1 4
33 6 20
33 7 19
33 9 8
33 10 13
33 11 11
33 13 13
33 16 7
33 18 11
33 19 6
33 20 14
33 23 4
33 24 8
33 26 15
33 27 17
33 28 16
33 29 1
33 32 7
33 35 12
33 36 15
33 38 10
33 39 8
33 41 14
33 43 1
33 46 2
33 47 2
33 48 5
34 1 7
34 2 7
34 3 8
34 4 20
34 5 3
34 6 6
34 7 11
34 9 6
34 10 12
34 11 9
34 12 16
34 16 9
34 19 11
34 21 5
34 22 2
34 23 7
34 24 9
34 25 20
34 26 6
34 28 1
34 29 14
34 33 1
34 35 14
34 37 15
34 42 13
34 43 11
34 48 12
34 49 16
35 0 8
35 3 3
35 4 11
35 6 5
35 10 4
35 11 15
35 13 8
35 14 16
35 15 11
35 16 9
35 17 6
35 18 2
35 23 1
35 25 12
35 27 8
35 29 20
35 31 20
35 32 18
35 33 6
35 37 1
35 38 7
35 41 10
35 42 16
35 44 2
35 47 1
36 2 4
36 3 4
36 4 1
36 7 12
36 8 2
36 11 18
36 12 3
36 14 3
36 17 14
36 22 2
36 24 15
36 25 6
36 26 3
36 27 5
36 29 11
36 31 2
36 33 8
36 34 4
36 35 15
36 37 3
36 41 3
36 44 20
36 45 7
36 46 6
36 47 3
36 48 15
36 49 18
37 0 7
37 1 19
37 3 4
37 5 19
37 8 15
37 10 13
37 11 13
37 12 20
37 15 4
37 16 6
37 18 8
37 19 8
37 20 4
37 22 17
37 23 14
37 25 9
37 26 13
37 28 3
37 32 8
37 33 9
37 36 20
37 38 7
37 40 3
37 42 18
37 43 4
37 44 13
37 45 5
37 46 14
37 47 13
38 1 12
38 2 10
38 5 13
38 6 15
38 7 18
38 11 4
38 12 10
38 19 12
38 20 10
38 21 19
38 22 1
38 23 20
38 25 19
38 31 4
38 32 8
38 35 15
38 36 20
38 39 13
38 40 18
38 42 9
38 46 13
38 47 17
38 48 4
38 49 8
39 0 17
39 2 16
39 3 14
39 4 7
39 5 17
39 8 7
39 9 13
39 10 16
39 14 14
39 15 11
39 16 2
39 18 18
39 19 15
39 22 2
39 23 7
39 24 9
39 25 19
39 26 16
39 29 19
39 30 5
39 31 6
39 33 18
39 34 10
39 36 10
39 38 8
39 42 15
39 44 8
39 45 13
39 47 17
40 0 7
40 2 3
40 3 3
40 10 4
40 11 9
40 13 12
40 14 16
40 16 14
40 22 6
40 24 3
40 25 3
40 26 18
40 27 5
40 29 6
40 30 17
40 31 20
40 32 16
40 36 13
40 37 15
40 42 16
40 48 10
41 0 12
41 2 14
41 6 1
41 7 3
41 8 10
41 10 3
41 13 16
41 16 20
41 17 4
41 20 5
41 21 15
41 22 14
41 23 20
41 25 19
41 28 17
41 30 3
41 31 15
41 32 9
41 35 14
41 36 4
41 40 1
41 45 19
41 46 14
41 47 16
41 48 11
41 49 13
42 0 13
42 1 1
42 2 8
42 3 4
42 4 19
42 6 10
42 7 9
42 8 11
42 9 13
42 11 15
42 12 2
42 13 2
42 15 5
42 19 7
42 21 13
42 22 5
42 23 9
42 24 12
42 29 2
42 30 11
42 36 12
42 38 6
42 39 19
42 40 14
42 44 3
42 46 11
42 48 6
42 49 14
43 0 20
43 1 3
43 2 17
43 3 5
43 4 2
43 5 15
43 7 1
43 9 11
43 11 6
43 16 6
43 19 7
43 20 1
43 21 11
43 22 20
43 24 14
43 25 2
43 27 3
43 28 12
43 30 19
43 31 14
43 32 12
43 36 19
43 37 15
43 38 7
43 40 15
43 42 8
43 47 5
43 48 1
43 49 6
44 5 1
44 7 2
44 9 10
44 10 15
44 12 12
44 14 15
44 16 13
44 21 15
44 22 6
44 23 16
44 26 4
44 27 3
44 28 13
44 29 18
44 30 12
44 33 5
44 34 11
44 37 13
44 38 10
44 41 1
44 42 9
44 43 19
45 4 18
45 6 13
45 9 8
45 10 4
45 11 20
45 13 1
45 14 11
45 16 9
45 22 11
45 26 1
45 29 3
45 32 10
45 34 17
45 36 3
45 38 7
45 41 6
45 42 15
45 43 18
45 49 20
46 0 18
46 1 5
46 2 11
46 3 7
46 5 6
46 6 6
46 11 20
46 12 10
46 13 16
46 14 19
46 15 4
46 18 8
46 20 9
46 23 8
46 25 13
46 26 10
46 27 18
46 28 4
46 30 20
46 33 10
46 34 15
46 35 16
46 41 5
46 42 18
46 43 17
46 47 17
47 0 7
47 2 3
47 5 4
47 6 2
47 8 20
47 13 1
47 15 16
47 19 12
47 22 9
47 23 1
47 24 7
47 25 11
47 28 1
47 29 7
47 30 9
47 32 14
47 33 7
47 34 18
47 35 14
47 37 8
47 38 20
47 39 2
47 40 7
47 41 15
47 42 19
47 44 7
47 46 13
47 48 11
48 1 16
48 6 20
48 15 14
48 16 11
48 17 9
48 22 14
48 26 15
48 29 8
48 31 3
48 34 15
48 37 20
48 38 16
48 39 5
48 40 15
48 41 13
48 43 14
48 44 7
48 46 11
48 47 5
49 0 19
49 2 1
49 4 3
49 9 13
49 11 5
49 15 4
49 16 2
49 18 7
49 21 17
49 25 11
49 26 14
49 29 15
49 30 3
49 31 19
49 32 16
49 34 15
49 37 20
49 40 4
49 41 7
49 42 5
49 43 4
49 46 7
