10000 200 163 0
0 1 9
0 4 18
0 5 1
0 6 2
0 7 4
0 10 2
0 11 13
0 12 14
0 15 3
0 18 11
0 21 5
0 23 7
0 25 8
0 31 7
0 32 17
0 33 11
0 34 6
0 35 5
0 36 14
0 41 19
0 43 1
0 44 3
0 48 18
0 49 10
0 50 16
0 52 6
0 56 8
0 58 15
0 59 4
0 60 15
0 61 17
0 63 4
0 64 19
0 66 17
0 68 19
0 69 9
0 71 8
0 75 17
0 76 12
0 77 2
0 78 15
0 81 17
0 83 6
0 86 18
0 90 11
0 98 3
0 99 3
0 102 10
0 103 14
0 104 15
0 107 12
0 108 16
0 109 17
0 110 14
0 111 12
0 112 18
0 113 8
0 114 2
0 115 5
0 116 1
0 117 9
0 120 18
0 121 8
0 122 16
0 123 5
0 128 14
0 129 20
0 131 14
0 134 19
0 135 1
0 136 3
0 137 9
0 138 14
0 141 8
0 142 5
0 143 15
0 144 16
0 146 14
0 148 16
0 150 15
0 154 5
0 155 3
0 156 20
0 157 9
0 158 5
0 159 13
0 160 9
0 161 7
0 162 3
0 164 16
0 166 3
0 167 2
0 172 15
0 173 1
0 174 7
0 175 11
0 176 6
0 177 20
0 179 6
0 180 3
0 181 11
0 182 6
0 185 6
0 187 11
0 190 6
0 192 12
0 193 20
0 194 3
0 195 16
0 196 19
0 197 6
1 4 17
1 5 12
1 6 20
1 7 19
1 10 19
1 11 4
1 12 18
1 13 15
1 14 1
1 15 1
1 16 4
1 18 14
1 20 19
1 22 9
1 24 14
1 25 3
1 26 18
1 27 19
1 28 13
1 29 7
1 34 10
1 35 2
1 37 8
1 40 12
1 41 8
1 44 20
1 45 9
1 46 4
1 49 17
1 53 2
1 54 20
1 57 16
1 58 7
1 61 9
1 62 14
1 63 3
1 64 16
1 65 12
1 69 1
1 70 6
1 71 14
1 72 9
1 75 11
1 77 11
1 79 3
1 82 5
1 84 5
1 85 10
1 91 17
1 92 2
1 93 3
1 96 5
1 97 6
1 98 14
1 99 10
1 101 19
1 103 11
1 105 14
1 106 17
1 107 8
1 108 7
1 109 20
1 110 14
1 111 11
1 114 7
1 120 15
1 122 12
1 124 15
1 125 9
1 126 10
1 127 19
1 128 5
1 130 12
1 133 11
1 134 15
1 138 19
1 144 13
1 147 15
1 149 15
1 153 3
1 154 15
1 156 12
1 158 12
1 161 17
1 162 7
1 163 15
1 167 11
1 168 2
1 171 3
1 172 18
1 173 19
1 175 8
1 176 20
1 178 7
1 182 7
1 184 7
1 186 17
1 187 11
1 188 3
1 189 4
1 190 3
1 193 10
1 195 15
1 199 4
2 3 2
2 5 14
2 6 1
2 7 4
2 9 12
2 13 15
2 16 19
2 17 15
2 20 7
2 23 9
2 24 3
2 25 2
2 26 4
2 27 16
2 28 1
2 30 12
2 31 17
2 32 13
2 33 9
2 37 7
2 39 3
2 44 15
2 47 18
2 48 2
2 49 12
2 50 4
2 52 6
2 54 9
2 55 16
2 56 10
2 57 5
2 58 9
2 60 15
2 61 19
2 62 13
2 63 3
2 65 1
2 71 10
2 73 5
2 77 15
2 80 2
2 82 15
2 83 19
2 84 3
2 86 17
2 89 2
2 92 20
2 97 4
2 98 6
2 100 17
2 101 18
2 102 5
2 105 17
2 106 11
2 111 10
2 112 14
2 113 17
2 114 14
2 115 12
2 116 8
2 118 12
2 120 20
2 121 8
2 122 11
2 123 4
2 124 1
2 125 1
2 127 10
2 128 8
2 130 2
2 131 4
2 133 17
2 139 12
2 141 1
2 144 9
2 145 18
2 150 13
2 151 10
2 154 14
2 156 14
2 159 16
2 162 7
2 163 20
2 164 2
2 170 2
2 173 15
2 174 18
2 176 19
2 180 5
2 181 1
2 187 15
2 189 9
2 190 6
2 191 18
2 192 10
2 195 4
2 196 12
2 197 10
2 198 12
3 4 2
3 6 15
3 7 9
3 8 18
3 11 16
3 13 2
3 14 8
3 15 9
3 18 19
3 20 2
3 21 4
3 24 3
3 25 11
3 29 9
3 30 17
3 31 12
3 33 17
3 37 10
3 39 12
3 42 14
3 43 1
3 45 4
3 46 2
3 50 13
3 51 2
3 55 3
3 56 19
3 57 11
3 58 20
3 59 19
3 60 11
3 61 9
3 62 4
3 64 2
3 67 9
3 69 13
3 70 2
3 71 20
3 72 19
3 74 20
3 75 11
3 77 11
3 80 5
3 84 20
3 86 18
3 87 12
3 91 13
3 93 11
3 94 13
3 96 16
3 97 13
3 101 4
3 102 18
3 103 15
3 105 16
3 106 17
3 107 16
3 109 19
3 112 5
3 113 11
3 114 14
3 117 4
3 121 5
3 123 11
3 124 18
3 127 6
3 130 8
3 131 11
3 132 6
3 134 10
3 136 5
3 141 16
3 142 20
3 143 6
3 144 1
3 145 18
3 146 5
3 148 9
3 149 18
3 151 9
3 154 6
3 156 20
3 157 8
3 158 11
3 161 18
3 163 13
3 164 6
3 165 11
3 166 7
3 167 20
3 168 11
3 169 13
3 172 8
3 174 11
3 175 1
3 178 7
3 180 6
3 182 19
3 184 8
3 186 20
3 187 2
3 188 1
3 189 10
3 191 12
3 196 2
3 198 6
4 9 4
4 11 2
4 14 9
4 18 4
4 19 2
4 21 7
4 22 2
4 24 17
4 28 12
4 30 20
4 32 1
4 34 11
4 37 5
4 38 12
4 42 7
4 43 10
4 44 3
4 45 1
4 46 10
4 47 3
4 49 14
4 50 3
4 53 6
4 54 5
4 55 9
4 60 14
4 61 9
4 64 11
4 69 8
4 72 8
4 75 2
4 77 5
4 80 10
4 83 15
4 85 18
4 88 13
4 90 3
4 93 17
4 95 10
4 99 11
4 100 18
4 101 10
4 102 17
4 104 18
4 109 18
4 110 13
4 115 16
4 116 9
4 122 18
4 125 18
4 126 5
4 127 13
4 128 17
4 132 15
4 133 2
4 134 12
4 135 4
4 136 6
4 139 3
4 141 8
4 142 15
4 145 4
4 146 10
4 147 7
4 149 13
4 152 11
4 154 8
4 156 11
4 161 15
4 162 10
4 163 3
4 164 3
4 167 15
4 170 7
4 176 11
4 178 16
4 180 17
4 181 8
4 183 11
4 184 7
4 185 20
4 188 17
4 189 1
4 190 10
4 191 2
4 192 2
4 193 9
5 6 20
5 8 17
5 9 16
5 12 15
5 15 18
5 17 18
5 19 12
5 20 3
5 21 2
5 22 18
5 23 4
5 25 9
5 26 17
5 31 19
5 32 9
5 33 13
5 34 5
5 36 3
5 37 10
5 38 16
5 41 17
5 42 10
5 43 16
5 46 17
5 47 17
5 51 6
5 52 6
5 53 9
5 55 7
5 57 5
5 59 9
5 60 11
5 61 5
5 62 5
5 63 3
5 65 13
5 66 11
5 71 18
5 74 16
5 76 20
5 77 2
5 79 7
5 80 15
5 81 13
5 82 15
5 88 14
5 97 7
5 98 14
5 99 9
5 101 7
5 102 1
5 107 5
5 112 1
5 113 9
5 114 7
5 119 12
5 122 13
5 123 3
5 124 12
5 125 13
5 128 17
5 129 2
5 131 14
5 132 4
5 136 13
5 137 5
5 138 4
5 139 14
5 140 15
5 141 20
5 142 19
5 144 3
5 145 10
5 147 8
5 148 7
5 149 9
5 150 19
5 151 10
5 152 2
5 153 7
5 156 11
5 158 3
5 159 14
5 163 2
5 165 7
5 166 6
5 167 16
5 173 8
5 174 19
5 175 11
5 176 5
5 179 7
5 180 13
5 182 2
5 183 2
5 185 19
5 186 15
5 187 12
5 188 16
5 189 7
5 190 19
5 192 1
5 196 9
6 7 20
6 8 3
6 11 5
6 12 19
6 15 14
6 16 10
6 17 4
6 20 8
6 21 6
6 23 10
6 25 1
6 30 6
6 31 9
6 32 15
6 35 11
6 37 13
6 41 4
6 42 20
6 43 3
6 45 12
6 48 9
6 49 5
6 50 13
6 53 9
6 57 12
6 59 6
6 60 15
6 61 3
6 62 10
6 64 3
6 67 15
6 70 12
6 71 5
6 74 2
6 75 6
6 78 14
6 80 20
6 81 15
6 82 12
6 84 20
6 85 3
6 86 2
6 92 19
6 93 15
6 96 4
6 97 2
6 98 20
6 101 8
6 106 11
6 107 11
6 110 3
6 111 11
6 114 10
6 118 6
6 119 16
6 121 1
6 122 14
6 123 9
6 124 4
6 126 16
6 130 16
6 131 17
6 132 12
6 133 6
6 136 3
6 137 7
6 138 1
6 139 1
6 141 3
6 144 1
6 145 5
6 146 14
6 147 18
6 148 7
6 149 18
6 150 4
6 151 2
6 155 1
6 156 6
6 157 18
6 158 12
6 159 15
6 162 1
6 163 3
6 164 12
6 165 18
6 166 14
6 168 6
6 169 1
6 171 19
6 174 11
6 175 12
6 177 7
6 179 14
6 183 10
6 185 10
6 187 13
6 189 6
6 192 1
6 193 16
6 195 5
6 196 12
6 197 6
6 199 19
7 8 15
7 9 12
7 10 13
7 12 20
7 14 9
7 17 18
7 20 11
7 21 12
7 25 20
7 27 4
7 28 17
7 29 3
7 30 19
7 31 7
7 35 19
7 36 5
7 38 10
7 43 14
7 44 11
7 46 3
7 47 9
7 49 16
7 50 5
7 52 11
7 53 12
7 54 6
7 55 13
7 56 7
7 58 2
7 63 8
7 66 5
7 67 16
7 70 6
7 73 19
7 76 20
7 77 3
7 79 6
7 87 2
7 91 6
7 94 3
7 98 10
7 99 16
7 102 5
7 103 16
7 104 1
7 109 4
7 110 12
7 111 4
7 113 6
7 115 18
7 117 13
7 120 13
7 124 5
7 125 10
7 129 19
7 130 20
7 138 2
7 142 16
7 143 17
7 145 12
7 146 10
7 147 14
7 148 13
7 149 11
7 150 2
7 153 17
7 160 4
7 162 11
7 167 10
7 169 12
7 170 16
7 172 1
7 176 10
7 177 3
7 178 13
7 180 9
7 182 15
7 183 4
7 184 1
7 185 11
7 187 4
7 188 3
7 190 9
7 192 4
7 193 12
7 194 5
7 195 7
7 198 10
8 13 17
8 15 13
8 19 1
8 20 17
8 21 17
8 22 13
8 23 20
8 25 18
8 26 15
8 30 8
8 34 6
8 35 8
8 38 19
8 39 8
8 40 16
8 42 8
8 44 10
8 45 18
8 46 9
8 47 17
8 52 1
8 56 8
8 59 13
8 60 14
8 62 4
8 63 13
8 66 3
8 68 10
8 69 16
8 71 13
8 74 18
8 76 14
8 77 11
8 78 18
8 79 15
8 80 3
8 81 19
8 82 10
8 83 16
8 85 18
8 86 13
8 87 12
8 88 7
8 89 2
8 91 15
8 92 2
8 93 2
8 94 16
8 95 11
8 96 8
8 100 18
8 101 14
8 103 14
8 104 5
8 105 15
8 106 20
8 112 4
8 113 17
8 114 16
8 115 1
8 120 15
8 121 19
8 122 6
8 123 13
8 125 20
8 127 8
8 129 18
8 132 5
8 135 19
8 136 18
8 139 15
8 141 12
8 142 6
8 149 18
8 152 4
8 155 18
8 156 20
8 159 20
8 160 14
8 162 3
8 163 17
8 167 15
8 168 6
8 169 18
8 170 11
8 177 2
8 178 13
8 186 13
8 187 13
8 188 19
8 190 14
8 191 17
8 193 18
8 194 4
8 195 11
8 197 19
8 198 16
8 199 8
9 10 10
9 11 20
9 15 7
9 18 13
9 19 1
9 21 19
9 22 20
9 26 7
9 27 6
9 28 5
9 30 11
9 33 20
9 34 4
9 35 3
9 36 5
9 37 5
9 39 10
9 40 20
9 42 20
9 46 12
9 48 12
9 50 7
9 52 7
9 53 14
9 55 7
9 58 2
9 60 2
9 61 11
9 63 14
9 65 11
9 66 15
9 67 20
9 68 15
9 69 16
9 71 9
9 74 14
9 75 17
9 76 12
9 78 11
9 79 4
9 80 1
9 83 14
9 85 2
9 89 3
9 91 10
9 92 20
9 93 14
9 94 19
9 95 13
9 96 20
9 97 12
9 99 12
9 100 12
9 101 3
9 102 19
9 103 14
9 108 12
9 109 16
9 110 20
9 111 12
9 114 16
9 115 16
9 118 14
9 121 6
9 122 10
9 123 9
9 124 3
9 129 6
9 134 19
9 135 7
9 137 12
9 140 8
9 141 7
9 142 15
9 143 11
9 145 10
9 146 6
9 147 7
9 150 19
9 152 3
9 153 14
9 155 16
9 158 19
9 161 4
9 162 17
9 164 3
9 165 1
9 166 19
9 169 16
9 170 14
9 172 1
9 173 2
9 175 20
9 176 6
9 178 15
9 179 17
9 180 1
9 181 4
9 182 2
9 185 6
9 186 14
9 188 1
9 191 11
9 195 7
9 196 13
9 198 7
9 199 7
10 11 11
10 12 13
10 13 19
10 14 11
10 15 13
10 16 16
10 17 19
10 18 19
10 19 20
10 20 16
10 21 3
10 23 8
10 25 11
10 27 9
10 29 15
10 32 16
10 37 2
10 38 6
10 39 8
10 40 11
10 41 8
10 42 6
10 45 8
10 49 3
10 52 20
10 54 13
10 55 11
10 56 16
10 57 12
10 58 18
10 59 4
10 61 13
10 62 10
10 64 11
10 65 20
10 67 3
10 68 8
10 69 18
10 70 12
10 71 6
10 72 14
10 73 20
10 74 12
10 75 16
10 76 3
10 79 16
10 80 18
10 81 3
10 83 18
10 84 2
10 86 6
10 87 4
10 88 1
10 89 3
10 90 19
10 95 17
10 97 9
10 101 15
10 102 6
10 106 19
10 107 13
10 110 19
10 111 20
10 112 5
10 113 20
10 115 15
10 116 11
10 117 2
10 118 1
10 121 11
10 123 15
10 127 3
10 129 5
10 130 1
10 131 17
10 132 10
10 136 2
10 140 12
10 142 9
10 148 8
10 150 15
10 153 16
10 154 1
10 155 11
10 158 14
10 162 20
10 164 5
10 165 16
10 166 6
10 167 3
10 169 10
10 174 4
10 175 5
10 176 13
10 178 19
10 180 13
10 181 4
10 182 3
10 185 1
10 188 11
10 191 1
10 193 8
10 194 4
10 195 1
10 196 2
10 198 17
10 199 8
11 12 2
11 17 8
11 19 7
11 20 8
11 21 13
11 22 8
11 26 5
11 27 9
11 29 13
11 30 5
11 33 19
11 35 5
11 36 15
11 37 3
11 38 19
11 39 14
11 40 16
11 43 2
11 44 19
11 45 16
11 46 18
11 49 15
11 51 15
11 52 19
11 54 11
11 55 15
11 56 16
11 58 4
11 59 17
11 62 16
11 63 13
11 64 14
11 65 7
11 66 2
11 69 15
11 71 18
11 73 13
11 74 7
11 76 15
11 78 11
11 83 4
11 84 3
11 86 2
11 87 6
11 88 6
11 93 16
11 96 5
11 98 4
11 101 17
11 102 3
11 103 19
11 105 12
11 106 18
11 107 7
11 109 19
11 111 2
11 112 6
11 114 19
11 118 4
11 120 12
11 122 1
11 126 12
11 127 6
11 131 8
11 134 8
11 136 6
11 138 13
11 140 12
11 141 4
11 143 9
11 146 11
11 150 11
11 151 5
11 153 18
11 154 12
11 156 13
11 159 11
11 161 6
11 167 14
11 170 4
11 173 18
11 174 2
11 176 20
11 179 1
11 182 17
11 183 13
11 184 10
11 186 18
11 188 1
11 189 15
11 190 4
11 191 8
11 192 1
11 193 4
11 194 18
11 195 19
11 197 16
11 198 1
11 199 14
12 13 5
12 15 6
12 18 8
12 19 20
12 22 19
12 26 18
12 27 5
12 28 9
12 30 19
12 31 3
12 32 7
12 35 11
12 37 7
12 38 8
12 40 2
12 43 16
12 44 3
12 45 1
12 46 18
12 47 6
12 49 11
12 50 16
12 52 16
12 53 15
12 54 9
12 58 4
12 60 14
12 63 4
12 64 17
12 65 8
12 66 15
12 67 10
12 68 16
12 70 16
12 72 8
12 73 17
12 76 6
12 77 19
12 82 19
12 88 5
12 91 20
12 93 13
12 94 18
12 98 7
12 99 14
12 101 1
12 103 19
12 104 8
12 106 13
12 108 5
12 110 4
12 113 1
12 114 9
12 115 3
12 117 20
12 118 6
12 119 13
12 120 19
12 126 2
12 127 19
12 128 13
12 131 13
12 132 19
12 134 14
12 135 4
12 136 11
12 140 14
12 141 11
12 142 8
12 143 1
12 145 2
12 146 1
12 147 12
12 149 5
12 152 16
12 154 12
12 155 15
12 159 13
12 162 6
12 163 13
12 164 17
12 167 13
12 173 20
12 174 8
12 175 17
12 177 1
12 179 20
12 180 17
12 182 9
12 183 11
12 186 16
12 188 2
12 189 12
12 194 15
12 195 3
12 197 4
13 14 7
13 16 2
13 19 9
13 20 7
13 21 4
13 29 3
13 30 2
13 31 13
13 32 1
13 36 7
13 37 11
13 41 12
13 43 18
13 44 20
13 48 9
13 51 15
13 55 14
13 58 10
13 59 4
13 62 10
13 63 20
13 65 14
13 66 13
13 69 20
13 70 19
13 71 11
13 74 11
13 77 12
13 78 6
13 79 8
13 80 10
13 81 20
13 82 8
13 83 20
13 86 3
13 88 15
13 90 17
13 91 14
13 92 17
13 93 3
13 94 13
13 96 3
13 98 4
13 100 14
13 101 20
13 104 4
13 106 2
13 110 5
13 111 14
13 112 13
13 114 13
13 115 2
13 116 13
13 117 13
13 122 6
13 123 9
13 126 5
13 131 5
13 132 16
13 133 17
13 139 8
13 140 14
13 145 14
13 147 8
13 150 11
13 152 8
13 155 5
13 157 14
13 163 7
13 170 2
13 171 16
13 173 19
13 174 2
13 178 11
13 180 16
13 182 9
13 184 15
13 185 12
13 188 13
13 192 15
13 195 4
13 196 13
13 198 7
14 18 1
14 19 19
14 20 5
14 21 18
14 22 18
14 23 5
14 26 15
14 27 5
14 28 7
14 29 8
14 30 10
14 31 3
14 36 8
14 37 19
14 38 13
14 39 14
14 40 14
14 41 7
14 43 7
14 47 16
14 48 17
14 50 7
14 51 10
14 53 8
14 56 4
14 57 18
14 62 18
14 63 14
14 67 14
14 68 12
14 72 12
14 74 6
14 79 17
14 83 8
14 84 6
14 88 6
14 91 5
14 92 17
14 93 18
14 94 4
14 95 13
14 101 2
14 102 14
14 103 3
14 107 11
14 108 19
14 109 17
14 110 2
14 111 17
14 112 9
14 113 14
14 114 4
14 115 19
14 116 15
14 117 10
14 118 8
14 125 13
14 126 2
14 128 15
14 129 16
14 133 16
14 134 6
14 135 3
14 136 17
14 138 8
14 143 16
14 144 18
14 147 8
14 148 15
14 153 18
14 155 7
14 156 15
14 158 4
14 161 7
14 162 5
14 164 8
14 165 4
14 166 11
14 171 11
14 172 2
14 176 14
14 181 7
14 182 11
14 183 19
14 184 16
14 185 16
14 186 10
14 187 18
14 191 7
14 193 20
14 198 15
14 199 12
15 20 19
15 22 19
15 25 20
15 27 14
15 28 4
15 32 4
15 33 20
15 36 2
15 38 18
15 39 1
15 40 12
15 42 14
15 43 7
15 44 8
15 48 20
15 53 4
15 57 2
15 59 9
15 60 4
15 61 8
15 63 16
15 64 2
15 67 13
15 68 9
15 69 12
15 70 1
15 71 2
15 72 5
15 73 5
15 74 2
15 75 3
15 76 3
15 77 7
15 78 8
15 80 18
15 82 7
15 83 4
15 84 2
15 85 10
15 86 10
15 87 12
15 90 17
15 91 12
15 92 19
15 95 5
15 96 19
15 97 11
15 98 17
15 99 2
15 103 7
15 105 17
15 106 14
15 107 19
15 108 17
15 110 17
15 111 9
15 113 10
15 114 1
15 115 10
15 117 8
15 118 20
15 119 1
15 121 8
15 125 18
15 128 15
15 129 5
15 134 14
15 138 7
15 139 7
15 141 10
15 142 4
15 144 6
15 145 1
15 148 6
15 151 14
15 152 12
15 154 14
15 155 12
15 158 15
15 162 2
15 164 11
15 166 16
15 168 6
15 173 4
15 174 18
15 176 9
15 177 5
15 178 7
15 179 17
15 180 6
15 185 4
15 188 11
15 190 6
15 193 12
15 194 5
15 198 10
15 199 5
16 18 19
16 20 3
16 21 9
16 22 8
16 23 8
16 26 5
16 28 16
16 32 15
16 34 9
16 35 9
16 36 6
16 38 5
16 41 20
16 43 13
16 47 20
16 48 18
16 50 6
16 51 1
16 55 17
16 56 2
16 58 17
16 60 1
16 63 16
16 64 15
16 66 20
16 67 6
16 69 14
16 70 3
16 71 6
16 73 18
16 76 17
16 77 18
16 79 9
16 80 16
16 82 9
16 83 1
16 84 12
16 89 4
16 91 20
16 97 13
16 98 3
16 99 6
16 100 2
16 101 3
16 102 19
16 103 5
16 109 6
16 110 15
16 112 17
16 113 16
16 114 14
16 115 20
16 117 2
16 118 2
16 124 3
16 125 12
16 126 19
16 127 4
16 130 4
16 131 4
16 133 4
16 134 16
16 136 11
16 137 9
16 138 15
16 140 9
16 141 2
16 143 11
16 144 2
16 145 17
16 147 8
16 149 16
16 150 20
16 151 14
16 153 10
16 154 18
16 155 4
16 156 16
16 158 7
16 159 18
16 162 15
16 164 3
16 166 20
16 170 6
16 172 2
16 173 16
16 176 1
16 178 10
16 179 15
16 180 7
16 181 3
16 182 13
16 183 17
16 184 7
16 186 17
16 191 2
16 192 7
16 195 4
16 198 1
16 199 17
17 24 10
17 25 2
17 26 5
17 27 10
17 29 16
17 31 11
17 32 14
17 34 10
17 35 5
17 36 9
17 38 18
17 39 16
17 40 17
17 42 15
17 48 10
17 53 17
17 55 12
17 56 3
17 58 9
17 63 4
17 64 3
17 67 7
17 68 6
17 69 18
17 70 16
17 76 18
17 78 6
17 79 5
17 84 19
17 85 7
17 90 20
17 94 13
17 97 2
17 99 17
17 100 7
17 101 18
17 103 7
17 104 5
17 105 20
17 106 17
17 107 19
17 108 12
17 114 10
17 115 15
17 116 9
17 117 15
17 118 17
17 119 18
17 120 4
17 123 7
17 124 7
17 125 15
17 127 12
17 128 20
17 129 12
17 131 7
17 134 1
17 135 4
17 138 13
17 141 15
17 146 4
17 147 15
17 154 16
17 158 3
17 161 6
17 163 7
17 165 17
17 170 9
17 171 17
17 172 6
17 174 20
17 176 11
17 181 14
17 190 10
17 192 17
17 198 16
17 199 11
18 20 13
18 21 18
18 22 10
18 23 13
18 24 8
18 33 15
18 34 4
18 35 15
18 36 8
18 37 12
18 38 4
18 41 20
18 46 9
18 47 14
18 48 7
18 49 6
18 51 15
18 57 12
18 59 13
18 64 19
18 65 6
18 66 8
18 68 11
18 69 19
18 72 10
18 75 7
18 77 11
18 78 7
18 79 12
18 81 14
18 84 19
18 87 14
18 88 17
18 89 15
18 90 15
18 91 20
18 92 20
18 94 11
18 97 14
18 102 19
18 103 18
18 104 5
18 106 4
18 107 9
18 110 10
18 112 19
18 113 3
18 114 5
18 115 9
18 120 12
18 123 15
18 124 8
18 125 13
18 127 7
18 128 13
18 129 12
18 131 11
18 132 17
18 133 15
18 135 13
18 136 16
18 137 20
18 138 3
18 140 3
18 141 2
18 142 16
18 143 18
18 145 2
18 146 20
18 154 15
18 156 7
18 157 9
18 162 15
18 166 2
18 167 4
18 169 14
18 175 12
18 178 10
18 179 16
18 185 20
18 187 7
18 188 18
18 189 15
18 191 20
18 192 2
18 193 13
18 194 6
18 195 15
18 197 8
18 199 2
19 20 20
19 26 5
19 30 2
19 31 14
19 33 3
19 34 11
19 40 6
19 43 10
19 48 2
19 51 11
19 52 8
19 54 15
19 55 6
19 58 19
19 59 18
19 60 5
19 61 7
19 63 20
19 66 20
19 69 11
19 71 11
19 74 1
19 79 17
19 81 9
19 82 14
19 83 9
19 85 20
19 87 17
19 88 19
19 89 14
19 91 5
19 94 2
19 95 2
19 97 6
19 98 18
19 100 17
19 104 15
19 106 8
19 107 6
19 108 16
19 109 11
19 111 20
19 112 13
19 114 3
19 116 9
19 117 6
19 118 2
19 119 10
19 124 19
19 125 14
19 126 6
19 127 2
19 128 13
19 129 9
19 130 16
19 131 7
19 132 2
19 134 2
19 136 10
19 137 12
19 142 4
19 143 17
19 144 4
19 146 13
19 149 5
19 150 2
19 151 13
19 154 18
19 155 8
19 157 6
19 162 2
19 163 4
19 166 2
19 167 14
19 170 15
19 175 6
19 182 16
19 184 10
19 185 15
19 186 12
19 188 15
19 190 14
19 192 8
19 193 15
19 194 5
19 195 5
19 197 10
19 198 20
19 199 1
20 21 2
20 23 18
20 24 3
20 25 8
20 28 12
20 31 11
20 32 4
20 33 8
20 35 20
20 36 17
20 38 2
20 43 7
20 44 15
20 45 10
20 47 5
20 50 10
20 51 14
20 55 11
20 56 5
20 57 17
20 59 15
20 61 4
20 62 19
20 65 7
20 66 14
20 67 6
20 70 19
20 71 10
20 72 7
20 75 7
20 79 12
20 81 1
20 82 9
20 86 19
20 89 4
20 90 11
20 91 19
20 93 11
20 95 13
20 96 17
20 97 11
20 99 19
20 102 16
20 104 7
20 105 16
20 106 19
20 107 5
20 109 9
20 110 1
20 112 19
20 113 19
20 115 14
20 117 1
20 118 3
20 119 12
20 120 2
20 121 9
20 122 13
20 126 6
20 127 13
20 128 11
20 132 5
20 133 18
20 134 16
20 137 9
20 138 4
20 140 15
20 141 6
20 142 3
20 148 9
20 149 13
20 152 10
20 153 18
20 154 13
20 157 7
20 160 2
20 161 6
20 167 3
20 171 5
20 172 4
20 174 12
20 175 6
20 176 17
20 178 13
20 179 12
20 180 13
20 181 6
20 184 12
20 187 17
20 188 15
20 189 19
20 192 11
20 194 7
20 195 8
20 198 11
20 199 10
21 22 1
21 23 11
21 25 10
21 26 4
21 27 3
21 28 9
21 29 20
21 32 7
21 37 17
21 40 3
21 41 3
21 46 16
21 48 3
21 51 19
21 53 1
21 57 19
21 59 10
21 60 3
21 62 19
21 63 20
21 64 4
21 65 20
21 66 16
21 67 15
21 68 7
21 72 11
21 75 3
21 76 17
21 77 7
21 81 1
21 82 19
21 83 9
21 86 10
21 93 4
21 95 3
21 96 10
21 97 13
21 98 7
21 103 16
21 105 13
21 106 3
21 107 4
21 108 15
21 109 1
21 110 10
21 111 18
21 112 7
21 113 20
21 114 11
21 115 6
21 116 6
21 118 18
21 120 8
21 123 4
21 127 8
21 132 2
21 133 14
21 135 11
21 138 16
21 143 10
21 145 8
21 147 2
21 149 1
21 150 14
21 152 12
21 154 20
21 155 7
21 156 3
21 157 2
21 159 6
21 163 18
21 166 20
21 168 3
21 170 1
21 171 5
21 172 11
21 174 16
21 175 19
21 178 9
21 183 12
21 185 6
21 186 4
21 188 16
21 189 4
21 192 2
21 194 7
21 195 6
21 196 13
21 197 1
22 24 13
22 25 10
22 27 13
22 30 13
22 31 20
22 32 19
22 34 1
22 35 19
22 36 16
22 39 12
22 41 9
22 45 7
22 46 2
22 47 5
22 48 17
22 52 3
22 53 18
22 57 6
22 58 7
22 59 2
22 60 7
22 61 9
22 63 16
22 66 8
22 67 17
22 69 3
22 71 19
22 72 14
22 73 7
22 74 17
22 79 14
22 80 16
22 82 13
22 84 19
22 89 19
22 90 9
22 91 14
22 92 6
22 93 10
22 95 3
22 99 3
22 100 2
22 103 9
22 106 6
22 107 15
22 108 4
22 111 18
22 113 5
22 114 20
22 115 10
22 116 8
22 124 20
22 126 18
22 129 11
22 132 15
22 136 5
22 137 14
22 139 5
22 140 16
22 142 14
22 143 15
22 146 20
22 147 17
22 153 9
22 154 14
22 155 3
22 157 18
22 159 10
22 160 15
22 162 16
22 164 1
22 165 18
22 166 12
22 167 5
22 171 12
22 172 2
22 173 1
22 175 10
22 178 6
22 180 12
22 185 13
22 188 5
22 189 15
22 190 5
22 192 6
22 196 20
22 198 16
22 199 1
23 24 3
23 25 18
23 27 10
23 29 14
23 30 7
23 32 6
23 35 1
23 36 15
23 39 9
23 41 2
23 44 4
23 46 17
23 47 1
23 50 16
23 51 12
23 52 3
23 54 2
23 57 8
23 59 13
23 61 13
23 62 8
23 63 1
23 65 1
23 67 11
23 73 12
23 74 3
23 75 6
23 79 5
23 80 15
23 82 4
23 84 20
23 87 8
23 89 18
23 90 16
23 93 19
23 94 20
23 95 12
23 96 13
23 97 18
23 103 13
23 104 11
23 106 6
23 108 11
23 110 12
23 111 12
23 112 15
23 118 19
23 119 8
23 120 10
23 122 9
23 123 16
23 124 13
23 125 8
23 126 5
23 129 7
23 131 12
23 133 15
23 137 4
23 139 4
23 140 7
23 141 11
23 145 16
23 146 12
23 147 1
23 148 3
23 155 9
23 159 15
23 160 1
23 161 15
23 162 12
23 163 5
23 165 16
23 166 15
23 168 13
23 169 7
23 170 15
23 171 9
23 174 12
23 177 14
23 179 4
23 182 17
23 183 13
23 185 13
23 187 7
23 192 14
23 193 17
23 196 2
23 197 16
23 199 20
24 26 13
24 28 19
24 29 8
24 37 19
24 39 4
24 40 9
24 41 18
24 43 17
24 48 14
24 55 14
24 60 2
24 61 11
24 62 14
24 64 17
24 65 20
24 67 5
24 68 15
24 69 5
24 70 2
24 72 4
24 73 10
24 74 11
24 75 6
24 76 2
24 79 7
24 82 14
24 84 15
24 85 16
24 87 5
24 90 12
24 93 14
24 98 14
24 100 19
24 103 18
24 104 18
24 105 20
24 106 7
24 107 17
24 109 18
24 110 3
24 111 11
24 115 16
24 116 2
24 118 5
24 119 15
24 124 4
24 125 17
24 129 9
24 130 12
24 132 18
24 137 6
24 138 8
24 139 8
24 141 11
24 142 3
24 143 5
24 145 11
24 153 16
24 155 20
24 158 8
24 163 8
24 164 15
24 165 18
24 167 6
24 168 20
24 170 7
24 171 8
24 173 15
24 175 6
24 176 9
24 182 8
24 184 7
24 185 20
24 187 10
24 189 8
24 190 10
24 192 4
24 193 4
24 198 13
24 199 16
25 26 2
25 32 19
25 35 10
25 36 17
25 38 19
25 44 1
25 46 6
25 50 3
25 51 3
25 52 13
25 53 19
25 55 15
25 56 8
25 57 11
25 60 17
25 62 13
25 65 1
25 66 12
25 72 9
25 73 16
25 76 13
25 78 2
25 82 20
25 83 5
25 84 17
25 85 1
25 86 3
25 88 7
25 91 5
25 95 1
25 96 11
25 101 4
25 102 3
25 103 19
25 104 17
25 107 17
25 109 4
25 110 17
25 111 11
25 112 19
25 113 9
25 114 2
25 117 14
25 118 20
25 121 15
25 123 5
25 127 20
25 130 14
25 131 7
25 132 15
25 133 1
25 137 14
25 139 5
25 141 2
25 143 15
25 144 17
25 148 5
25 149 14
25 152 15
25 153 17
25 154 7
25 156 20
25 157 12
25 160 10
25 161 3
25 162 3
25 163 16
25 170 19
25 171 5
25 172 18
25 176 17
25 179 12
25 180 4
25 181 20
25 182 16
25 183 1
25 184 17
25 185 5
25 186 6
25 188 20
25 189 17
25 192 15
25 194 17
25 195 11
25 196 2
25 197 16
25 198 8
25 199 14
26 29 8
26 30 14
26 31 9
26 33 2
26 34 19
26 35 18
26 36 5
26 42 9
26 43 13
26 44 7
26 47 1
26 48 1
26 50 19
26 51 12
26 52 14
26 53 16
26 54 1
26 56 5
26 57 7
26 63 12
26 68 20
26 69 19
26 78 12
26 79 15
26 82 7
26 84 2
26 87 17
26 88 16
26 89 5
26 92 10
26 93 20
26 95 11
26 97 11
26 98 18
26 100 9
26 102 10
26 103 14
26 105 16
26 110 12
26 113 16
26 114 15
26 115 1
26 116 11
26 118 3
26 119 3
26 120 6
26 125 12
26 126 13
26 127 12
26 130 18
26 133 4
26 135 5
26 136 17
26 137 2
26 139 4
26 140 13
26 142 15
26 143 4
26 144 16
26 145 7
26 147 11
26 148 3
26 149 3
26 154 12
26 155 12
26 157 5
26 158 10
26 159 12
26 161 3
26 163 7
26 165 8
26 166 20
26 167 10
26 168 3
26 169 10
26 171 12
26 174 8
26 175 17
26 176 3
26 177 11
26 179 7
26 180 8
26 182 5
26 183 3
26 185 20
26 186 18
26 187 4
26 190 15
26 191 14
26 192 15
26 194 4
26 197 5
26 199 16
27 28 9
27 29 19
27 31 4
27 32 3
27 33 13
27 34 3
27 36 11
27 37 3
27 41 19
27 42 4
27 43 12
27 46 3
27 47 17
27 48 7
27 52 13
27 54 19
27 55 10
27 57 11
27 60 4
27 62 10
27 64 1
27 67 17
27 71 12
27 72 11
27 73 11
27 74 18
27 75 2
27 77 4
27 86 16
27 88 7
27 91 4
27 92 10
27 93 12
27 96 16
27 97 4
27 100 17
27 101 13
27 102 10
27 104 3
27 106 7
27 111 5
27 112 5
27 115 15
27 117 19
27 119 1
27 120 7
27 122 6
27 123 16
27 125 14
27 129 8
27 130 1
27 131 20
27 132 4
27 133 18
27 134 8
27 135 6
27 136 14
27 137 2
27 138 2
27 139 4
27 144 19
27 148 20
27 150 8
27 152 5
27 153 2
27 154 14
27 156 9
27 157 15
27 159 11
27 160 8
27 164 14
27 167 18
27 168 12
27 169 14
27 173 14
27 174 4
27 175 3
27 179 4
27 182 6
27 185 7
27 187 3
27 190 9
27 191 5
27 198 12
27 199 1
28 29 10
28 31 14
28 36 11
28 40 15
28 45 7
28 46 6
28 47 6
28 48 7
28 49 9
28 57 8
28 58 14
28 59 4
28 61 13
28 63 5
28 65 4
28 66 9
28 70 3
28 71 14
28 75 1
28 76 2
28 77 18
28 78 10
28 81 17
28 84 3
28 85 6
28 87 7
28 88 7
28 91 13
28 92 3
28 94 1
28 97 4
28 98 8
28 101 13
28 106 4
28 108 17
28 110 18
28 112 9
28 114 1
28 119 17
28 121 20
28 123 14
28 125 18
28 128 14
28 129 20
28 130 11
28 132 17
28 135 19
28 142 13
28 148 9
28 149 3
28 150 5
28 151 16
28 153 17
28 154 5
28 155 12
28 156 5
28 159 9
28 163 12
28 164 7
28 165 7
28 166 8
28 169 13
28 171 20
28 174 9
28 175 13
28 179 19
28 180 7
28 182 10
28 184 1
28 185 1
28 187 10
28 190 1
28 191 3
28 192 11
28 194 12
28 196 1
28 197 10
28 198 17
29 31 6
29 32 5
29 34 13
29 35 17
29 36 20
29 37 14
29 38 9
29 39 8
29 41 13
29 45 15
29 47 15
29 49 4
29 50 20
29 51 15
29 52 5
29 53 8
29 54 14
29 58 6
29 62 20
29 63 15
29 66 13
29 67 4
29 69 18
29 72 2
29 75 2
29 77 18
29 78 9
29 79 7
29 81 7
29 82 18
29 83 6
29 84 16
29 85 2
29 86 4
29 87 20
29 92 5
29 96 14
29 97 13
29 99 3
29 101 13
29 104 5
29 105 19
29 107 4
29 109 19
29 111 16
29 113 10
29 114 12
29 115 5
29 117 6
29 119 16
29 121 20
29 125 12
29 129 18
29 130 11
29 134 1
29 136 4
29 137 2
29 138 12
29 139 13
29 140 15
29 148 4
29 150 9
29 151 1
29 155 14
29 157 3
29 158 15
29 162 5
29 163 11
29 164 8
29 169 4
29 172 14
29 173 17
29 174 14
29 175 16
29 176 14
29 178 7
29 179 8
29 180 9
29 181 2
29 182 4
29 185 3
29 186 3
29 189 4
29 190 8
29 191 12
29 192 5
29 193 3
29 198 16
29 199 9
30 35 10
30 39 2
30 41 1
30 43 6
30 46 9
30 47 19
30 49 11
30 51 5
30 53 12
30 54 11
30 55 6
30 58 4
30 59 9
30 63 13
30 64 2
30 69 16
30 70 1
30 71 11
30 72 17
30 73 1
30 75 8
30 77 3
30 79 20
30 82 3
30 86 3
30 87 14
30 90 6
30 94 15
30 97 3
30 98 7
30 104 15
30 106 14
30 107 1
30 108 20
30 109 10
30 110 6
30 111 16
30 116 16
30 119 18
30 120 11
30 122 19
30 124 19
30 130 15
30 132 18
30 133 2
30 134 10
30 135 16
30 136 4
30 137 14
30 138 14
30 140 11
30 141 5
30 144 14
30 151 13
30 153 16
30 154 11
30 156 10
30 160 9
30 162 10
30 164 11
30 169 13
30 171 15
30 174 6
30 175 9
30 177 5
30 178 16
30 179 6
30 180 9
30 181 18
30 182 20
30 184 20
30 185 10
30 187 16
30 189 5
30 190 5
30 191 15
30 193 20
30 196 3
30 198 6
30 199 7
31 32 7
31 33 16
31 36 19
31 39 9
31 43 4
31 46 12
31 48 19
31 49 1
31 50 20
31 51 8
31 54 8
31 56 14
31 58 11
31 59 13
31 60 10
31 63 11
31 64 9
31 65 5
31 66 16
31 68 17
31 69 8
31 71 4
31 73 9
31 74 14
31 75 10
31 77 15
31 78 15
31 79 9
31 80 7
31 82 2
31 87 16
31 95 18
31 96 14
31 97 10
31 98 6
31 99 20
31 104 1
31 108 18
31 110 19
31 111 7
31 112 18
31 113 16
31 115 19
31 117 1
31 122 17
31 123 1
31 125 12
31 126 14
31 128 17
31 129 20
31 130 11
31 131 7
31 132 11
31 133 17
31 134 12
31 135 16
31 137 9
31 143 20
31 144 19
31 145 2
31 146 2
31 147 14
31 149 13
31 150 16
31 152 3
31 153 19
31 156 15
31 159 1
31 160 7
31 162 9
31 163 6
31 164 11
31 169 20
31 171 2
31 174 4
31 177 10
31 182 2
31 185 16
31 186 5
31 188 11
31 191 12
31 192 12
31 193 4
31 197 17
32 33 10
32 34 20
32 36 8
32 37 12
32 43 16
32 44 11
32 46 5
32 50 13
32 52 9
32 53 1
32 55 15
32 56 18
32 58 6
32 61 15
32 62 16
32 64 6
32 65 16
32 66 18
32 68 11
32 69 7
32 72 1
32 74 3
32 75 10
32 76 20
32 81 19
32 84 14
32 85 11
32 87 3
32 88 19
32 90 5
32 91 5
32 92 4
32 95 18
32 96 12
32 98 3
32 100 12
32 106 9
32 109 13
32 110 14
32 113 3
32 116 2
32 118 6
32 119 14
32 124 16
32 125 19
32 128 4
32 134 2
32 136 18
32 139 3
32 141 6
32 144 5
32 145 19
32 146 11
32 147 12
32 148 7
32 149 4
32 150 7
32 152 18
32 159 18
32 160 4
32 161 20
32 164 10
32 165 20
32 167 3
32 168 17
32 170 9
32 171 7
32 173 3
32 174 8
32 175 1
32 176 10
32 177 3
32 180 14
32 182 4
32 183 8
32 184 19
32 186 2
32 189 11
32 191 18
32 196 19
32 197 16
33 34 16
33 35 12
33 37 14
33 39 5
33 43 9
33 46 9
33 47 12
33 48 3
33 51 3
33 53 14
33 54 1
33 57 7
33 61 9
33 62 20
33 63 3
33 64 14
33 66 15
33 67 1
33 68 10
33 69 10
33 70 6
33 76 4
33 79 19
33 80 9
33 82 9
33 83 13
33 86 9
33 88 18
33 95 20
33 96 18
33 97 18
33 99 7
33 101 12
33 102 18
33 105 4
33 107 18
33 108 9
33 110 9
33 111 15
33 113 19
33 123 18
33 124 18
33 125 17
33 126 8
33 128 6
33 129 12
33 130 13
33 132 7
33 134 13
33 135 15
33 136 3
33 139 13
33 144 11
33 145 1
33 150 1
33 153 18
33 156 6
33 157 13
33 160 7
33 165 16
33 167 12
33 171 2
33 172 1
33 173 20
33 175 18
33 177 18
33 180 15
33 182 17
33 184 16
33 186 16
33 188 16
33 190 11
33 193 7
33 194 15
33 196 4
33 197 6
33 198 6
33 199 10
34 35 18
34 38 4
34 39 17
34 41 1
34 44 4
34 45 20
34 46 16
34 47 6
34 48 3
34 49 4
34 52 14
34 58 17
34 59 12
34 60 19
34 62 11
34 65 3
34 66 8
34 67 15
34 69 16
34 70 20
34 76 15
34 78 12
34 79 14
34 80 12
34 83 17
34 85 16
34 88 15
34 90 11
34 91 9
34 93 13
34 96 6
34 99 16
34 101 11
34 105 1
34 106 13
34 107 20
34 109 2
34 111 5
34 112 19
34 113 9
34 114 1
34 117 14
34 119 14
34 121 6
34 122 2
34 126 20
34 127 20
34 131 2
34 132 15
34 133 14
34 134 1
34 136 20
34 138 13
34 145 3
34 147 5
34 148 4
34 151 5
34 153 2
34 155 16
34 156 13
34 157 5
34 162 7
34 163 6
34 165 2
34 166 15
34 168 5
34 169 12
34 170 17
34 172 7
34 173 19
34 174 14
34 176 18
34 177 6
34 178 8
34 182 18
34 183 3
34 184 19
34 185 18
34 187 16
34 190 10
34 192 4
34 193 17
34 197 7
34 198 11
35 36 10
35 39 12
35 42 7
35 43 9
35 44 1
35 50 6
35 54 9
35 59 4
35 60 6
35 61 17
35 64 15
35 66 5
35 68 5
35 69 16
35 71 17
35 72 13
35 73 18
35 74 5
35 82 12
35 86 17
35 87 10
35 88 11
35 89 18
35 90 14
35 92 1
35 94 17
35 95 9
35 96 1
35 97 14
35 98 10
35 102 8
35 104 18
35 107 9
35 108 3
35 110 18
35 111 3
35 118 6
35 119 5
35 121 18
35 122 1
35 124 16
35 126 14
35 127 5
35 132 17
35 133 11
35 135 14
35 136 3
35 140 1
35 143 5
35 145 15
35 146 15
35 147 15
35 151 15
35 153 1
35 155 14
35 158 12
35 159 7
35 160 16
35 164 17
35 166 1
35 168 12
35 171 1
35 174 18
35 178 10
35 181 20
35 185 18
35 186 8
35 187 7
35 191 6
35 192 7
35 194 5
35 196 19
35 197 16
36 40 8
36 45 19
36 46 9
36 47 14
36 49 13
36 52 10
36 53 11
36 55 15
36 56 18
36 57 9
36 58 2
36 61 20
36 62 5
36 63 3
36 65 19
36 66 8
36 67 19
36 69 7
36 72 19
36 73 2
36 74 11
36 75 4
36 76 2
36 82 5
36 86 20
36 87 18
36 88 9
36 89 12
36 90 14
36 91 8
36 93 14
36 95 8
36 96 15
36 97 10
36 98 19
36 100 11
36 101 1
36 104 5
36 105 15
36 110 19
36 111 17
36 114 15
36 115 16
36 119 18
36 121 11
36 122 2
36 126 13
36 127 5
36 129 7
36 131 8
36 132 15
36 133 11
36 136 4
36 139 6
36 142 13
36 143 2
36 144 14
36 145 1
36 147 17
36 148 12
36 153 10
36 154 2
36 155 7
36 156 9
36 159 6
36 160 11
36 161 17
36 163 5
36 165 7
36 166 11
36 167 6
36 169 19
36 170 6
36 172 4
36 174 5
36 175 19
36 176 1
36 179 4
36 182 12
36 183 5
36 186 1
36 188 16
36 190 15
36 193 19
36 195 7
36 196 14
36 197 16
36 198 4
37 38 7
37 42 18
37 43 7
37 47 7
37 48 10
37 49 2
37 52 5
37 54 13
37 55 10
37 57 2
37 58 14
37 59 10
37 62 11
37 63 5
37 64 7
37 65 12
37 67 11
37 69 2
37 71 14
37 72 17
37 73 3
37 76 17
37 80 18
37 81 6
37 82 16
37 86 3
37 89 12
37 92 10
37 93 9
37 94 10
37 97 1
37 100 20
37 103 1
37 104 8
37 107 2
37 109 4
37 110 12
37 111 10
37 114 11
37 117 13
37 122 10
37 123 10
37 124 2
37 125 15
37 127 16
37 129 7
37 132 20
37 133 1
37 135 2
37 138 17
37 139 13
37 140 2
37 141 12
37 143 10
37 151 7
37 152 3
37 153 6
37 155 8
37 156 6
37 157 8
37 159 7
37 161 11
37 163 15
37 164 9
37 166 4
37 167 6
37 169 11
37 170 10
37 171 14
37 172 17
37 173 16
37 179 9
37 181 19
37 182 13
37 184 12
37 185 5
37 186 8
37 188 10
37 189 9
37 191 11
37 193 5
37 194 15
37 197 19
37 198 16
37 199 20
38 42 13
38 43 13
38 44 6
38 49 7
38 51 5
38 53 17
38 55 13
38 56 6
38 57 14
38 58 14
38 61 9
38 62 14
38 63 1
38 67 19
38 68 3
38 72 13
38 75 16
38 76 6
38 78 7
38 79 18
38 80 19
38 81 10
38 82 11
38 85 6
38 87 5
38 88 16
38 91 5
38 92 7
38 95 7
38 98 3
38 102 19
38 103 12
38 108 7
38 109 13
38 111 18
38 112 19
38 113 9
38 115 18
38 118 2
38 119 8
38 120 10
38 121 17
38 122 3
38 124 6
38 125 13
38 127 5
38 128 7
38 131 20
38 132 15
38 133 3
38 134 15
38 135 16
38 136 20
38 144 16
38 148 7
38 149 17
38 150 5
38 151 7
38 152 5
38 154 16
38 155 16
38 156 13
38 157 8
38 161 6
38 169 11
38 170 9
38 175 2
38 177 8
38 178 1
38 179 8
38 181 18
38 182 11
38 183 12
38 185 8
38 186 1
38 192 11
38 194 14
38 195 13
38 198 8
39 43 13
39 44 10
39 45 16
39 46 19
39 49 12
39 52 9
39 54 11
39 57 3
39 62 15
39 64 14
39 66 1
39 67 14
39 69 1
39 70 19
39 73 10
39 78 18
39 82 13
39 83 5
39 86 18
39 87 19
39 89 14
39 91 18
39 94 5
39 96 19
39 99 6
39 100 2
39 101 20
39 102 4
39 103 9
39 105 7
39 106 10
39 109 1
39 110 17
39 111 2
39 112 7
39 113 16
39 114 18
39 115 14
39 116 15
39 117 19
39 119 7
39 120 5
39 121 13
39 122 11
39 123 18
39 124 10
39 125 2
39 126 18
39 127 8
39 128 7
39 129 10
39 133 19
39 136 1
39 137 18
39 138 15
39 141 4
39 146 9
39 148 6
39 150 3
39 151 12
39 157 5
39 158 12
39 159 2
39 161 13
39 162 15
39 168 1
39 169 7
39 171 13
39 172 17
39 173 10
39 175 20
39 176 19
39 178 14
39 179 5
39 183 7
39 184 4
39 186 14
39 187 5
39 188 9
39 190 7
39 191 18
39 192 13
39 193 9
39 194 15
39 195 7
39 196 11
39 197 14
39 198 5
39 199 16
40 42 10
40 46 5
40 47 5
40 49 4
40 50 18
40 52 3
40 54 7
40 55 2
40 56 12
40 57 6
40 60 8
40 61 13
40 62 10
40 65 7
40 69 6
40 72 3
40 75 18
40 77 13
40 82 17
40 85 6
40 86 9
40 87 15
40 90 16
40 91 7
40 92 11
40 93 20
40 95 18
40 97 13
40 98 10
40 100 14
40 101 9
40 104 5
40 105 4
40 111 14
40 113 2
40 115 7
40 119 7
40 122 20
40 126 4
40 127 9
40 133 14
40 135 3
40 136 4
40 137 13
40 138 15
40 139 1
40 140 20
40 141 17
40 142 18
40 146 12
40 147 12
40 148 18
40 151 12
40 155 13
40 159 15
40 160 14
40 161 5
40 164 16
40 166 4
40 168 7
40 170 5
40 172 20
40 175 14
40 176 13
40 179 13
40 181 4
40 185 1
40 187 7
40 188 5
40 190 8
40 191 3
40 192 9
40 193 11
40 194 20
40 196 18
40 199 12
41 42 6
41 46 5
41 47 2
41 48 13
41 49 3
41 50 11
41 51 20
41 52 1
41 53 4
41 56 2
41 57 5
41 58 9
41 59 18
41 63 5
41 64 9
41 65 4
41 67 2
41 68 19
41 71 20
41 75 10
41 76 17
41 79 1
41 86 10
41 89 20
41 90 17
41 94 18
41 96 12
41 98 4
41 100 15
41 102 18
41 104 7
41 106 15
41 108 18
41 124 14
41 126 17
41 131 10
41 134 12
41 136 7
41 139 4
41 140 2
41 145 15
41 148 17
41 149 17
41 153 4
41 154 6
41 155 6
41 156 1
41 158 3
41 159 6
41 160 3
41 161 2
41 165 13
41 166 3
41 167 1
41 168 3
41 170 16
41 171 10
41 174 17
41 175 20
41 176 9
41 177 6
41 179 2
41 187 15
41 190 17
41 191 4
41 193 4
41 195 19
41 197 19
41 198 8
41 199 17
42 46 20
42 48 18
42 49 20
42 51 4
42 53 13
42 54 20
42 57 10
42 58 18
42 59 15
42 63 12
42 65 18
42 69 8
42 70 13
42 71 11
42 74 20
42 76 18
42 80 7
42 81 20
42 82 20
42 83 16
42 85 16
42 88 17
42 89 20
42 90 3
42 91 14
42 92 6
42 93 6
42 95 14
42 97 4
42 98 19
42 100 12
42 101 11
42 102 9
42 103 9
42 104 15
42 105 20
42 108 7
42 109 18
42 110 10
42 111 5
42 112 17
42 117 1
42 122 15
42 125 15
42 126 17
42 132 11
42 133 18
42 134 8
42 136 3
42 137 20
42 138 19
42 140 13
42 142 6
42 143 18
42 144 18
42 145 14
42 148 18
42 149 9
42 153 10
42 161 15
42 162 15
42 164 3
42 165 10
42 167 5
42 168 19
42 169 13
42 177 18
42 178 6
42 179 19
42 182 3
42 186 13
42 188 7
42 189 11
42 191 18
42 193 1
42 195 17
42 197 13
42 198 3
42 199 1
43 44 6
43 46 10
43 48 12
43 49 7
43 50 3
43 52 10
43 54 16
43 55 5
43 61 6
43 63 18
43 64 15
43 67 6
43 68 18
43 69 20
43 70 16
43 72 8
43 73 16
43 74 3
43 75 19
43 76 10
43 78 14
43 79 19
43 80 10
43 82 12
43 84 13
43 85 14
43 86 5
43 87 14
43 90 17
43 91 3
43 94 11
43 96 15
43 98 9
43 100 12
43 101 1
43 103 11
43 104 7
43 105 20
43 109 15
43 111 10
43 112 17
43 113 12
43 118 16
43 119 1
43 125 10
43 128 2
43 131 10
43 133 14
43 135 12
43 137 19
43 140 3
43 144 14
43 145 15
43 146 4
43 148 14
43 149 11
43 150 12
43 152 3
43 159 4
43 163 2
43 164 9
43 167 2
43 168 12
43 170 9
43 172 7
43 174 8
43 176 5
43 179 2
43 180 2
43 183 19
43 184 19
43 185 20
43 194 4
43 199 1
44 45 1
44 46 7
44 49 7
44 50 20
44 52 11
44 54 7
44 56 9
44 60 2
44 61 12
44 62 18
44 63 5
44 64 5
44 67 1
44 72 3
44 76 8
44 81 16
44 82 12
44 83 2
44 86 14
44 87 6
44 90 2
44 96 18
44 98 5
44 99 14
44 100 13
44 101 13
44 102 2
44 103 17
44 104 12
44 107 20
44 108 12
44 110 14
44 111 9
44 112 10
44 113 12
44 116 1
44 120 10
44 122 9
44 123 1
44 124 10
44 125 16
44 126 9
44 128 11
44 129 6
44 132 5
44 136 7
44 137 16
44 138 6
44 139 4
44 140 4
44 143 4
44 144 3
44 145 7
44 146 10
44 147 17
44 149 20
44 150 11
44 151 1
44 158 5
44 159 12
44 162 10
44 168 15
44 169 18
44 172 13
44 173 17
44 174 5
44 176 9
44 183 13
44 184 4
44 185 2
44 186 5
44 188 2
44 189 13
44 194 13
44 195 6
45 46 19
45 47 7
45 48 8
45 50 1
45 52 20
45 53 4
45 56 1
45 60 4
45 61 6
45 62 18
45 64 2
45 65 4
45 66 20
45 67 19
45 69 1
45 71 2
45 72 13
45 74 13
45 79 17
45 80 10
45 81 7
45 82 12
45 84 6
45 86 12
45 88 7
45 90 10
45 91 14
45 93 11
45 94 19
45 97 5
45 100 1
45 102 7
45 103 18
45 104 6
45 106 16
45 109 10
45 110 18
45 112 20
45 113 5
45 115 7
45 116 15
45 117 9
45 119 1
45 121 15
45 122 17
45 123 13
45 124 6
45 125 8
45 126 17
45 132 4
45 133 7
45 134 20
45 135 20
45 136 5
45 138 8
45 139 1
45 142 15
45 143 17
45 147 1
45 148 6
45 149 7
45 150 16
45 152 6
45 154 2
45 156 15
45 161 15
45 164 12
45 167 18
45 168 4
45 170 3
45 174 11
45 175 1
45 177 15
45 180 4
45 181 16
45 182 7
45 183 5
45 185 7
45 186 19
45 188 18
45 189 14
45 190 18
45 191 15
45 192 15
45 196 13
45 199 7
46 47 14
46 48 6
46 49 17
46 50 16
46 51 4
46 53 14
46 54 19
46 57 8
46 58 11
46 59 16
46 60 20
46 62 14
46 63 15
46 64 14
46 65 9
46 69 18
46 73 3
46 75 14
46 82 12
46 85 1
46 86 20
46 87 1
46 92 10
46 95 8
46 96 10
46 101 5
46 102 8
46 104 1
46 107 12
46 109 18
46 111 19
46 114 18
46 115 11
46 117 15
46 119 2
46 120 6
46 121 18
46 126 14
46 127 9
46 130 10
46 135 19
46 137 7
46 138 7
46 139 15
46 145 6
46 146 6
46 147 2
46 149 16
46 150 6
46 151 14
46 155 16
46 156 9
46 157 14
46 159 1
46 162 7
46 165 16
46 166 18
46 169 10
46 171 9
46 172 12
46 173 13
46 178 9
46 179 10
46 180 5
46 181 16
46 184 1
46 186 7
46 187 18
46 188 20
46 189 18
46 192 12
46 193 7
46 199 19
47 48 17
47 49 1
47 50 12
47 58 4
47 59 15
47 60 13
47 64 17
47 65 11
47 73 5
47 74 8
47 78 6
47 80 3
47 82 12
47 83 9
47 87 5
47 88 6
47 90 11
47 91 1
47 94 17
47 95 17
47 96 17
47 97 9
47 98 15
47 99 17
47 101 11
47 102 14
47 103 7
47 104 9
47 105 5
47 108 10
47 109 7
47 110 7
47 115 5
47 116 19
47 117 9
47 119 10
47 122 10
47 123 14
47 124 2
47 127 18
47 129 14
47 130 5
47 131 8
47 133 20
47 134 16
47 135 17
47 137 20
47 138 19
47 140 9
47 143 15
47 144 2
47 146 5
47 147 10
47 148 20
47 150 7
47 151 14
47 154 15
47 155 1
47 158 15
47 159 5
47 170 20
47 171 12
47 173 9
47 175 17
47 176 14
47 180 3
47 182 17
47 183 2
47 184 14
47 185 20
47 187 5
47 190 7
47 192 2
47 194 6
47 195 9
47 196 14
48 49 15
48 50 14
48 52 17
48 55 9
48 57 9
48 58 5
48 61 17
48 63 10
48 64 15
48 65 6
48 66 1
48 67 17
48 68 18
48 69 15
48 72 12
48 74 16
48 75 19
48 76 9
48 77 15
48 84 18
48 85 15
48 89 20
48 93 5
48 94 3
48 101 3
48 102 20
48 106 19
48 107 8
48 110 3
48 111 1
48 112 11
48 113 4
48 114 9
48 116 17
48 118 18
48 119 7
48 121 6
48 122 16
48 123 16
48 125 3
48 126 9
48 128 2
48 134 3
48 137 3
48 139 20
48 141 11
48 142 14
48 144 9
48 145 13
48 150 5
48 155 6
48 156 18
48 157 10
48 162 11
48 165 18
48 168 20
48 172 5
48 173 15
48 174 2
48 175 19
48 177 12
48 178 1
48 179 3
48 180 9
48 183 6
48 185 18
48 189 19
48 190 14
48 191 20
48 192 7
48 194 19
48 196 10
48 199 7
49 50 18
49 52 7
49 54 7
49 56 4
49 57 18
49 60 14
49 61 4
49 62 2
49 63 19
49 65 12
49 67 1
49 68 19
49 69 1
49 70 5
49 71 12
49 72 4
49 73 12
49 76 6
49 78 1
49 79 12
49 81 5
49 84 4
49 85 9
49 87 8
49 89 19
49 90 11
49 91 7
49 93 16
49 94 4
49 95 17
49 97 6
49 98 4
49 100 20
49 101 18
49 103 20
49 104 10
49 105 3
49 111 13
49 113 7
49 114 16
49 115 16
49 116 20
49 118 10
49 121 1
49 123 20
49 124 14
49 125 16
49 126 11
49 128 13
49 129 16
49 130 3
49 131 4
49 132 15
49 134 6
49 137 11
49 138 1
49 139 6
49 140 11
49 142 10
49 143 16
49 148 15
49 149 12
49 150 14
49 153 11
49 157 9
49 160 10
49 163 8
49 167 5
49 169 19
49 173 19
49 182 4
49 184 4
49 186 16
49 187 16
49 188 14
49 189 1
49 191 9
49 194 9
49 195 17
49 196 7
49 197 10
49 198 12
50 52 7
50 54 19
50 56 2
50 57 1
50 59 18
50 60 18
50 62 13
50 63 20
50 64 10
50 65 4
50 69 8
50 70 20
50 72 15
50 73 11
50 77 9
50 78 15
50 79 6
50 80 19
50 81 10
50 85 6
50 88 15
50 94 16
50 95 13
50 98 8
50 101 18
50 102 17
50 103 10
50 105 3
50 106 11
50 108 15
50 109 8
50 110 2
50 111 7
50 113 2
50 115 11
50 116 1
50 118 11
50 121 12
50 123 6
50 127 5
50 128 3
50 129 13
50 132 2
50 133 10
50 134 7
50 135 20
50 136 14
50 139 9
50 140 1
50 144 8
50 145 11
50 146 8
50 149 3
50 150 13
50 151 14
50 156 8
50 157 4
50 158 14
50 159 17
50 161 15
50 162 1
50 164 20
50 165 3
50 166 18
50 169 18
50 171 5
50 176 10
50 177 18
50 179 2
50 180 8
50 181 2
50 182 11
50 183 2
50 185 20
50 186 10
50 190 12
50 191 9
50 192 3
50 193 13
50 194 13
50 196 5
50 197 5
50 199 7
51 53 14
51 55 7
51 56 4
51 58 7
51 59 8
51 60 4
51 61 1
51 62 9
51 63 16
51 64 17
51 65 2
51 66 9
51 70 9
51 72 16
51 73 10
51 75 2
51 77 17
51 82 20
51 83 1
51 85 19
51 87 12
51 89 6
51 90 14
51 91 2
51 93 5
51 94 3
51 96 8
51 99 18
51 100 6
51 101 6
51 102 16
51 104 10
51 105 5
51 106 16
51 110 5
51 111 15
51 113 3
51 117 7
51 119 19
51 120 11
51 123 15
51 124 18
51 125 10
51 126 6
51 127 7
51 128 14
51 129 4
51 133 14
51 136 11
51 137 15
51 141 5
51 142 20
51 145 3
51 146 4
51 147 15
51 149 17
51 152 13
51 154 17
51 155 1
51 156 11
51 158 1
51 160 1
51 163 8
51 164 15
51 168 16
51 170 8
51 171 3
51 175 3
51 176 12
51 178 16
51 179 7
51 182 8
51 183 9
51 187 5
51 188 8
51 190 7
51 193 10
51 195 15
51 197 13
51 199 11
52 53 17
52 54 10
52 56 19
52 59 19
52 61 11
52 62 14
52 63 8
52 67 2
52 68 16
52 69 15
52 72 18
52 74 6
52 75 18
52 78 16
52 82 16
52 87 9
52 88 18
52 93 6
52 94 14
52 96 6
52 98 14
52 99 14
52 102 16
52 103 20
52 104 15
52 105 6
52 106 11
52 109 3
52 113 14
52 114 18
52 115 18
52 118 1
52 121 3
52 126 16
52 127 11
52 130 15
52 133 11
52 134 7
52 135 14
52 137 10
52 139 18
52 140 13
52 142 6
52 144 17
52 145 12
52 146 17
52 150 14
52 151 4
52 152 18
52 153 20
52 154 4
52 155 20
52 157 10
52 159 9
52 160 19
52 165 9
52 166 13
52 167 16
52 168 11
52 169 4
52 171 3
52 172 10
52 173 11
52 174 15
52 176 5
52 178 4
52 179 13
52 181 17
52 182 19
52 184 16
52 185 13
52 186 20
52 187 11
52 188 5
52 189 17
52 191 13
52 192 6
52 194 8
52 196 2
52 198 1
53 62 16
53 63 1
53 64 3
53 66 10
53 68 11
53 71 11
53 73 6
53 75 16
53 76 11
53 77 11
53 78 9
53 80 7
53 81 18
53 82 20
53 85 14
53 86 6
53 88 5
53 90 7
53 94 13
53 100 20
53 102 16
53 103 12
53 107 3
53 109 13
53 114 16
53 118 15
53 119 17
53 120 16
53 124 16
53 125 3
53 126 18
53 127 9
53 128 3
53 138 14
53 142 18
53 143 17
53 146 14
53 148 9
53 149 9
53 153 18
53 154 20
53 155 5
53 157 14
53 158 2
53 160 16
53 162 16
53 164 10
53 165 8
53 169 11
53 171 17
53 174 14
53 176 8
53 177 4
53 179 18
53 180 12
53 181 7
53 182 18
53 186 8
53 187 18
53 189 2
53 192 3
53 193 13
53 194 19
53 195 5
53 196 12
53 197 13
53 198 4
54 55 4
54 56 6
54 57 10
54 59 20
54 61 19
54 62 19
54 63 20
54 66 16
54 72 5
54 73 7
54 75 20
54 77 10
54 79 7
54 80 3
54 81 12
54 82 10
54 83 6
54 85 12
54 86 5
54 88 8
54 89 19
54 92 2
54 93 10
54 95 13
54 97 13
54 99 8
54 103 2
54 104 17
54 110 2
54 113 10
54 114 16
54 115 16
54 117 11
54 118 18
54 120 13
54 123 18
54 124 1
54 125 5
54 126 11
54 127 15
54 128 19
54 132 11
54 138 2
54 142 9
54 143 8
54 145 15
54 147 20
54 148 9
54 149 13
54 151 13
54 152 16
54 153 6
54 154 8
54 155 8
54 158 1
54 159 5
54 160 9
54 161 7
54 162 18
54 165 13
54 168 20
54 169 20
54 172 2
54 175 4
54 176 1
54 180 1
54 181 14
54 182 4
54 184 17
54 185 15
54 187 9
54 193 9
54 195 18
55 59 7
55 60 14
55 63 20
55 64 20
55 65 11
55 66 3
55 67 19
55 70 3
55 71 4
55 72 2
55 74 2
55 75 17
55 80 1
55 81 9
55 82 6
55 84 4
55 85 9
55 86 7
55 87 4
55 89 16
55 90 11
55 91 6
55 95 12
55 97 10
55 100 13
55 101 19
55 102 15
55 108 10
55 111 12
55 112 6
55 114 2
55 116 4
55 117 6
55 118 1
55 119 20
55 120 9
55 123 12
55 125 15
55 126 20
55 132 18
55 133 11
55 136 13
55 137 14
55 138 8
55 139 12
55 141 12
55 144 12
55 145 3
55 147 8
55 149 9
55 150 15
55 153 8
55 157 13
55 160 2
55 161 11
55 163 15
55 164 10
55 166 18
55 168 4
55 170 8
55 172 20
55 175 20
55 178 13
55 179 14
55 181 8
55 182 12
55 183 17
55 186 8
55 188 9
55 190 6
55 192 9
55 195 1
55 196 12
55 199 5
56 60 16
56 61 11
56 62 4
56 64 11
56 65 20
56 67 9
56 69 18
56 71 9
56 72 11
56 75 8
56 79 8
56 80 2
56 81 15
56 82 18
56 84 7
56 87 7
56 93 8
56 94 5
56 97 19
56 98 18
56 100 15
56 101 20
56 103 19
56 112 3
56 114 16
56 116 4
56 118 16
56 119 4
56 122 16
56 125 4
56 126 12
56 127 6
56 130 18
56 131 10
56 134 20
56 138 16
56 141 12
56 143 5
56 144 5
56 146 2
56 148 14
56 152 7
56 153 14
56 156 14
56 157 13
56 158 18
56 160 10
56 161 7
56 162 19
56 165 7
56 166 19
56 169 11
56 172 15
56 173 20
56 174 3
56 175 11
56 176 1
56 177 9
56 179 17
56 180 11
56 182 3
56 186 2
56 187 19
56 188 13
56 189 3
56 191 5
56 192 8
56 193 3
56 196 9
56 198 18
56 199 17
57 59 19
57 64 14
57 65 10
57 67 1
57 69 17
57 72 4
57 73 19
57 74 11
57 78 2
57 81 2
57 83 6
57 84 8
57 85 6
57 87 2
57 88 17
57 90 13
57 91 20
57 93 17
57 95 15
57 96 7
57 97 16
57 98 13
57 100 10
57 103 2
57 104 12
57 105 9
57 108 6
57 109 12
57 110 20
57 111 19
57 114 6
57 116 20
57 117 19
57 120 16
57 122 1
57 124 20
57 125 15
57 127 3
57 129 1
57 133 6
57 135 7
57 137 3
57 138 12
57 140 15
57 141 20
57 143 16
57 144 17
57 145 3
57 146 6
57 147 10
57 148 8
57 153 19
57 156 18
57 157 5
57 158 6
57 160 15
57 162 3
57 164 10
57 165 8
57 166 14
57 169 2
57 170 9
57 171 3
57 172 13
57 174 20
57 175 2
57 176 17
57 178 9
57 181 15
57 183 4
57 185 10
57 187 14
57 188 6
57 190 5
57 191 9
57 192 20
57 193 6
57 195 3
57 196 13
57 198 13
57 199 1
58 60 5
58 61 11
58 63 19
58 64 20
58 65 11
58 67 7
58 71 16
58 72 4
58 78 1
58 79 17
58 83 3
58 88 15
58 90 5
58 91 17
58 93 4
58 95 7
58 96 6
58 97 20
58 101 10
58 108 6
58 109 5
58 113 6
58 114 4
58 115 11
58 116 13
58 117 13
58 118 18
58 119 20
58 120 6
58 125 18
58 128 17
58 130 12
58 131 3
58 133 4
58 137 19
58 138 11
58 139 1
58 140 6
58 141 12
58 142 17
58 143 12
58 144 5
58 145 13
58 146 17
58 148 19
58 149 20
58 150 4
58 157 11
58 159 10
58 162 3
58 163 10
58 164 4
58 165 3
58 166 17
58 168 20
58 172 19
58 173 10
58 174 4
58 176 16
58 178 19
58 180 20
58 181 1
58 184 4
58 187 16
58 188 15
58 191 16
58 192 18
58 193 4
58 196 2
58 197 9
59 62 4
59 64 19
59 67 1
59 71 9
59 72 6
59 74 17
59 75 15
59 76 13
59 77 18
59 78 15
59 79 6
59 80 9
59 81 4
59 82 17
59 83 13
59 85 15
59 86 1
59 90 19
59 93 4
59 95 4
59 96 7
59 97 6
59 99 13
59 101 7
59 105 4
59 106 11
59 107 12
59 110 6
59 111 2
59 113 8
59 114 18
59 115 1
59 117 3
59 118 5
59 123 11
59 124 7
59 126 16
59 127 14
59 128 2
59 129 15
59 133 14
59 138 15
59 140 12
59 141 4
59 143 19
59 144 8
59 145 4
59 146 14
59 147 8
59 152 7
59 153 9
59 154 8
59 155 1
59 156 6
59 157 6
59 159 19
59 160 8
59 163 11
59 165 20
59 167 10
59 168 20
59 171 7
59 172 19
59 176 9
59 178 8
59 180 6
59 187 20
59 192 18
59 194 10
59 195 6
59 196 14
59 198 10
60 62 7
60 64 6
60 67 4
60 69 19
60 70 15
60 71 15
60 72 11
60 74 15
60 76 3
60 80 5
60 81 18
60 82 6
60 87 13
60 89 15
60 92 12
60 93 2
60 95 5
60 96 6
60 99 11
60 103 20
60 106 2
60 107 10
60 108 1
60 109 7
60 113 6
60 114 13
60 115 3
60 116 13
60 124 16
60 125 17
60 127 4
60 133 6
60 134 4
60 135 3
60 136 11
60 138 19
60 139 3
60 140 20
60 142 7
60 145 2
60 146 20
60 148 5
60 150 1
60 153 6
60 155 8
60 156 2
60 159 6
60 160 8
60 162 9
60 165 6
60 168 14
60 169 13
60 170 3
60 171 8
60 172 16
60 173 8
60 174 2
60 175 4
60 179 20
60 180 18
60 181 16
60 183 7
60 184 8
60 185 5
60 189 17
60 190 6
60 192 16
60 194 17
60 196 2
60 197 1
60 199 10
61 63 5
61 64 18
61 65 4
61 66 14
61 67 9
61 68 11
61 69 8
61 70 18
61 73 6
61 75 5
61 77 4
61 79 10
61 81 15
61 84 10
61 85 9
61 86 17
61 87 3
61 91 12
61 92 15
61 96 7
61 97 17
61 100 1
61 103 3
61 104 19
61 106 15
61 107 18
61 108 11
61 109 6
61 110 2
61 112 16
61 113 2
61 115 13
61 116 4
61 121 4
61 122 1
61 123 13
61 124 2
61 126 17
61 127 14
61 128 1
61 131 7
61 134 8
61 136 5
61 137 1
61 138 1
61 142 9
61 143 14
61 144 4
61 145 5
61 146 17
61 147 1
61 149 19
61 150 15
61 151 13
61 152 16
61 153 16
61 154 13
61 155 4
61 156 8
61 161 2
61 162 17
61 163 11
61 164 8
61 165 1
61 166 1
61 167 15
61 169 17
61 172 18
61 176 12
61 179 7
61 180 11
61 181 9
61 182 6
61 185 4
61 189 3
61 192 19
61 194 14
61 195 12
61 197 18
62 65 12
62 67 1
62 68 15
62 69 5
62 70 15
62 71 13
62 74 9
62 76 11
62 79 19
62 80 1
62 85 8
62 86 8
62 89 18
62 91 1
62 97 8
62 100 9
62 102 17
62 105 3
62 107 3
62 108 15
62 110 2
62 111 8
62 113 4
62 115 15
62 119 8
62 120 8
62 121 12
62 122 18
62 125 18
62 128 5
62 129 15
62 131 18
62 133 1
62 135 20
62 139 7
62 142 18
62 146 19
62 147 14
62 149 15
62 150 19
62 152 14
62 153 4
62 156 2
62 161 17
62 164 7
62 165 17
62 170 14
62 172 12
62 174 4
62 176 12
62 181 7
62 182 13
62 183 12
62 186 3
62 187 6
62 190 2
62 191 18
62 192 20
62 193 8
62 196 7
62 197 12
62 198 15
63 66 1
63 67 8
63 68 11
63 69 9
63 70 8
63 71 14
63 72 10
63 75 20
63 76 14
63 77 8
63 79 20
63 80 11
63 83 18
63 86 4
63 87 2
63 89 9
63 90 18
63 92 1
63 95 16
63 97 16
63 98 12
63 103 17
63 105 13
63 106 7
63 108 3
63 110 6
63 111 15
63 113 15
63 115 8
63 116 13
63 120 10
63 121 16
63 126 12
63 127 11
63 128 4
63 129 20
63 130 8
63 131 7
63 132 11
63 133 6
63 134 10
63 135 16
63 137 3
63 140 9
63 141 14
63 146 17
63 150 16
63 151 13
63 153 7
63 156 3
63 157 3
63 158 20
63 161 13
63 162 16
63 163 12
63 165 8
63 166 2
63 168 13
63 169 3
63 170 6
63 173 18
63 174 12
63 176 12
63 177 2
63 178 3
63 180 17
63 181 12
63 185 9
63 186 4
63 187 8
63 189 2
63 191 16
63 192 19
63 197 7
63 198 5
63 199 4
64 72 14
64 77 5
64 78 8
64 84 5
64 85 14
64 86 15
64 88 5
64 89 16
64 90 14
64 95 9
64 96 4
64 97 9
64 98 4
64 102 9
64 104 16
64 106 5
64 107 2
64 109 8
64 111 20
64 113 7
64 114 6
64 115 14
64 117 4
64 122 12
64 126 3
64 127 15
64 134 4
64 135 8
64 137 17
64 138 8
64 139 19
64 143 6
64 145 5
64 146 13
64 147 17
64 149 6
64 150 11
64 151 15
64 152 1
64 153 1
64 161 19
64 162 5
64 164 8
64 167 1
64 169 15
64 171 1
64 177 10
64 180 3
64 181 18
64 183 20
64 184 17
64 185 8
64 186 19
64 188 6
64 190 16
64 193 16
64 194 17
64 195 9
64 199 17
65 66 19
65 72 6
65 73 8
65 74 14
65 76 18
65 77 6
65 80 3
65 81 9
65 83 7
65 86 19
65 90 20
65 91 15
65 96 10
65 99 9
65 100 9
65 101 16
65 103 9
65 104 13
65 105 16
65 108 10
65 109 7
65 110 6
65 111 14
65 112 16
65 116 10
65 117 16
65 118 2
65 120 5
65 122 13
65 124 15
65 128 1
65 129 14
65 130 2
65 133 2
65 135 9
65 138 5
65 139 12
65 141 18
65 142 12
65 143 5
65 145 12
65 146 8
65 149 14
65 150 6
65 151 17
65 156 8
65 159 13
65 160 3
65 163 7
65 165 1
65 166 5
65 167 14
65 168 6
65 170 13
65 172 15
65 174 14
65 178 1
65 181 8
65 182 20
65 183 6
65 189 8
65 196 19
65 197 7
65 198 16
66 67 6
66 68 18
66 70 18
66 72 15
66 74 2
66 75 14
66 82 16
66 86 8
66 87 17
66 88 11
66 89 2
66 90 12
66 92 16
66 93 14
66 95 1
66 99 1
66 100 2
66 103 4
66 104 12
66 106 1
66 107 18
66 111 13
66 112 17
66 113 1
66 114 13
66 116 13
66 118 1
66 120 3
66 121 11
66 123 16
66 124 8
66 125 11
66 127 15
66 131 13
66 132 20
66 133 17
66 134 15
66 136 12
66 137 18
66 138 12
66 140 17
66 143 12
66 145 20
66 146 5
66 147 4
66 148 15
66 149 3
66 150 16
66 151 16
66 153 20
66 154 6
66 155 16
66 156 8
66 158 7
66 160 13
66 161 18
66 163 7
66 164 10
66 165 19
66 167 8
66 169 8
66 172 15
66 174 16
66 176 5
66 182 5
66 186 20
66 188 13
66 189 1
66 190 14
66 192 9
66 193 11
66 196 3
66 199 9
67 70 11
67 72 12
67 74 9
67 75 12
67 76 12
67 78 17
67 80 13
67 83 3
67 85 4
67 87 16
67 88 16
67 95 14
67 96 8
67 97 11
67 99 3
67 100 7
67 101 12
67 102 12
67 103 10
67 105 3
67 107 2
67 110 19
67 113 14
67 115 9
67 116 20
67 117 12
67 118 13
67 119 8
67 120 18
67 122 6
67 126 10
67 127 1
67 129 3
67 130 18
67 133 9
67 134 8
67 135 3
67 137 17
67 138 6
67 140 15
67 141 13
67 143 3
67 144 7
67 145 10
67 146 18
67 149 19
67 151 19
67 153 6
67 154 5
67 155 9
67 158 19
67 161 7
67 162 7
67 163 16
67 164 4
67 169 9
67 173 17
67 179 11
67 180 20
67 181 14
67 182 6
67 187 18
67 188 17
67 189 7
67 190 11
67 192 10
67 193 18
67 194 1
67 197 1
67 198 20
68 69 11
68 73 17
68 75 8
68 78 1
68 79 2
68 80 6
68 87 12
68 88 2
68 91 12
68 92 7
68 94 5
68 95 5
68 96 16
68 97 18
68 99 4
68 100 18
68 105 18
68 107 3
68 109 19
68 111 20
68 112 1
68 114 16
68 116 17
68 117 7
68 119 3
68 122 17
68 123 6
68 125 4
68 127 11
68 129 16
68 132 10
68 133 5
68 134 19
68 135 8
68 141 7
68 142 8
68 148 12
68 153 18
68 154 3
68 155 17
68 156 7
68 158 9
68 161 14
68 162 10
68 164 9
68 169 12
68 170 12
68 172 7
68 173 19
68 176 11
68 177 18
68 179 3
68 180 10
68 182 15
68 184 20
68 186 20
68 188 19
68 189 15
68 190 5
68 191 10
68 196 12
68 198 2
68 199 19
69 71 7
69 72 2
69 74 6
69 75 4
69 77 14
69 80 2
69 81 1
69 82 17
69 84 4
69 85 15
69 86 16
69 87 13
69 89 9
69 90 15
69 92 7
69 94 12
69 100 17
69 102 8
69 103 13
69 106 16
69 108 17
69 112 13
69 114 9
69 116 4
69 117 8
69 119 10
69 121 6
69 123 12
69 126 18
69 129 2
69 131 12
69 135 4
69 136 5
69 138 8
69 140 3
69 142 8
69 148 6
69 152 4
69 156 6
69 159 20
69 160 5
69 162 20
69 165 1
69 168 20
69 169 11
69 170 8
69 172 6
69 176 19
69 180 10
69 181 1
69 182 10
69 184 18
69 185 1
69 188 11
69 189 6
69 190 18
69 191 1
69 196 17
69 197 15
69 199 19
70 71 7
70 73 2
70 75 12
70 80 20
70 82 14
70 84 17
70 89 12
70 90 4
70 91 17
70 93 2
70 96 13
70 104 14
70 108 8
70 112 11
70 115 7
70 116 15
70 117 6
70 119 1
70 121 8
70 124 3
70 126 5
70 128 2
70 131 11
70 133 17
70 134 14
70 139 17
70 140 5
70 141 19
70 144 18
70 148 4
70 150 3
70 152 16
70 154 16
70 155 1
70 156 4
70 157 6
70 159 2
70 164 20
70 165 8
70 166 14
70 167 4
70 168 3
70 170 12
70 171 17
70 175 6
70 176 2
70 181 17
70 184 4
70 188 13
70 193 1
70 194 6
70 195 3
70 197 3
71 74 14
71 75 3
71 76 14
71 77 1
71 78 12
71 79 1
71 81 4
71 82 18
71 85 13
71 88 3
71 89 20
71 90 15
71 91 9
71 93 20
71 94 8
71 95 18
71 96 15
71 101 16
71 105 11
71 107 6
71 108 8
71 112 20
71 113 11
71 115 9
71 117 20
71 119 12
71 122 2
71 125 6
71 126 15
71 128 12
71 132 2
71 133 20
71 140 16
71 141 6
71 143 18
71 145 8
71 146 6
71 148 5
71 149 11
71 150 20
71 152 18
71 153 13
71 154 12
71 156 20
71 157 16
71 161 15
71 162 7
71 163 6
71 164 4
71 166 11
71 167 20
71 168 1
71 171 15
71 178 3
71 179 18
71 180 16
71 183 4
71 186 9
71 187 20
71 189 1
71 190 9
72 73 12
72 74 16
72 79 15
72 82 19
72 83 1
72 86 13
72 89 10
72 91 13
72 92 17
72 93 11
72 95 20
72 97 4
72 98 1
72 99 9
72 100 19
72 101 15
72 102 17
72 104 13
72 105 13
72 106 12
72 114 16
72 115 4
72 116 4
72 117 17
72 118 4
72 121 9
72 124 18
72 125 1
72 127 10
72 128 17
72 131 5
72 132 14
72 133 16
72 135 1
72 136 20
72 142 19
72 145 7
72 147 14
72 150 8
72 151 8
72 153 17
72 159 12
72 161 3
72 163 8
72 164 7
72 165 18
72 167 3
72 168 16
72 171 1
72 172 1
72 173 8
72 174 9
72 175 16
72 178 8
72 179 17
72 182 11
72 183 19
72 184 3
72 185 18
72 186 19
72 191 11
72 193 9
72 194 4
72 195 7
72 196 12
72 197 12
72 199 19
73 74 4
73 77 8
73 83 20
73 84 6
73 85 6
73 86 19
73 88 11
73 89 4
73 91 10
73 94 13
73 95 14
73 98 10
73 100 18
73 105 4
73 111 13
73 113 3
73 116 7
73 118 16
73 121 18
73 122 20
73 126 8
73 129 14
73 131 18
73 132 4
73 133 20
73 134 3
73 137 16
73 138 20
73 139 10
73 142 13
73 143 9
73 144 10
73 147 18
73 150 4
73 154 5
73 155 4
73 158 4
73 162 11
73 164 1
73 165 16
73 167 9
73 168 8
73 169 19
73 172 5
73 174 5
73 178 8
73 181 15
73 183 16
73 184 9
73 185 2
73 187 2
73 188 14
73 195 2
73 197 11
73 199 6
74 75 16
74 76 1
74 78 9
74 81 13
74 82 17
74 83 20
74 85 5
74 87 2
74 89 11
74 90 16
74 94 2
74 96 3
74 97 3
74 102 10
74 106 19
74 107 7
74 108 8
74 109 15
74 113 20
74 114 7
74 115 12
74 117 16
74 118 18
74 119 17
74 120 7
74 121 20
74 122 11
74 126 11
74 127 13
74 129 8
74 131 8
74 132 15
74 133 13
74 135 12
74 136 9
74 138 18
74 142 6
74 143 13
74 145 4
74 146 15
74 150 12
74 154 3
74 155 4
74 156 19
74 157 2
74 158 19
74 161 5
74 162 15
74 163 8
74 164 10
74 165 9
74 167 14
74 168 5
74 174 5
74 176 20
74 178 8
74 179 4
74 180 16
74 183 4
74 184 18
74 185 4
74 186 13
74 187 4
74 189 10
74 193 18
74 197 3
75 76 2
75 78 4
75 80 8
75 81 14
75 87 20
75 88 8
75 91 15
75 92 16
75 97 5
75 99 13
75 103 12
75 104 12
75 105 5
75 109 20
75 110 3
75 112 4
75 115 10
75 117 6
75 119 17
75 122 11
75 123 1
75 125 2
75 126 14
75 131 3
75 132 17
75 133 2
75 135 17
75 137 5
75 139 19
75 142 16
75 143 2
75 144 16
75 146 17
75 149 19
75 151 6
75 152 12
75 155 10
75 156 4
75 157 5
75 159 20
75 161 12
75 162 19
75 164 5
75 166 2
75 168 15
75 169 14
75 171 10
75 177 1
75 178 12
75 181 3
75 183 15
75 185 14
75 186 15
75 189 17
75 192 4
75 193 12
75 194 18
75 195 8
75 196 3
75 197 17
75 199 9
76 77 8
76 78 9
76 79 14
76 81 1
76 82 5
76 83 17
76 85 16
76 87 12
76 89 4
76 90 1
76 91 6
76 92 9
76 93 4
76 94 10
76 96 15
76 97 2
76 102 9
76 103 12
76 105 15
76 110 1
76 112 10
76 114 16
76 116 2
76 125 8
76 126 3
76 127 20
76 128 6
76 129 4
76 131 10
76 134 11
76 136 1
76 142 4
76 143 10
76 144 15
76 145 2
76 146 20
76 148 10
76 150 17
76 152 7
76 154 5
76 155 11
76 159 1
76 163 18
76 164 4
76 166 4
76 168 11
76 171 7
76 173 10
76 176 15
76 177 12
76 179 12
76 181 6
76 182 8
76 183 20
76 184 20
76 190 3
76 192 16
76 193 6
77 78 18
77 80 3
77 81 7
77 83 13
77 84 17
77 87 5
77 88 2
77 89 8
77 90 9
77 91 2
77 93 3
77 94 14
77 95 20
77 96 1
77 98 11
77 99 19
77 101 10
77 104 17
77 105 13
77 106 20
77 108 16
77 110 11
77 111 9
77 112 15
77 113 1
77 114 1
77 115 5
77 121 11
77 124 2
77 127 19
77 132 13
77 133 16
77 137 13
77 138 20
77 140 1
77 142 19
77 147 3
77 150 8
77 151 2
77 152 8
77 157 11
77 160 17
77 163 14
77 164 17
77 166 14
77 168 11
77 172 15
77 173 9
77 175 19
77 181 17
77 183 17
77 184 4
77 186 8
77 188 17
77 189 20
77 192 7
77 194 3
77 196 19
77 197 4
77 198 9
77 199 14
78 79 14
78 80 13
78 83 11
78 84 20
78 85 16
78 86 14
78 88 8
78 89 15
78 99 9
78 100 14
78 101 5
78 103 4
78 107 15
78 109 13
78 110 10
78 111 3
78 114 12
78 115 19
78 116 3
78 118 9
78 120 16
78 121 6
78 122 17
78 125 1
78 126 7
78 127 3
78 129 2
78 131 17
78 132 4
78 135 10
78 138 2
78 139 7
78 140 20
78 142 3
78 143 18
78 145 16
78 146 16
78 149 20
78 152 7
78 154 9
78 155 4
78 156 17
78 157 16
78 159 17
78 163 12
78 164 18
78 165 12
78 167 15
78 171 9
78 174 3
78 176 2
78 180 16
78 181 14
78 184 17
78 185 20
78 187 17
78 190 7
78 192 20
78 195 13
78 196 17
78 199 16
79 85 19
79 86 13
79 89 7
79 90 10
79 92 16
79 93 15
79 97 17
79 98 10
79 99 18
79 100 12
79 101 11
79 103 10
79 104 12
79 106 11
79 107 5
79 108 10
79 110 18
79 111 19
79 113 15
79 114 10
79 115 17
79 117 9
79 118 1
79 121 13
79 122 17
79 123 4
79 124 16
79 125 15
79 127 10
79 129 4
79 131 5
79 132 4
79 133 17
79 136 12
79 137 20
79 138 19
79 139 9
79 140 11
79 141 7
79 142 6
79 145 14
79 147 17
79 148 15
79 149 4
79 153 7
79 154 7
79 157 16
79 160 17
79 161 20
79 162 20
79 163 20
79 164 12
79 165 16
79 170 9
79 171 20
79 172 1
79 174 6
79 175 9
79 180 14
79 185 5
79 186 1
79 188 20
79 189 18
79 191 14
79 193 14
79 195 10
79 196 16
79 197 17
79 198 6
79 199 18
80 81 20
80 85 10
80 86 9
80 89 10
80 90 13
80 91 11
80 92 4
80 102 18
80 103 20
80 104 17
80 106 12
80 108 7
80 109 14
80 112 15
80 113 5
80 114 13
80 124 1
80 125 10
80 126 15
80 127 13
80 129 20
80 130 15
80 132 15
80 134 9
80 136 2
80 138 1
80 140 7
80 143 6
80 144 8
80 145 11
80 146 19
80 147 7
80 149 2
80 152 3
80 153 6
80 154 13
80 156 10
80 157 8
80 161 1
80 162 19
80 163 16
80 164 10
80 165 18
80 166 17
80 167 10
80 172 4
80 173 9
80 175 15
80 176 8
80 177 4
80 179 14
80 183 5
80 184 8
80 185 19
80 187 6
80 190 15
80 193 1
80 195 12
80 196 6
80 197 11
80 198 15
80 199 8
81 83 16
81 86 13
81 87 11
81 88 1
81 89 20
81 90 13
81 102 14
81 103 13
81 105 20
81 106 4
81 107 3
81 111 6
81 112 15
81 116 3
81 117 16
81 119 3
81 120 10
81 121 11
81 122 9
81 124 8
81 126 2
81 127 1
81 128 7
81 135 15
81 136 20
81 138 19
81 139 14
81 140 13
81 145 5
81 146 6
81 147 9
81 149 17
81 150 11
81 153 5
81 154 17
81 156 16
81 161 19
81 164 6
81 166 1
81 167 10
81 168 11
81 169 3
81 175 1
81 176 7
81 177 19
81 179 9
81 180 11
81 183 13
81 185 17
81 188 4
81 193 16
81 194 9
81 198 6
81 199 14
82 84 14
82 87 11
82 89 14
82 90 7
82 91 14
82 92 19
82 93 6
82 94 4
82 96 7
82 99 3
82 100 3
82 103 14
82 105 14
82 110 13
82 112 12
82 113 13
82 115 12
82 116 4
82 119 18
82 122 7
82 126 17
82 128 6
82 132 8
82 133 11
82 136 14
82 137 12
82 138 12
82 139 8
82 140 10
82 141 9
82 143 17
82 144 16
82 146 7
82 147 15
82 148 17
82 152 7
82 153 17
82 154 10
82 155 20
82 156 15
82 157 1
82 158 19
82 159 10
82 161 10
82 163 2
82 164 8
82 167 15
82 168 12
82 172 17
82 173 19
82 174 12
82 175 5
82 176 4
82 179 5
82 180 6
82 181 10
82 183 16
82 184 12
82 188 19
82 189 6
82 190 12
82 191 11
82 192 11
82 195 9
82 196 14
82 197 18
82 198 20
82 199 14
83 84 8
83 85 7
83 88 7
83 90 17
83 91 13
83 92 14
83 93 5
83 96 12
83 101 14
83 103 6
83 104 6
83 105 10
83 107 4
83 108 18
83 110 13
83 113 15
83 115 8
83 118 5
83 120 15
83 126 17
83 127 14
83 128 17
83 129 18
83 134 6
83 136 19
83 137 13
83 139 10
83 141 10
83 143 19
83 144 1
83 148 15
83 150 11
83 151 12
83 153 15
83 156 4
83 158 1
83 159 15
83 160 16
83 161 19
83 165 6
83 176 14
83 178 10
83 179 13
83 180 16
83 181 2
83 182 13
83 183 4
83 185 20
83 187 15
83 188 6
83 193 14
83 196 16
83 197 20
83 198 12
84 87 16
84 88 15
84 90 8
84 94 16
84 96 1
84 98 8
84 101 10
84 103 12
84 105 5
84 108 8
84 113 13
84 114 9
84 115 1
84 116 19
84 123 7
84 124 8
84 125 18
84 128 4
84 129 8
84 131 10
84 132 17
84 133 7
84 134 18
84 136 2
84 141 4
84 142 18
84 143 2
84 144 10
84 145 20
84 147 18
84 149 6
84 150 1
84 151 9
84 154 20
84 157 14
84 160 1
84 161 12
84 167 13
84 171 11
84 173 20
84 176 4
84 177 5
84 179 17
84 180 5
84 181 8
84 182 5
84 187 2
84 188 12
84 189 20
84 190 15
84 191 11
84 193 8
84 195 9
84 196 10
84 197 1
84 198 20
85 86 19
85 87 1
85 93 2
85 95 6
85 97 14
85 98 18
85 99 13
85 103 10
85 104 2
85 108 19
85 109 9
85 111 3
85 112 5
85 113 6
85 115 1
85 118 15
85 119 1
85 121 10
85 122 6
85 123 7
85 124 1
85 125 10
85 126 17
85 131 9
85 132 15
85 133 15
85 135 16
85 137 11
85 138 10
85 139 18
85 143 2
85 144 16
85 146 19
85 147 8
85 148 13
85 149 5
85 151 7
85 153 6
85 155 15
85 157 11
85 160 7
85 161 10
85 163 8
85 164 8
85 165 16
85 166 13
85 168 1
85 169 4
85 173 1
85 174 2
85 181 8
85 184 15
85 185 19
85 186 17
85 187 9
85 188 10
85 191 10
85 195 10
85 196 4
85 198 19
86 87 18
86 88 1
86 90 3
86 91 14
86 93 10
86 96 3
86 97 6
86 102 13
86 104 20
86 107 7
86 108 2
86 110 6
86 111 8
86 112 4
86 117 16
86 118 6
86 120 7
86 122 7
86 123 15
86 124 6
86 125 18
86 127 12
86 129 17
86 130 11
86 131 19
86 132 2
86 133 18
86 134 4
86 135 19
86 137 1
86 139 20
86 141 12
86 143 13
86 144 5
86 145 2
86 146 12
86 150 4
86 152 4
86 153 17
86 156 13
86 157 17
86 159 13
86 160 4
86 161 7
86 162 3
86 163 12
86 165 17
86 166 14
86 167 7
86 168 16
86 169 4
86 172 5
86 175 9
86 179 8
86 180 16
86 181 14
86 186 16
86 188 9
86 189 11
86 192 14
86 194 5
87 91 3
87 95 17
87 96 17
87 98 6
87 101 1
87 102 5
87 103 17
87 105 7
87 106 5
87 107 16
87 108 6
87 110 16
87 113 16
87 115 5
87 117 14
87 121 8
87 122 6
87 123 6
87 124 10
87 125 15
87 127 8
87 128 2
87 131 11
87 132 4
87 133 19
87 138 5
87 139 18
87 140 1
87 143 13
87 144 1
87 145 1
87 146 13
87 148 1
87 149 7
87 151 11
87 152 4
87 154 17
87 157 14
87 159 9
87 160 2
87 161 9
87 162 10
87 163 18
87 164 8
87 165 18
87 166 1
87 167 5
87 169 9
87 170 2
87 171 5
87 173 5
87 174 4
87 175 11
87 180 18
87 181 11
87 183 18
87 185 5
87 187 9
87 192 16
87 195 7
87 196 14
87 197 4
87 198 16
87 199 11
88 89 6
88 91 3
88 92 1
88 93 19
88 94 17
88 97 9
88 98 14
88 99 12
88 103 2
88 104 1
88 108 12
88 109 10
88 110 8
88 112 1
88 114 14
88 119 13
88 120 6
88 124 7
88 125 3
88 126 5
88 132 7
88 133 11
88 134 5
88 135 11
88 136 10
88 138 12
88 139 15
88 140 20
88 143 13
88 148 17
88 149 18
88 153 10
88 154 10
88 157 6
88 158 3
88 159 5
88 162 12
88 164 7
88 165 17
88 166 4
88 171 3
88 173 15
88 174 5
88 176 15
88 178 13
88 179 11
88 182 10
88 184 19
88 186 6
88 191 16
88 192 11
88 194 16
88 198 6
88 199 15
89 90 10
89 94 11
89 95 5
89 97 7
89 99 3
89 101 1
89 102 11
89 104 4
89 105 16
89 106 15
89 110 4
89 111 3
89 114 5
89 115 20
89 116 19
89 120 6
89 121 8
89 123 2
89 125 7
89 126 14
89 129 5
89 130 7
89 131 2
89 133 20
89 134 5
89 136 20
89 138 14
89 141 1
89 142 15
89 144 13
89 147 18
89 148 15
89 149 12
89 157 6
89 161 15
89 162 12
89 163 9
89 166 12
89 167 9
89 168 3
89 171 5
89 175 20
89 176 19
89 181 2
89 182 3
89 189 1
89 191 17
89 192 5
89 195 6
89 197 1
89 198 12
90 91 9
90 95 1
90 96 14
90 100 19
90 101 5
90 103 12
90 106 2
90 107 8
90 108 8
90 109 16
90 111 15
90 112 2
90 113 12
90 115 15
90 117 10
90 118 13
90 119 13
90 120 11
90 123 12
90 124 20
90 126 5
90 128 6
90 135 7
90 137 6
90 138 12
90 141 18
90 142 4
90 145 7
90 146 12
90 151 4
90 154 17
90 155 3
90 157 10
90 160 6
90 161 19
90 162 15
90 164 15
90 168 4
90 169 3
90 173 19
90 174 4
90 179 5
90 180 20
90 181 20
90 182 18
90 183 6
90 187 17
90 188 14
90 190 9
90 193 20
90 197 15
90 199 4
91 93 17
91 96 6
91 97 19
91 98 4
91 99 17
91 100 14
91 102 3
91 104 17
91 105 13
91 108 17
91 109 16
91 110 7
91 113 10
91 115 14
91 116 10
91 117 17
91 119 2
91 120 15
91 123 6
91 124 8
91 125 3
91 126 20
91 128 5
91 130 12
91 131 5
91 132 4
91 136 14
91 138 1
91 139 14
91 140 4
91 146 6
91 149 15
91 150 20
91 152 15
91 154 4
91 155 6
91 156 15
91 158 11
91 159 14
91 163 17
91 164 19
91 165 9
91 166 19
91 167 14
91 168 17
91 172 1
91 173 17
91 177 12
91 183 13
91 184 19
91 185 16
91 188 5
91 192 16
91 195 19
91 196 1
91 197 9
91 198 17
92 95 9
92 99 3
92 100 7
92 101 3
92 102 4
92 104 3
92 108 20
92 114 18
92 115 16
92 117 19
92 118 20
92 120 2
92 125 6
92 128 6
92 134 17
92 139 20
92 140 13
92 141 17
92 142 12
92 145 7
92 146 20
92 148 5
92 149 11
92 150 11
92 152 5
92 153 20
92 154 16
92 156 16
92 158 7
92 159 3
92 168 13
92 169 16
92 171 10
92 172 16
92 173 10
92 174 19
92 177 19
92 178 19
92 179 19
92 182 5
92 183 20
92 184 6
92 186 5
92 187 11
92 191 5
92 193 8
92 196 12
92 199 6
93 94 20
93 95 20
93 96 19
93 98 10
93 99 4
93 100 19
93 103 14
93 109 3
93 110 11
93 111 9
93 112 15
93 113 12
93 118 7
93 119 17
93 120 8
93 121 5
93 122 19
93 124 2
93 125 6
93 127 19
93 129 18
93 130 20
93 131 9
93 132 18
93 134 8
93 137 20
93 139 3
93 140 8
93 142 13
93 143 15
93 144 9
93 145 6
93 146 18
93 147 4
93 149 14
93 151 20
93 152 5
93 154 8
93 156 13
93 161 4
93 168 16
93 171 2
93 172 8
93 173 12
93 176 19
93 182 20
93 183 6
93 187 9
93 188 11
93 189 4
93 191 13
93 192 20
93 194 5
93 195 1
93 197 2
93 198 9
94 97 1
94 100 12
94 103 2
94 104 18
94 105 19
94 108 12
94 109 4
94 110 4
94 113 1
94 117 16
94 123 14
94 131 7
94 132 2
94 134 18
94 136 17
94 140 16
94 141 18
94 144 2
94 147 19
94 154 14
94 155 11
94 157 9
94 160 7
94 162 16
94 163 1
94 169 20
94 176 3
94 177 14
94 178 20
94 180 17
94 181 7
94 184 9
94 186 19
94 189 19
94 190 16
94 191 6
94 193 3
94 195 19
94 198 5
95 98 6
95 99 19
95 101 9
95 103 13
95 105 12
95 106 20
95 107 1
95 108 2
95 113 11
95 114 10
95 116 20
95 117 19
95 118 5
95 119 2
95 120 5
95 123 8
95 127 7
95 129 15
95 130 10
95 132 18
95 133 17
95 134 7
95 141 9
95 143 8
95 144 20
95 145 8
95 148 7
95 154 6
95 155 8
95 157 17
95 159 14
95 160 7
95 161 10
95 162 15
95 164 9
95 166 17
95 171 15
95 174 8
95 181 14
95 184 5
95 185 20
95 187 3
95 188 11
95 189 6
95 195 19
95 196 8
95 197 4
95 198 15
95 199 2
96 97 13
96 98 4
96 101 7
96 105 14
96 109 11
96 110 7
96 111 20
96 112 8
96 114 1
96 116 15
96 118 9
96 119 5
96 121 16
96 125 2
96 126 5
96 129 18
96 131 11
96 135 18
96 138 6
96 141 10
96 142 11
96 146 9
96 148 5
96 149 3
96 150 11
96 151 16
96 152 7
96 153 9
96 159 7
96 160 2
96 162 9
96 163 18
96 164 5
96 166 16
96 167 3
96 168 10
96 169 9
96 173 6
96 176 13
96 181 11
96 183 20
96 185 20
96 188 8
96 190 6
96 193 11
96 194 7
96 195 16
96 196 19
96 199 14
97 98 8
97 99 17
97 100 4
97 101 18
97 104 4
97 105 8
97 106 13
97 108 13
97 112 10
97 116 3
97 117 15
97 118 20
97 119 20
97 125 10
97 126 4
97 128 8
97 129 17
97 130 5
97 131 3
97 134 17
97 135 7
97 136 7
97 137 10
97 139 3
97 142 18
97 144 19
97 146 10
97 149 17
97 150 20
97 151 2
97 152 19
97 156 15
97 157 17
97 160 12
97 161 10
97 162 2
97 163 1
97 164 8
97 167 1
97 169 13
97 171 15
97 176 20
97 183 19
97 184 2
97 186 12
97 189 18
97 191 5
97 193 6
97 196 8
97 199 15
98 100 4
98 101 14
98 102 6
98 103 16
98 104 8
98 105 15
98 106 12
98 108 20
98 110 9
98 111 18
98 116 6
98 119 8
98 123 1
98 125 3
98 129 9
98 130 9
98 131 13
98 148 19
98 151 6
98 152 14
98 153 1
98 154 7
98 162 18
98 165 19
98 166 19
98 167 20
98 168 17
98 169 2
98 174 2
98 175 16
98 176 3
98 181 12
98 184 12
98 188 20
98 191 14
98 192 20
98 194 16
99 102 16
99 103 11
99 107 1
99 109 11
99 110 10
99 111 13
99 113 7
99 114 6
99 117 10
99 118 9
99 121 3
99 122 19
99 124 10
99 125 11
99 126 4
99 127 18
99 129 3
99 130 19
99 131 7
99 132 16
99 133 5
99 134 18
99 135 11
99 136 2
99 137 11
99 139 20
99 140 11
99 142 13
99 143 11
99 144 3
99 145 7
99 147 11
99 149 12
99 152 13
99 153 9
99 155 5
99 158 17
99 159 16
99 160 14
99 163 7
99 164 18
99 165 11
99 166 4
99 167 19
99 168 6
99 170 5
99 172 9
99 173 12
99 176 14
99 179 20
99 180 3
99 181 10
99 185 8
99 187 3
99 188 13
99 189 10
99 192 15
99 193 3
99 196 20
99 197 7
99 198 17
100 102 9
100 103 2
100 104 18
100 105 11
100 112 11
100 113 6
100 114 6
100 116 17
100 117 11
100 123 18
100 126 3
100 127 20
100 128 19
100 131 4
100 136 15
100 138 18
100 141 9
100 142 9
100 143 6
100 145 14
100 147 15
100 151 6
100 152 6
100 153 19
100 158 18
100 159 18
100 160 16
100 161 11
100 162 18
100 163 16
100 164 18
100 165 10
100 166 5
100 169 20
100 170 6
100 173 11
100 174 2
100 175 2
100 176 3
100 177 17
100 181 5
100 182 17
100 183 15
100 186 17
100 188 17
100 189 6
100 190 4
100 192 20
100 194 18
100 197 13
100 198 5
100 199 9
101 102 16
101 105 16
101 106 17
101 107 20
101 108 4
101 110 11
101 113 8
101 114 13
101 115 17
101 117 14
101 118 4
101 119 12
101 124 9
101 125 9
101 126 10
101 130 12
101 132 11
101 133 11
101 134 4
101 140 4
101 141 10
101 144 10
101 145 9
101 147 4
101 149 16
101 150 4
101 151 20
101 153 5
101 157 7
101 159 17
101 161 6
101 162 9
101 164 14
101 167 10
101 168 15
101 169 8
101 171 1
101 173 5
101 176 3
101 177 2
101 178 15
101 180 11
101 182 4
101 183 14
101 184 4
101 185 20
101 186 11
101 188 18
101 190 17
101 191 16
101 192 3
101 193 7
101 194 18
101 197 16
102 103 4
102 105 6
102 106 10
102 107 10
102 108 8
102 110 10
102 111 1
102 115 20
102 117 2
102 120 1
102 122 5
102 126 5
102 127 3
102 128 20
102 129 12
102 130 7
102 133 9
102 134 8
102 135 7
102 144 2
102 145 2
102 147 4
102 149 2
102 150 3
102 151 11
102 153 9
102 156 19
102 160 17
102 161 14
102 163 14
102 166 16
102 167 19
102 168 7
102 172 15
102 175 6
102 177 18
102 178 8
102 179 16
102 180 19
102 183 16
102 184 16
102 185 9
102 187 19
102 188 7
102 192 4
102 195 6
102 196 12
102 198 16
102 199 2
103 104 9
103 105 10
103 106 8
103 108 9
103 109 13
103 110 4
103 112 11
103 118 1
103 119 18
103 120 4
103 121 14
103 123 14
103 124 1
103 125 1
103 126 14
103 127 5
103 129 9
103 132 4
103 137 16
103 138 19
103 139 4
103 140 18
103 148 7
103 151 8
103 154 2
103 155 16
103 158 4
103 159 1
103 160 10
103 161 7
103 162 9
103 163 19
103 166 7
103 169 8
103 170 7
103 173 17
103 175 10
103 177 19
103 178 4
103 179 14
103 180 2
103 181 20
103 182 4
103 184 4
103 185 16
103 188 14
103 193 13
103 194 1
104 108 16
104 111 16
104 112 18
104 113 1
104 115 20
104 117 2
104 120 16
104 121 18
104 125 19
104 126 6
104 128 17
104 129 3
104 130 1
104 131 1
104 133 16
104 134 12
104 135 20
104 137 13
104 140 15
104 142 18
104 144 20
104 147 1
104 148 20
104 150 1
104 152 15
104 153 7
104 154 1
104 155 18
104 156 18
104 157 19
104 159 5
104 162 19
104 165 1
104 166 20
104 167 8
104 170 8
104 172 1
104 177 17
104 179 15
104 180 19
104 181 2
104 183 3
104 184 18
104 185 20
104 187 10
104 188 4
104 189 20
104 190 6
104 194 7
104 195 5
104 196 20
104 198 6
104 199 20
105 109 10
105 113 10
105 114 1
105 116 4
105 117 16
105 118 18
105 120 20
105 121 2
105 125 20
105 126 6
105 128 7
105 129 8
105 132 7
105 133 18
105 134 13
105 135 20
105 137 5
105 139 14
105 142 8
105 143 14
105 144 14
105 145 11
105 146 15
105 147 18
105 148 7
105 151 18
105 152 13
105 157 7
105 159 10
105 162 8
105 167 19
105 168 16
105 171 17
105 173 15
105 175 15
105 177 18
105 178 9
105 182 3
105 183 19
105 184 10
105 185 11
105 188 19
106 107 15
106 111 1
106 117 3
106 118 5
106 119 15
106 120 7
106 122 8
106 123 13
106 125 8
106 126 13
106 127 18
106 128 15
106 129 15
106 131 17
106 132 18
106 133 20
106 134 6
106 136 8
106 137 20
106 145 9
106 148 15
106 149 15
106 150 20
106 152 6
106 155 9
106 156 6
106 157 19
106 158 6
106 160 16
106 162 10
106 163 16
106 165 9
106 167 9
106 168 10
106 172 2
106 174 4
106 175 19
106 178 5
106 180 17
106 181 7
106 182 11
106 184 12
106 185 19
106 186 3
106 190 6
106 191 7
106 194 1
106 196 11
106 199 18
107 110 11
107 111 1
107 114 12
107 118 17
107 120 10
107 121 5
107 122 19
107 123 2
107 124 6
107 125 17
107 128 5
107 129 18
107 131 3
107 133 2
107 134 2
107 136 12
107 138 9
107 139 7
107 140 9
107 141 14
107 149 15
107 153 12
107 154 17
107 156 18
107 157 17
107 159 11
107 160 10
107 164 2
107 165 5
107 167 6
107 169 20
107 171 19
107 173 8
107 175 19
107 176 8
107 177 20
107 178 16
107 181 7
107 185 11
107 186 19
107 189 19
107 190 2
107 191 2
107 196 8
107 198 4
108 110 17
108 113 4
108 116 1
108 117 16
108 118 15
108 119 7
108 121 17
108 124 11
108 125 3
108 128 11
108 129 19
108 130 1
108 131 6
108 132 2
108 133 1
108 134 2
108 136 16
108 137 12
108 138 19
108 139 16
108 143 3
108 144 18
108 146 18
108 148 19
108 149 5
108 151 1
108 152 20
108 153 15
108 155 8
108 156 10
108 157 14
108 160 4
108 161 4
108 162 6
108 163 7
108 166 18
108 168 7
108 169 15
108 170 19
108 174 9
108 175 4
108 176 8
108 177 15
108 178 15
108 179 5
108 180 3
108 183 14
108 184 11
108 185 10
108 186 15
108 189 8
108 190 17
108 194 12
108 195 20
108 198 11
109 110 3
109 111 8
109 112 12
109 114 13
109 115 1
109 116 1
109 119 11
109 121 11
109 123 8
109 127 2
109 128 7
109 129 11
109 130 11
109 132 10
109 134 20
109 136 16
109 138 19
109 140 16
109 141 13
109 142 11
109 143 3
109 146 7
109 147 16
109 149 3
109 150 18
109 151 16
109 152 6
109 155 11
109 160 9
109 162 9
109 163 13
109 164 15
109 166 17
109 170 4
109 172 16
109 174 20
109 177 18
109 178 16
109 181 20
109 182 15
109 183 2
109 184 17
109 186 4
109 187 4
109 191 6
109 194 15
109 196 8
110 111 2
110 112 14
110 113 10
110 114 16
110 116 12
110 117 4
110 124 19
110 125 7
110 126 2
110 127 4
110 128 12
110 129 1
110 132 15
110 133 19
110 135 18
110 136 16
110 138 13
110 140 15
110 143 4
110 145 2
110 147 8
110 151 15
110 156 5
110 161 14
110 162 2
110 163 8
110 169 19
110 170 7
110 171 20
110 175 16
110 176 19
110 177 10
110 178 8
110 182 6
110 184 12
110 185 11
110 187 18
110 189 20
110 190 10
110 192 14
110 193 7
110 199 11
111 112 13
111 114 4
111 115 3
111 116 1
111 117 7
111 119 5
111 120 1
111 121 17
111 123 6
111 124 6
111 125 10
111 126 16
111 127 10
111 128 11
111 133 6
111 134 6
111 135 1
111 136 11
111 137 16
111 138 6
111 139 3
111 140 3
111 141 6
111 142 12
111 145 16
111 146 10
111 147 17
111 149 20
111 151 1
111 152 10
111 153 7
111 155 19
111 157 13
111 158 18
111 161 14
111 162 4
111 163 8
111 164 16
111 168 6
111 169 7
111 170 17
111 172 1
111 174 5
111 175 15
111 177 17
111 178 18
111 181 13
111 182 1
111 183 9
111 185 16
111 186 19
111 189 7
111 193 8
111 195 13
112 113 7
112 114 7
112 115 18
112 116 13
112 118 8
112 122 3
112 124 17
112 127 20
112 128 12
112 129 10
112 130 11
112 133 2
112 135 19
112 136 19
112 141 10
112 143 5
112 146 11
112 147 7
112 148 4
112 149 1
112 150 20
112 151 12
112 153 1
112 156 11
112 157 13
112 160 13
112 161 10
112 162 11
112 166 4
112 169 10
112 170 14
112 171 18
112 173 20
112 174 13
112 179 5
112 180 11
112 182 14
112 184 20
112 188 3
112 190 14
112 191 9
112 193 17
112 194 19
112 195 3
112 196 6
112 197 15
112 199 3
113 118 7
113 121 19
113 122 18
113 125 13
113 129 6
113 131 4
113 132 5
113 134 6
113 135 2
113 136 6
113 137 15
113 138 3
113 140 3
113 141 5
113 143 3
113 144 6
113 148 16
113 149 11
113 150 17
113 152 11
113 155 4
113 156 9
113 157 12
113 159 6
113 160 2
113 164 5
113 165 16
113 166 15
113 167 7
113 168 11
113 169 8
113 170 11
113 171 13
113 172 11
113 174 5
113 175 14
113 178 2
113 180 16
113 181 7
113 184 4
113 186 16
113 187 4
113 189 11
113 190 7
113 191 16
113 197 16
113 198 5
114 115 16
114 116 6
114 117 5
114 118 18
114 119 16
114 120 9
114 122 10
114 123 7
114 126 17
114 130 12
114 131 19
114 132 15
114 133 14
114 135 20
114 136 8
114 137 17
114 138 19
114 141 7
114 142 12
114 143 2
114 144 15
114 145 13
114 146 3
114 147 19
114 149 14
114 151 2
114 152 7
114 153 18
114 156 17
114 158 7
114 160 12
114 161 2
114 168 4
114 169 9
114 171 7
114 172 14
114 174 3
114 175 4
114 176 6
114 178 15
114 183 17
114 185 4
114 188 9
114 190 9
114 194 17
114 195 7
114 196 8
114 197 17
114 198 19
114 199 17
115 118 2
115 119 3
115 122 5
115 123 8
115 125 15
115 128 9
115 131 15
115 134 18
115 135 15
115 136 9
115 137 2
115 139 11
115 142 11
115 145 4
115 148 9
115 149 11
115 151 17
115 153 2
115 154 17
115 158 15
115 162 16
115 163 18
115 164 18
115 165 15
115 166 13
115 169 11
115 174 4
115 175 19
115 176 18
115 178 2
115 181 20
115 182 15
115 184 4
115 185 14
115 186 2
115 189 4
115 192 13
115 193 3
116 117 11
116 118 10
116 120 15
116 121 5
116 122 5
116 124 6
116 125 11
116 127 18
116 128 3
116 129 1
116 130 18
116 132 13
116 134 14
116 136 6
116 140 12
116 144 1
116 149 10
116 150 19
116 154 4
116 155 7
116 156 14
116 158 10
116 160 2
116 162 2
116 164 12
116 165 12
116 166 2
116 170 12
116 171 17
116 183 1
116 185 5
116 187 20
116 189 20
116 191 20
116 192 17
116 194 6
116 196 8
116 198 7
116 199 17
117 119 19
117 122 12
117 123 18
117 126 13
117 127 7
117 129 6
117 131 11
117 132 18
117 134 2
117 138 20
117 141 8
117 142 14
117 144 12
117 146 11
117 148 16
117 152 1
117 154 2
117 156 14
117 161 20
117 163 9
117 164 12
117 166 11
117 167 19
117 168 11
117 169 7
117 170 11
117 171 6
117 172 18
117 174 10
117 176 9
117 178 20
117 180 12
117 181 2
117 184 1
117 186 5
117 188 3
117 189 4
117 191 4
117 192 2
117 195 20
117 196 12
117 197 12
118 119 6
118 120 16
118 121 6
118 123 5
118 125 16
118 127 2
118 130 18
118 131 18
118 137 3
118 141 11
118 142 18
118 148 14
118 151 16
118 153 14
118 155 18
118 156 12
118 158 12
118 162 6
118 163 3
118 164 6
118 165 12
118 168 5
118 170 15
118 173 17
118 174 1
118 175 14
118 178 19
118 182 19
118 184 18
118 185 3
118 186 2
118 187 19
118 188 8
118 189 2
118 190 7
118 191 14
118 192 19
118 193 2
118 195 15
118 198 19
119 120 20
119 121 3
119 122 2
119 123 12
119 124 19
119 126 18
119 128 4
119 130 13
119 132 9
119 134 7
119 135 11
119 136 16
119 138 13
119 140 9
119 143 2
119 144 15
119 145 4
119 146 5
119 153 10
119 154 1
119 157 4
119 159 4
119 160 19
119 161 2
119 164 15
119 167 15
119 170 5
119 175 4
119 176 5
119 180 7
119 182 8
119 184 20
119 185 12
119 186 3
119 191 7
119 193 2
119 194 7
119 195 12
119 197 20
120 121 20
120 122 8
120 128 17
120 129 5
120 132 4
120 133 1
120 135 8
120 137 20
120 141 3
120 144 16
120 147 1
120 150 10
120 152 13
120 154 11
120 158 9
120 159 1
120 161 2
120 162 6
120 163 11
120 170 5
120 172 2
120 176 12
120 178 2
120 179 11
120 180 9
120 188 1
120 191 10
120 192 6
120 195 16
120 197 18
120 198 10
120 199 8
121 122 18
121 123 10
121 125 9
121 126 13
121 127 18
121 129 12
121 134 13
121 137 20
121 138 14
121 139 19
121 140 14
121 145 13
121 147 16
121 149 17
121 150 13
121 153 12
121 156 9
121 157 15
121 158 20
121 162 18
121 164 8
121 166 2
121 167 3
121 169 11
121 170 14
121 174 15
121 177 8
121 178 8
121 180 20
121 181 3
121 183 15
121 185 12
121 187 4
121 188 3
121 189 13
121 192 3
121 194 4
121 197 18
122 123 13
122 125 3
122 126 20
122 127 6
122 128 5
122 131 13
122 132 16
122 136 3
122 137 11
122 138 2
122 139 12
122 140 6
122 141 12
122 143 5
122 144 8
122 146 14
122 149 19
122 150 11
122 153 18
122 154 10
122 158 7
122 159 2
122 160 1
122 162 13
122 163 2
122 164 2
122 165 7
122 168 9
122 169 15
122 170 17
122 172 11
122 173 8
122 175 11
122 177 8
122 179 13
122 180 8
122 184 3
122 187 6
122 188 11
122 191 18
122 192 19
122 193 8
122 195 19
122 198 17
122 199 10
123 124 10
123 125 7
123 128 20
123 133 17
123 135 18
123 138 11
123 141 14
123 144 5
123 145 3
123 146 2
123 147 16
123 148 15
123 149 11
123 151 16
123 152 1
123 153 18
123 154 11
123 158 16
123 162 15
123 163 15
123 167 4
123 170 13
123 173 13
123 175 4
123 177 7
123 182 4
123 184 1
123 197 3
124 125 3
124 126 12
124 128 15
124 129 15
124 130 2
124 133 9
124 134 15
124 135 14
124 138 2
124 139 6
124 142 5
124 148 10
124 150 8
124 152 16
124 153 12
124 154 8
124 155 19
124 157 8
124 158 14
124 160 5
124 163 1
124 167 17
124 169 15
124 170 17
124 173 16
124 174 12
124 177 15
124 181 3
124 183 10
124 184 17
124 189 4
124 190 5
124 193 12
124 194 18
124 198 12
125 127 15
125 128 15
125 129 14
125 130 13
125 133 4
125 134 11
125 135 16
125 136 12
125 143 14
125 145 17
125 147 12
125 149 8
125 156 17
125 157 20
125 158 3
125 161 3
125 162 6
125 164 15
125 165 19
125 170 8
125 171 6
125 174 7
125 178 13
125 183 2
125 184 19
125 185 19
125 189 9
125 193 8
125 194 12
125 195 1
125 196 18
126 129 20
126 130 16
126 133 11
126 135 20
126 138 9
126 139 10
126 142 20
126 143 3
126 147 4
126 148 13
126 150 19
126 151 19
126 158 9
126 159 2
126 160 4
126 165 8
126 166 16
126 170 10
126 171 18
126 172 16
126 175 2
126 176 16
126 177 6
126 179 9
126 180 15
126 181 19
126 186 12
126 189 3
126 191 20
126 193 4
126 194 4
126 195 14
126 199 7
127 128 16
127 129 7
127 132 19
127 133 14
127 136 15
127 137 3
127 138 8
127 141 12
127 144 10
127 145 9
127 148 5
127 149 12
127 151 3
127 152 13
127 154 9
127 161 5
127 163 7
127 164 9
127 172 1
127 175 15
127 176 2
127 178 7
127 180 12
127 181 15
127 182 8
127 184 16
127 186 14
127 188 12
127 190 9
127 191 15
127 192 13
127 193 20
127 197 7
127 198 10
128 131 7
128 133 5
128 135 17
128 138 8
128 139 9
128 140 8
128 141 13
128 143 6
128 148 16
128 150 12
128 151 9
128 152 13
128 153 20
128 156 18
128 159 11
128 163 14
128 166 13
128 167 17
128 169 18
128 170 15
128 171 14
128 173 11
128 175 16
128 177 10
128 181 6
128 182 1
128 183 1
128 186 15
128 187 3
128 189 9
128 191 1
128 193 15
128 195 13
128 196 10
129 130 19
129 132 16
129 134 9
129 139 4
129 140 2
129 141 11
129 143 17
129 149 16
129 157 11
129 159 15
129 160 10
129 163 3
129 165 2
129 166 2
129 167 4
129 169 5
129 175 13
129 177 2
129 178 17
129 179 17
129 180 19
129 181 5
129 182 8
129 187 3
129 188 17
129 189 4
129 190 7
129 191 14
129 192 12
129 194 2
129 196 17
129 197 1
130 131 10
130 132 18
130 134 18
130 137 7
130 139 9
130 140 2
130 141 9
130 144 3
130 147 17
130 148 3
130 149 1
130 152 1
130 154 18
130 156 5
130 159 15
130 160 1
130 164 17
130 165 6
130 168 8
130 173 14
130 174 7
130 176 20
130 178 7
130 179 9
130 181 20
130 182 3
130 183 13
130 185 9
130 186 19
130 187 16
130 189 17
130 190 18
130 191 1
130 192 6
130 195 10
130 196 19
130 197 1
130 198 5
131 132 16
131 134 2
131 135 3
131 136 2
131 137 17
131 140 6
131 142 4
131 143 17
131 144 19
131 147 9
131 148 5
131 150 17
131 152 11
131 154 10
131 156 14
131 157 8
131 158 12
131 160 17
131 163 11
131 165 6
131 168 12
131 171 6
131 175 7
131 180 8
131 183 4
131 184 9
131 186 8
131 187 16
131 189 17
131 190 9
131 192 2
131 193 11
131 195 18
131 196 6
131 197 4
131 199 3
132 137 20
132 138 13
132 139 14
132 140 17
132 141 1
132 142 16
132 143 8
132 144 4
132 145 5
132 150 13
132 154 17
132 155 12
132 156 18
132 157 5
132 162 19
132 163 8
132 164 12
132 165 8
132 166 10
132 167 3
132 170 13
132 172 14
132 173 7
132 174 11
132 176 7
132 177 16
132 179 13
132 180 3
132 182 19
132 185 7
132 187 14
132 192 16
132 193 18
132 194 14
132 195 2
132 196 2
132 198 7
132 199 20
133 134 10
133 137 5
133 140 13
133 144 19
133 149 3
133 150 14
133 151 2
133 152 19
133 153 4
133 154 12
133 157 6
133 159 20
133 160 1
133 164 9
133 165 11
133 166 11
133 167 13
133 168 4
133 170 20
133 174 9
133 177 15
133 178 14
133 181 15
133 183 4
133 184 11
133 189 19
133 190 11
133 191 11
133 193 4
133 194 7
133 196 3
133 197 4
133 198 7
133 199 2
134 136 20
134 138 14
134 141 19
134 147 9
134 149 14
134 150 14
134 151 4
134 155 2
134 156 19
134 157 20
134 158 2
134 159 2
134 170 19
134 176 12
134 177 4
134 179 17
134 180 9
134 182 12
134 184 5
134 185 6
134 190 10
134 191 9
134 193 14
134 194 16
134 198 3
135 136 14
135 140 15
135 141 1
135 143 18
135 145 4
135 146 6
135 147 8
135 149 16
135 150 2
135 151 8
135 153 14
135 155 4
135 156 9
135 159 3
135 160 2
135 164 13
135 168 16
135 169 1
135 172 9
135 174 1
135 176 9
135 180 16
135 181 1
135 183 4
135 184 8
135 187 5
135 188 16
135 190 20
135 191 15
135 196 15
135 198 16
136 138 10
136 140 2
136 141 19
136 142 11
136 143 15
136 145 11
136 147 7
136 149 17
136 154 6
136 155 2
136 157 3
136 158 13
136 159 15
136 160 19
136 162 5
136 165 4
136 166 10
136 167 11
136 168 14
136 169 5
136 170 4
136 172 2
136 174 11
136 176 18
136 180 20
136 185 13
136 188 2
136 189 18
136 191 1
136 197 8
136 198 5
136 199 14
137 138 17
137 143 2
137 144 10
137 147 1
137 150 6
137 153 1
137 155 15
137 156 1
137 157 10
137 160 5
137 161 19
137 162 3
137 163 8
137 164 18
137 165 14
137 166 19
137 172 18
137 173 7
137 174 19
137 180 8
137 182 9
137 183 15
137 185 15
137 186 2
137 187 10
137 192 1
137 195 14
137 196 12
137 197 3
138 141 7
138 143 11
138 144 12
138 146 7
138 148 13
138 150 5
138 152 4
138 153 20
138 160 1
138 162 9
138 165 3
138 167 5
138 170 7
138 173 11
138 174 1
138 176 3
138 177 14
138 179 6
138 182 18
138 183 14
138 186 7
138 187 20
138 188 10
138 189 2
138 190 7
138 191 4
138 192 13
138 194 6
138 195 1
138 196 9
138 197 20
139 142 20
139 147 18
139 149 15
139 152 3
139 155 10
139 157 10
139 158 1
139 159 14
139 161 3
139 162 9
139 163 20
139 168 5
139 171 15
139 174 3
139 175 19
139 176 16
139 177 20
139 178 8
139 179 13
139 182 11
139 183 10
139 184 11
139 190 1
139 192 10
139 194 6
139 196 8
139 197 14
139 198 5
139 199 3
140 142 11
140 147 3
140 148 13
140 150 12
140 151 9
140 152 3
140 153 4
140 154 9
140 158 2
140 160 14
140 161 9
140 165 18
140 166 6
140 167 19
140 168 13
140 169 8
140 170 8
140 172 20
140 175 7
140 177 13
140 178 13
140 179 6
140 181 6
140 182 14
140 187 18
140 189 7
140 190 1
140 191 7
140 194 18
140 196 15
141 142 8
141 144 14
141 149 3
141 150 13
141 151 16
141 153 7
141 156 11
141 158 3
141 160 7
141 163 20
141 164 18
141 165 10
141 169 1
141 174 12
141 175 6
141 176 3
141 177 20
141 178 3
141 184 7
141 186 16
141 187 15
141 189 4
141 190 11
141 192 11
141 193 19
141 194 2
141 195 9
141 196 5
141 197 1
141 198 4
141 199 3
142 144 9
142 149 10
142 150 3
142 154 4
142 156 8
142 159 6
142 160 19
142 162 10
142 163 13
142 164 18
142 165 6
142 170 9
142 171 6
142 174 15
142 175 12
142 177 11
142 180 19
142 183 9
142 185 15
142 189 11
142 190 10
142 191 5
142 192 17
142 193 9
142 196 4
142 197 18
142 198 2
143 145 1
143 149 18
143 150 1
143 153 18
143 154 15
143 156 5
143 157 2
143 158 16
143 162 11
143 164 7
143 168 20
143 171 5
143 173 13
143 174 9
143 175 14
143 176 6
143 177 6
143 179 13
143 180 13
143 183 3
143 184 2
143 185 14
143 189 2
143 191 13
143 193 19
143 194 7
143 196 19
143 197 5
144 145 15
144 150 9
144 151 3
144 152 5
144 154 13
144 155 8
144 156 20
144 158 20
144 160 19
144 163 9
144 164 9
144 169 12
144 173 12
144 174 20
144 175 4
144 176 13
144 177 2
144 179 17
144 181 2
144 182 17
144 184 6
144 186 3
144 187 2
144 188 10
144 189 10
144 190 5
144 194 13
144 196 3
144 199 4
145 146 11
145 147 11
145 148 13
145 150 7
145 157 14
145 160 3
145 166 15
145 167 8
145 168 13
145 171 4
145 173 6
145 174 10
145 175 3
145 178 6
145 179 16
145 181 16
145 182 2
145 190 11
145 193 17
145 194 1
145 195 18
145 196 13
145 197 18
145 198 15
145 199 10
146 147 3
146 149 4
146 150 14
146 152 15
146 153 16
146 156 1
146 157 11
146 162 18
146 163 7
146 164 8
146 165 13
146 166 15
146 170 4
146 172 2
146 176 20
146 177 18
146 178 11
146 181 15
146 182 7
146 183 11
146 189 6
146 195 6
146 196 19
146 197 9
146 199 7
147 149 17
147 150 15
147 151 16
147 152 8
147 153 2
147 154 12
147 155 2
147 159 14
147 161 8
147 168 15
147 170 10
147 171 12
147 174 2
147 175 13
147 176 14
147 177 15
147 178 2
147 179 17
147 180 6
147 184 19
147 187 17
147 190 16
147 191 13
147 193 9
147 194 13
147 195 13
147 196 5
147 197 5
147 199 12
148 149 17
148 151 11
148 153 6
148 155 13
148 158 19
148 159 2
148 161 15
148 164 20
148 169 4
148 170 8
148 171 11
148 172 1
148 177 2
148 178 18
148 179 5
148 180 11
148 182 18
148 183 3
148 184 18
148 187 10
148 189 4
148 190 1
148 191 19
148 192 17
148 196 20
148 199 12
149 153 6
149 154 7
149 156 13
149 157 15
149 159 12
149 160 4
149 161 13
149 162 10
149 164 1
149 165 18
149 167 17
149 168 20
149 169 1
149 170 20
149 171 8
149 175 10
149 177 4
149 178 8
149 180 17
149 181 4
149 183 6
149 184 1
149 185 14
149 194 17
149 195 14
149 198 2
149 199 16
150 153 9
150 155 20
150 160 5
150 162 4
150 163 11
150 171 11
150 172 18
150 174 1
150 178 18
150 179 19
150 181 2
150 186 4
150 191 3
150 195 6
150 199 7
151 153 4
151 154 13
151 156 5
151 157 3
151 159 3
151 168 4
151 169 13
151 170 14
151 172 3
151 173 15
151 174 7
151 175 12
151 179 13
151 180 6
151 183 4
151 184 17
151 186 7
151 189 3
151 191 5
151 192 14
151 193 1
151 194 16
151 195 3
151 196 5
151 197 20
151 199 5
152 153 20
152 154 14
152 155 8
152 156 3
152 158 10
152 159 7
152 162 1
152 163 19
152 168 9
152 169 19
152 173 3
152 176 5
152 177 8
152 181 10
152 182 16
152 183 9
152 186 17
152 188 19
152 189 2
152 190 10
152 193 14
152 196 10
152 199 10
153 156 19
153 158 9
153 160 8
153 171 7
153 173 1
153 175 11
153 176 12
153 177 1
153 180 18
153 182 15
153 184 18
153 185 16
153 191 14
153 194 17
153 197 16
154 155 2
154 157 1
154 159 2
154 160 18
154 161 17
154 164 9
154 165 15
154 166 14
154 169 15
154 171 1
154 178 17
154 180 16
154 181 20
154 184 9
154 185 11
154 186 4
154 187 19
154 188 1
154 189 9
154 191 6
154 194 5
154 196 12
154 197 16
154 199 12
155 157 3
155 161 6
155 163 2
155 165 18
155 167 5
155 170 8
155 171 11
155 174 5
155 175 19
155 176 19
155 178 7
155 182 7
155 186 5
155 187 2
155 191 7
155 194 5
155 195 7
155 197 1
156 162 7
156 164 1
156 165 16
156 166 8
156 167 18
156 168 11
156 169 20
156 171 7
156 174 16
156 175 14
156 176 13
156 178 10
156 179 6
156 182 12
156 183 5
156 184 10
156 192 11
156 193 4
156 198 15
157 158 19
157 160 2
157 161 6
157 162 10
157 163 2
157 164 1
157 165 8
157 167 6
157 170 14
157 172 5
157 175 6
157 180 10
157 181 12
157 182 15
157 183 2
157 185 12
157 187 8
157 188 18
157 190 10
157 191 12
157 192 18
157 193 1
157 194 14
157 195 9
157 196 5
157 198 15
157 199 14
158 159 15
158 160 1
158 161 16
158 162 10
158 163 17
158 164 15
158 168 3
158 171 15
158 172 17
158 177 5
158 181 20
158 186 6
158 187 19
158 188 11
158 193 19
158 195 4
158 196 15
158 199 4
159 160 2
159 161 16
159 162 7
159 164 1
159 166 17
159 170 10
159 171 9
159 172 2
159 173 13
159 174 3
159 176 8
159 177 8
159 178 13
159 181 2
159 182 3
159 183 7
159 184 2
159 186 8
159 187 5
159 189 15
159 194 1
159 197 9
159 198 1
159 199 16
160 162 12
160 166 17
160 167 9
160 168 16
160 169 6
160 171 17
160 172 12
160 174 6
160 176 20
160 180 9
160 181 5
160 184 19
160 185 7
160 187 11
160 189 14
160 190 19
160 192 8
160 195 19
160 197 10
160 198 2
160 199 14
161 165 8
161 166 12
161 167 6
161 168 5
161 169 10
161 170 11
161 172 1
161 177 18
161 178 15
161 180 8
161 182 12
161 183 2
161 184 20
161 188 3
161 189 6
161 190 13
161 191 19
161 192 14
161 198 2
162 165 12
162 167 17
162 168 10
162 169 13
162 171 9
162 172 3
162 174 11
162 175 1
162 176 13
162 179 11
162 185 14
162 189 14
162 191 1
162 192 11
162 193 7
162 194 3
163 164 10
163 165 16
163 166 12
163 168 15
163 169 8
163 170 15
163 171 19
163 172 11
163 173 19
163 174 2
163 175 14
163 176 5
163 177 3
163 179 10
163 180 20
163 181 9
163 182 14
163 184 1
163 188 4
163 189 14
163 191 10
163 193 17
163 194 3
163 195 5
163 196 11
163 197 1
163 199 16
164 165 4
164 166 7
164 168 15
164 170 5
164 177 19
164 181 16
164 182 4
164 184 14
164 185 19
164 186 20
164 188 5
164 189 6
164 191 12
164 192 12
164 194 2
164 196 7
164 198 3
164 199 10
165 167 15
165 169 17
165 172 18
165 173 15
165 174 6
165 176 6
165 178 15
165 181 9
165 185 15
165 186 14
165 187 10
165 188 9
165 189 5
165 190 1
165 191 15
165 192 5
165 195 7
166 167 5
166 168 2
166 169 2
166 173 11
166 174 4
166 176 16
166 179 4
166 181 7
166 186 13
166 187 16
166 188 20
166 191 8
166 193 13
166 194 8
166 196 1
166 197 15
166 199 19
167 169 15
167 170 9
167 172 19
167 173 10
167 176 9
167 182 9
167 183 19
167 186 5
167 187 6
167 188 18
167 189 12
167 191 10
167 192 10
167 195 13
167 196 10
167 199 5
168 169 6
168 171 9
168 172 10
168 177 10
168 178 4
168 179 1
168 180 16
168 181 2
168 184 17
168 186 19
168 188 18
168 189 7
168 190 5
168 192 15
168 193 2
168 196 9
169 170 6
169 173 6
169 175 2
169 177 1
169 178 18
169 180 2
169 182 12
169 184 2
169 185 17
169 188 6
169 189 8
169 190 11
169 192 17
169 194 17
169 195 11
169 196 2
169 197 7
169 199 1
170 171 1
170 173 14
170 174 18
170 176 8
170 178 8
170 180 19
170 185 9
170 186 17
170 189 12
170 192 17
170 194 7
171 175 16
171 176 11
171 180 17
171 182 15
171 183 15
171 184 7
171 188 19
171 189 12
171 190 3
171 191 4
171 192 14
171 195 7
171 196 10
172 173 8
172 175 17
172 179 2
172 180 9
172 182 10
172 184 15
172 185 15
172 186 2
172 188 3
172 190 7
172 192 19
172 195 17
172 199 11
173 175 11
173 176 2
173 177 12
173 178 12
173 179 15
173 181 4
173 182 11
173 183 18
173 185 8
173 186 3
173 187 5
173 188 20
173 189 7
173 194 19
173 195 3
173 199 12
174 175 13
174 178 10
174 179 14
174 180 5
174 181 6
174 182 5
174 187 3
174 188 16
174 196 9
174 198 13
175 176 20
175 179 12
175 182 3
175 183 19
175 184 9
175 185 8
175 187 3
175 188 3
175 190 16
175 191 2
175 192 12
175 195 11
175 196 12
175 198 2
175 199 16
176 177 14
176 178 10
176 181 13
176 183 18
176 185 5
176 187 20
176 188 1
176 191 19
176 194 9
176 196 7
176 198 15
176 199 4
177 178 5
177 179 10
177 182 17
177 183 16
177 186 10
177 187 5
177 190 1
177 191 7
177 193 12
177 194 6
177 195 12
177 197 4
177 198 5
177 199 9
178 179 20
178 183 5
178 184 2
178 186 16
178 187 15
178 188 2
178 189 19
178 195 2
178 196 4
178 198 10
179 183 5
179 188 17
179 192 4
179 193 2
179 194 4
179 197 10
180 182 9
180 184 18
180 185 15
180 187 15
180 188 14
180 189 14
180 190 14
180 191 12
180 192 13
180 193 14
180 194 1
180 196 10
180 198 17
180 199 10
181 185 8
181 186 10
181 191 7
181 194 13
181 197 9
181 198 16
182 183 15
182 184 11
182 188 8
182 193 18
182 194 15
182 199 18
183 185 8
183 186 15
183 187 11
183 189 18
183 190 16
183 191 2
183 193 15
183 196 9
183 197 14
184 187 20
184 188 15
184 190 13
184 191 17
184 192 16
184 194 8
184 195 1
184 199 11
185 186 2
185 189 9
185 190 7
185 192 5
185 196 12
185 199 9
186 188 12
186 190 11
186 195 1
186 197 20
187 189 10
187 190 9
187 192 12
187 193 20
187 196 14
187 197 8
187 199 14
188 189 14
188 191 7
188 192 12
188 193 1
188 199 13
189 192 5
189 193 2
189 195 3
189 197 12
189 198 20
189 199 18
190 191 5
190 195 9
190 197 5
190 198 8
190 199 8
191 192 12
191 193 9
191 194 2
191 196 6
191 197 13
191 199 5
192 193 16
192 194 12
192 196 8
192 197 5
193 195 4
194 195 10
194 196 7
195 197 3
196 198 6
196 199 7
