10000 200 160 0
0 3 19
0 4 8
0 11 7
0 13 13
0 19 3
0 21 12
0 22 1
0 24 15
0 26 10
0 27 16
0 31 3
0 38 8
0 52 13
0 57 20
0 63 11
0 69 8
0 74 11
0 77 9
0 85 8
0 92 5
0 94 15
0 97 17
0 102 2
0 103 16
0 108 14
0 118 19
0 119 14
0 127 20
0 130 13
0 132 1
0 134 20
0 136 18
0 138 12
0 142 12
0 150 20
0 154 17
0 157 9
0 160 1
0 161 10
0 162 2
0 164 11
0 165 20
0 168 6
0 169 12
0 171 1
0 176 17
0 179 15
0 182 12
0 183 2
0 185 1
0 186 10
0 190 11
0 194 20
0 196 18
1 3 7
1 9 19
1 11 13
1 12 19
1 20 13
1 32 9
1 33 11
1 34 20
1 39 19
1 40 11
1 44 5
1 48 8
1 49 18
1 50 2
1 52 4
1 57 8
1 65 4
1 67 9
1 68 7
1 71 19
1 72 6
1 76 16
1 79 2
1 80 3
1 81 5
1 82 18
1 87 3
1 89 10
1 95 2
1 101 12
1 105 15
1 111 17
1 116 2
1 119 5
1 124 9
1 129 16
1 139 20
1 150 20
1 155 4
1 157 2
1 158 14
1 159 9
1 163 6
1 169 7
1 176 6
1 177 10
1 180 5
1 183 13
1 186 13
1 187 12
1 193 3
1 196 20
1 197 19
1 199 15
2 0 14
2 7 14
2 16 11
2 19 2
2 22 3
2 27 6
2 30 1
2 33 1
2 36 1
2 39 17
2 44 19
2 46 3
2 49 20
2 51 5
2 52 7
2 59 7
2 60 16
2 68 18
2 73 3
2 83 3
2 90 15
2 91 10
2 93 12
2 96 12
2 99 3
2 109 12
2 111 14
2 122 6
2 127 4
2 130 11
2 142 17
2 145 6
2 146 2
2 148 9
2 151 10
2 161 3
2 167 20
2 171 2
2 172 17
2 182 3
2 187 15
2 188 20
2 190 7
2 199 10
3 0 8
3 4 16
3 7 11
3 15 5
3 17 11
3 25 17
3 26 19
3 28 12
3 31 9
3 33 18
3 40 12
3 49 10
3 57 6
3 60 9
3 64 19
3 70 2
3 73 19
3 79 19
3 84 11
3 85 6
3 88 10
3 90 5
3 99 6
3 104 10
3 108 5
3 114 20
3 115 12
3 118 3
3 127 16
3 132 17
3 143 14
3 145 6
3 148 11
3 151 7
3 154 17
3 155 5
3 162 8
3 163 1
3 164 1
3 169 20
3 174 12
3 175 5
3 177 9
3 178 9
3 180 15
3 182 7
3 183 20
3 186 10
3 197 17
3 199 5
4 1 11
4 13 2
4 16 5
4 22 17
4 26 7
4 31 13
4 32 17
4 34 18
4 37 4
4 47 20
4 58 15
4 65 2
4 67 19
4 72 3
4 78 7
4 82 7
4 89 11
4 91 10
4 96 15
4 99 12
4 103 13
4 119 8
4 120 4
4 123 4
4 124 20
4 126 8
4 127 6
4 130 15
4 131 18
4 134 13
4 139 1
4 148 12
4 149 5
4 154 3
4 156 4
4 158 10
4 160 16
4 165 1
4 166 19
4 171 7
4 174 7
4 176 8
4 180 19
4 187 7
4 188 10
4 192 1
4 194 14
4 199 8
5 1 7
5 8 5
5 9 11
5 10 17
5 13 10
5 14 3
5 21 8
5 23 17
5 25 3
5 27 1
5 29 2
5 35 10
5 39 12
5 59 9
5 61 10
5 66 19
5 67 11
5 74 3
5 79 8
5 85 5
5 87 15
5 92 15
5 93 11
5 95 14
5 99 13
5 100 4
5 103 16
5 104 14
5 105 6
5 111 10
5 113 2
5 117 12
5 122 20
5 123 14
5 124 2
5 125 15
5 129 15
5 134 13
5 137 10
5 155 18
5 157 11
5 162 17
5 163 1
5 164 12
5 165 14
5 170 10
5 172 6
5 180 12
5 182 19
5 194 13
5 197 4
6 4 17
6 7 10
6 10 20
6 12 16
6 17 3
6 19 10
6 20 16
6 31 7
6 33 17
6 35 8
6 37 12
6 45 2
6 52 4
6 60 7
6 66 18
6 67 10
6 86 19
6 90 6
6 100 15
6 104 13
6 109 8
6 124 4
6 126 7
6 127 11
6 143 2
6 145 20
6 151 20
6 156 12
6 158 5
6 159 2
6 165 19
6 167 14
6 169 6
6 171 11
6 176 10
6 177 15
6 183 18
6 194 5
6 195 5
7 0 6
7 3 15
7 8 7
7 14 7
7 15 12
7 19 6
7 28 1
7 30 16
7 34 8
7 42 17
7 43 3
7 46 11
7 47 15
7 51 6
7 60 5
7 64 11
7 66 11
7 67 4
7 68 9
7 73 6
7 82 4
7 86 13
7 93 16
7 97 3
7 98 8
7 100 16
7 105 4
7 111 14
7 114 2
7 119 14
7 128 7
7 130 10
7 133 20
7 136 12
7 142 15
7 151 15
7 152 17
7 156 8
7 162 7
7 171 4
7 175 14
7 179 4
7 180 8
7 184 10
7 186 3
7 187 2
7 192 10
8 1 11
8 7 15
8 11 16
8 12 1
8 15 12
8 17 20
8 20 3
8 24 11
8 25 12
8 26 15
8 27 2
8 28 17
8 29 13
8 37 2
8 39 1
8 44 4
8 45 14
8 50 8
8 53 14
8 55 6
8 59 18
8 73 14
8 79 12
8 80 3
8 81 19
8 82 18
8 83 13
8 92 8
8 93 18
8 94 18
8 97 4
8 110 7
8 112 3
8 113 6
8 116 6
8 122 11
8 127 17
8 128 13
8 136 12
8 138 20
8 142 15
8 150 14
8 152 10
8 156 4
8 158 16
8 169 18
8 170 6
8 171 15
8 173 18
8 176 7
8 180 7
8 190 5
9 0 19
9 1 18
9 3 18
9 12 6
9 14 12
9 21 18
9 24 12
9 26 15
9 27 8
9 29 7
9 30 11
9 31 19
9 32 8
9 36 4
9 38 5
9 47 13
9 49 15
9 59 17
9 61 13
9 63 1
9 65 2
9 68 6
9 77 13
9 88 5
9 96 5
9 97 10
9 106 8
9 110 14
9 112 4
9 116 10
9 117 3
9 122 1
9 124 16
9 125 8
9 127 6
9 130 4
9 136 17
9 139 20
9 151 15
9 154 15
9 157 12
9 163 18
9 164 17
9 167 7
9 174 1
9 175 16
9 186 10
9 191 10
9 197 4
10 9 19
10 12 3
10 17 3
10 18 18
10 19 12
10 23 1
10 29 11
10 30 1
10 45 17
10 46 8
10 47 13
10 54 12
10 63 12
10 65 20
10 68 7
10 71 13
10 74 11
10 82 15
10 89 5
10 91 18
10 94 7
10 117 13
10 122 1
10 128 6
10 132 16
10 134 20
10 146 13
10 149 14
10 153 4
10 160 18
10 162 20
10 168 1
10 174 9
10 177 6
10 180 9
10 185 10
10 186 19
10 190 2
10 195 11
11 5 13
11 13 11
11 17 10
11 22 7
11 25 13
11 27 15
11 29 1
11 30 12
11 31 14
11 33 2
11 34 4
11 35 10
11 36 4
11 42 12
11 46 1
11 51 13
11 53 12
11 64 8
11 70 15
11 75 15
11 76 19
11 81 2
11 83 11
11 87 9
11 93 6
11 94 17
11 97 18
11 98 14
11 101 8
11 104 15
11 117 10
11 130 4
11 136 12
11 138 11
11 139 18
11 143 19
11 151 2
11 152 4
11 154 3
11 159 5
11 160 15
11 164 15
11 166 8
11 167 4
11 169 4
11 170 12
11 174 16
11 175 16
11 176 13
11 178 18
11 179 15
11 180 4
11 184 8
11 195 2
12 2 3
12 3 2
12 4 10
12 7 9
12 8 19
12 17 8
12 43 10
12 49 5
12 50 16
12 51 9
12 52 7
12 53 20
12 65 10
12 77 1
12 81 1
12 85 19
12 88 10
12 89 8
12 94 13
12 96 12
12 105 13
12 112 8
12 113 9
12 114 20
12 123 7
12 129 6
12 134 3
12 141 7
12 143 19
12 144 20
12 147 16
12 158 13
12 160 9
12 164 9
12 165 14
12 171 20
12 174 15
12 175 5
12 178 7
12 179 19
12 190 1
12 191 14
12 192 10
12 195 8
13 2 15
13 4 19
13 6 1
13 7 6
13 10 6
13 14 4
13 19 16
13 20 12
13 21 17
13 22 3
13 27 1
13 33 19
13 35 11
13 38 2
13 40 9
13 41 18
13 42 6
13 58 1
13 60 6
13 61 16
13 68 19
13 71 20
13 77 19
13 78 11
13 83 14
13 87 10
13 92 16
13 93 8
13 94 4
13 99 15
13 111 10
13 117 7
13 119 3
13 123 7
13 125 10
13 126 1
13 130 8
13 135 16
13 136 12
13 137 17
13 138 1
13 144 3
13 145 16
13 153 16
13 154 10
13 157 8
13 161 6
13 164 8
13 165 3
13 166 20
13 170 12
13 171 11
13 175 7
13 176 7
13 178 20
13 181 4
13 190 5
13 191 16
13 192 17
13 194 16
13 198 14
14 0 1
14 4 4
14 6 3
14 8 10
14 17 9
14 21 5
14 28 7
14 36 13
14 37 3
14 38 10
14 40 15
14 48 13
14 54 16
14 55 2
14 60 7
14 61 13
14 67 18
14 72 7
14 74 18
14 78 13
14 82 13
14 85 13
14 94 13
14 96 9
14 99 5
14 100 20
14 110 19
14 112 16
14 118 17
14 121 13
14 122 4
14 129 16
14 132 7
14 140 12
14 142 17
14 144 10
14 146 8
14 148 13
14 149 8
14 150 12
14 156 18
14 162 20
14 166 6
14 167 13
14 168 9
14 171 12
14 176 15
14 181 1
14 184 11
14 186 16
14 190 12
14 191 18
14 195 8
15 2 11
15 9 3
15 11 2
15 13 5
15 24 15
15 26 12
15 33 20
15 36 4
15 38 8
15 41 2
15 43 11
15 46 4
15 54 18
15 55 12
15 56 13
15 57 16
15 60 18
15 61 18
15 67 15
15 68 9
15 70 2
15 75 3
15 77 18
15 79 15
15 89 15
15 91 13
15 92 19
15 93 13
15 102 18
15 110 9
15 119 3
15 131 16
15 132 8
15 140 1
15 144 4
15 146 1
15 147 10
15 149 14
15 158 4
15 159 6
15 160 16
15 161 17
15 166 12
15 171 18
15 198 10
16 0 11
16 3 3
16 7 7
16 14 6
16 21 20
16 22 6
16 23 13
16 28 6
16 31 17
16 35 3
16 36 19
16 37 4
16 49 7
16 51 13
16 53 18
16 56 14
16 65 4
16 68 6
16 75 13
16 77 16
16 80 18
16 82 20
16 103 12
16 105 5
16 106 15
16 112 14
16 114 14
16 119 17
16 121 17
16 122 11
16 135 15
16 141 5
16 142 19
16 145 10
16 150 9
16 159 20
16 166 17
16 167 18
16 168 13
16 170 16
16 176 3
16 179 13
16 180 13
16 181 5
16 186 16
16 189 9
16 197 2
17 0 14
17 6 8
17 7 1
17 8 10
17 13 16
17 14 16
17 16 5
17 19 16
17 29 20
17 31 19
17 33 9
17 37 4
17 41 13
17 43 17
17 45 18
17 49 1
17 56 20
17 57 16
17 60 7
17 70 8
17 75 1
17 77 7
17 78 11
17 91 13
17 94 5
17 95 14
17 97 7
17 101 20
17 107 1
17 108 3
17 118 18
17 122 4
17 123 4
17 129 10
17 132 11
17 137 13
17 139 9
17 144 19
17 155 16
17 157 15
17 159 8
17 160 1
17 162 5
17 177 2
17 182 3
17 183 19
17 186 4
17 196 20
18 2 20
18 9 9
18 13 7
18 14 19
18 16 13
18 19 14
18 21 6
18 22 3
18 24 11
18 29 12
18 30 12
18 32 18
18 33 20
18 36 16
18 39 10
18 45 16
18 46 7
18 50 4
18 51 7
18 55 20
18 59 9
18 60 15
18 63 16
18 64 16
18 72 18
18 75 4
18 79 6
18 84 13
18 92 4
18 94 12
18 101 8
18 103 18
18 104 3
18 109 3
18 113 2
18 125 6
18 131 18
18 134 1
18 135 7
18 146 12
18 147 18
18 149 20
18 152 9
18 153 18
18 154 15
18 159 9
18 161 10
18 166 4
18 167 13
18 172 19
18 175 15
18 176 6
18 187 3
18 192 2
18 193 10
18 196 1
18 198 18
19 2 19
19 7 10
19 8 12
19 11 11
19 13 20
19 15 20
19 16 10
19 17 2
19 20 18
19 21 12
19 25 17
19 31 5
19 33 17
19 34 20
19 35 8
19 36 15
19 39 1
19 47 12
19 51 19
19 55 2
19 56 19
19 57 20
19 60 6
19 61 18
19 68 19
19 69 12
19 72 14
19 77 1
19 83 4
19 91 11
19 95 15
19 97 11
19 103 5
19 105 1
19 107 13
19 121 14
19 122 10
19 124 4
19 125 4
19 126 14
19 128 14
19 129 15
19 130 15
19 145 20
19 151 8
19 152 16
19 154 9
19 160 11
19 163 9
19 165 17
19 167 17
19 168 15
19 169 14
19 170 20
19 174 8
19 176 1
19 177 8
19 186 20
19 187 6
19 189 12
19 190 10
19 196 12
19 198 4
20 3 3
20 7 6
20 8 15
20 12 10
20 15 19
20 18 15
20 19 17
20 21 12
20 29 11
20 33 10
20 38 14
20 43 14
20 50 17
20 55 9
20 59 18
20 61 15
20 65 7
20 68 1
20 71 8
20 73 13
20 87 5
20 93 10
20 94 17
20 96 18
20 98 19
20 99 6
20 106 20
20 107 13
20 110 17
20 111 11
20 114 8
20 116 15
20 121 10
20 123 9
20 124 19
20 125 19
20 137 3
20 142 17
20 148 3
20 151 2
20 157 5
20 158 10
20 163 4
20 168 16
20 169 13
20 174 13
20 185 17
20 188 14
20 190 1
20 197 12
20 199 16
21 7 7
21 10 3
21 12 16
21 19 20
21 23 12
21 28 2
21 32 12
21 38 19
21 42 11
21 51 9
21 53 20
21 62 9
21 65 6
21 68 19
21 70 6
21 78 10
21 80 18
21 81 5
21 83 16
21 89 10
21 93 5
21 103 13
21 107 15
21 117 8
21 120 11
21 121 12
21 123 17
21 130 18
21 135 16
21 136 11
21 139 7
21 142 7
21 149 10
21 152 7
21 154 16
21 156 14
21 159 4
21 160 6
21 162 6
21 163 16
21 164 14
21 177 16
21 181 15
21 182 6
21 183 13
21 186 15
21 192 2
21 193 13
21 198 16
22 1 4
22 5 13
22 7 13
22 8 9
22 10 3
22 11 12
22 14 12
22 16 12
22 18 2
22 19 16
22 23 7
22 24 3
22 25 15
22 27 9
22 31 4
22 38 7
22 43 4
22 49 11
22 51 11
22 56 2
22 61 5
22 67 3
22 74 15
22 75 14
22 91 16
22 93 8
22 94 1
22 95 3
22 96 7
22 101 6
22 102 20
22 104 10
22 106 13
22 112 17
22 114 6
22 119 2
22 125 4
22 128 11
22 129 14
22 135 4
22 137 7
22 138 13
22 146 14
22 151 6
22 153 15
22 156 11
22 158 5
22 161 16
22 163 1
22 164 15
22 168 7
22 170 14
22 175 3
22 176 10
22 177 7
22 183 3
22 193 1
22 197 7
23 4 19
23 5 17
23 6 18
23 11 19
23 20 6
23 25 4
23 28 16
23 30 16
23 34 7
23 39 1
23 47 1
23 49 19
23 50 18
23 58 13
23 63 10
23 64 8
23 66 17
23 67 5
23 70 14
23 74 4
23 76 6
23 80 13
23 97 19
23 98 7
23 99 7
23 105 4
23 113 3
23 114 8
23 116 7
23 118 20
23 122 19
23 124 10
23 125 14
23 126 12
23 129 18
23 133 19
23 139 6
23 141 3
23 145 3
23 148 8
23 151 20
23 152 12
23 158 3
23 159 4
23 162 19
23 172 15
23 177 1
23 179 17
23 181 19
23 183 18
23 186 5
23 187 4
23 190 16
23 195 14
23 197 15
24 2 18
24 3 16
24 11 7
24 29 10
24 30 18
24 32 18
24 36 1
24 38 14
24 53 8
24 55 16
24 64 6
24 68 1
24 71 6
24 76 4
24 89 19
24 94 6
24 97 7
24 99 18
24 111 8
24 112 20
24 120 10
24 121 3
24 122 18
24 131 6
24 133 19
24 136 20
24 144 6
24 146 11
24 151 8
24 152 2
24 153 15
24 157 8
24 160 10
24 161 6
24 165 17
24 168 9
24 170 4
24 171 2
24 181 5
24 182 4
24 187 18
24 190 5
24 194 3
24 199 13
25 2 11
25 5 18
25 7 2
25 11 1
25 14 10
25 15 13
25 20 4
25 22 8
25 26 14
25 27 7
25 37 15
25 38 13
25 49 18
25 50 12
25 57 18
25 59 2
25 60 18
25 63 6
25 65 20
25 68 15
25 72 13
25 73 6
25 83 14
25 84 11
25 86 8
25 89 16
25 94 14
25 98 5
25 106 11
25 114 11
25 118 13
25 119 7
25 125 16
25 130 15
25 144 10
25 145 3
25 146 15
25 156 9
25 163 17
25 164 17
25 167 10
25 170 7
25 180 17
25 181 16
25 194 7
25 195 19
25 196 6
25 198 14
26 1 1
26 3 1
26 6 10
26 8 2
26 14 16
26 19 10
26 22 1
26 33 19
26 34 10
26 37 9
26 42 1
26 46 5
26 48 18
26 50 13
26 53 9
26 54 16
26 59 17
26 61 19
26 63 7
26 65 2
26 68 14
26 71 9
26 72 7
26 73 3
26 86 7
26 89 2
26 106 20
26 113 5
26 114 6
26 118 10
26 125 12
26 129 14
26 131 11
26 132 8
26 135 2
26 138 8
26 141 5
26 148 4
26 156 11
26 164 5
26 166 15
26 169 4
26 171 15
26 175 14
26 177 11
26 180 10
26 191 17
26 193 19
26 196 7
26 197 16
27 1 11
27 8 14
27 13 20
27 14 2
27 15 10
27 26 12
27 28 7
27 30 8
27 39 1
27 40 15
27 44 6
27 49 13
27 51 7
27 55 6
27 59 9
27 60 17
27 64 14
27 65 7
27 71 10
27 73 4
27 80 12
27 82 19
27 89 8
27 92 16
27 97 5
27 102 3
27 104 19
27 113 8
27 114 14
27 118 10
27 120 8
27 123 13
27 124 4
27 125 19
27 128 7
27 138 9
27 139 2
27 142 11
27 145 18
27 147 20
27 157 18
27 164 12
27 166 20
27 172 13
27 179 20
27 197 18
28 15 1
28 19 2
28 24 3
28 27 1
28 36 2
28 40 4
28 42 6
28 54 3
28 55 4
28 58 12
28 64 19
28 71 1
28 83 4
28 88 11
28 91 9
28 94 10
28 96 5
28 101 15
28 102 2
28 103 11
28 105 13
28 112 17
28 115 3
28 118 17
28 119 19
28 124 4
28 129 17
28 132 8
28 136 7
28 140 1
28 142 2
28 148 11
28 153 9
28 158 3
28 159 4
28 165 18
28 166 14
28 168 1
28 172 5
28 181 1
28 182 19
28 190 3
28 194 19
28 195 6
28 196 3
28 199 5
29 2 16
29 4 13
29 5 17
29 10 5
29 16 3
29 26 17
29 28 5
29 35 18
29 36 12
29 37 10
29 38 4
29 45 11
29 48 2
29 49 13
29 55 12
29 57 6
29 64 7
29 66 13
29 68 19
29 69 2
29 72 13
29 74 12
29 76 14
29 78 19
29 83 12
29 88 5
29 90 3
29 92 5
29 93 15
29 96 9
29 97 13
29 100 18
29 105 19
29 108 19
29 116 3
29 121 3
29 125 7
29 130 6
29 131 17
29 132 8
29 140 8
29 143 17
29 144 12
29 146 9
29 153 4
29 154 4
29 158 4
29 160 18
29 166 13
29 175 6
29 178 1
29 186 20
29 187 19
29 190 4
29 192 14
29 193 8
29 195 16
29 198 20
29 199 13
30 3 15
30 4 3
30 9 2
30 20 2
30 34 14
30 35 14
30 40 1
30 42 4
30 47 4
30 50 3
30 52 20
30 55 18
30 57 12
30 59 5
30 60 2
30 62 6
30 64 18
30 65 13
30 76 12
30 87 16
30 89 4
30 92 1
30 103 19
30 107 20
30 113 18
30 116 7
30 119 8
30 124 7
30 126 1
30 128 3
30 130 17
30 134 13
30 143 13
30 146 19
30 149 12
30 152 8
30 153 6
30 154 4
30 156 17
30 160 2
30 169 2
30 171 4
30 172 16
30 177 11
30 179 18
30 180 4
30 187 11
30 190 10
30 194 13
31 3 5
31 9 7
31 10 13
31 11 2
31 17 19
31 19 6
31 21 2
31 22 9
31 23 17
31 25 10
31 29 7
31 36 7
31 39 18
31 43 10
31 44 8
31 47 7
31 53 14
31 55 2
31 60 19
31 61 2
31 64 7
31 68 10
31 69 20
31 75 11
31 85 10
31 89 5
31 91 19
31 96 7
31 99 10
31 100 11
31 103 13
31 105 12
31 107 10
31 108 10
31 109 20
31 110 5
31 113 4
31 120 1
31 125 14
31 126 4
31 133 9
31 136 10
31 139 14
31 141 1
31 145 2
31 151 17
31 155 12
31 159 13
31 163 2
31 173 11
31 174 5
31 176 7
31 177 5
31 179 19
31 180 4
31 182 10
31 183 15
31 184 16
31 192 11
31 193 6
31 194 10
31 199 9
32 3 16
32 5 6
32 9 8
32 15 8
32 20 9
32 26 10
32 29 20
32 35 17
32 41 18
32 45 5
32 47 14
32 48 18
32 52 10
32 57 17
32 59 19
32 66 18
32 70 5
32 73 10
32 79 16
32 83 16
32 90 9
32 93 6
32 98 12
32 105 7
32 106 6
32 109 5
32 110 3
32 111 14
32 112 16
32 114 8
32 116 1
32 120 5
32 125 1
32 130 7
32 134 4
32 137 11
32 146 9
32 148 6
32 150 20
32 161 10
32 163 10
32 168 13
32 171 18
32 173 11
32 174 11
32 175 7
32 178 10
32 185 1
32 195 20
32 197 4
33 0 6
33 1 14
33 6 2
33 9 7
33 12 17
33 13 9
33 14 10
33 23 13
33 24 13
33 27 2
33 28 1
33 31 5
33 41 9
33 48 18
33 50 11
33 51 14
33 52 5
33 53 10
33 54 16
33 55 4
33 56 8
33 63 3
33 68 1
33 71 20
33 72 9
33 73 11
33 90 19
33 92 13
33 93 17
33 97 17
33 99 3
33 104 7
33 112 4
33 118 13
33 125 8
33 128 15
33 131 11
33 134 2
33 135 17
33 137 16
33 140 6
33 143 3
33 151 19
33 154 11
33 156 1
33 169 14
33 173 4
33 178 16
33 181 13
33 182 17
33 183 18
33 186 18
33 192 13
33 194 19
33 198 9
34 1 11
34 10 6
34 14 3
34 19 19
34 23 13
34 30 15
34 38 11
34 44 9
34 45 1
34 50 5
34 51 2
34 52 17
34 63 17
34 66 18
34 69 20
34 71 13
34 77 4
34 78 3
34 80 14
34 83 14
34 84 8
34 85 3
34 86 10
34 101 14
34 104 18
34 107 3
34 109 16
34 110 8
34 113 16
34 124 12
34 125 14
34 128 2
34 133 6
34 135 6
34 137 4
34 142 3
34 151 17
34 155 2
34 162 20
34 164 6
34 166 2
34 168 1
34 171 8
34 174 6
34 176 18
34 178 2
34 180 1
34 184 13
34 186 4
34 196 9
35 0 10
35 10 5
35 12 6
35 20 12
35 23 13
35 36 10
35 45 16
35 50 2
35 52 13
35 55 17
35 57 3
35 60 10
35 62 14
35 63 8
35 64 9
35 69 20
35 71 14
35 81 4
35 83 19
35 98 7
35 99 18
35 100 3
35 106 12
35 107 17
35 116 16
35 117 7
35 119 15
35 120 7
35 122 17
35 124 10
35 133 16
35 136 3
35 137 1
35 140 12
35 144 5
35 145 4
35 154 14
35 155 15
35 156 13
35 164 3
35 169 20
35 170 12
35 189 8
35 190 5
35 192 8
35 195 4
36 0 9
36 3 17
36 5 7
36 7 17
36 8 4
36 12 15
36 30 10
36 31 12
36 33 17
36 35 11
36 39 1
36 40 4
36 42 18
36 43 11
36 45 9
36 46 7
36 47 5
36 53 19
36 62 20
36 63 17
36 69 4
36 76 14
36 77 12
36 89 2
36 91 4
36 97 8
36 102 14
36 109 2
36 112 11
36 113 19
36 118 14
36 120 16
36 124 15
36 129 2
36 133 4
36 137 10
36 145 2
36 147 1
36 158 10
36 159 11
36 162 13
36 165 19
36 169 15
36 173 6
36 176 13
36 177 19
36 178 7
36 180 14
36 185 20
36 187 10
36 188 17
36 195 17
37 21 6
37 26 2
37 33 2
37 40 1
37 48 19
37 54 12
37 57 16
37 61 3
37 64 5
37 66 10
37 68 6
37 81 17
37 94 19
37 98 5
37 101 9
37 107 15
37 109 18
37 112 8
37 124 15
37 127 17
37 131 13
37 133 4
37 139 2
37 142 3
37 145 19
37 147 7
37 150 11
37 155 5
37 159 20
37 163 16
37 164 16
37 165 5
37 171 9
37 175 16
37 186 4
37 189 4
37 194 13
37 198 13
38 3 10
38 7 12
38 11 20
38 12 11
38 13 18
38 14 8
38 16 7
38 20 7
38 21 12
38 24 10
38 27 12
38 33 20
38 34 12
38 42 5
38 44 18
38 47 16
38 49 4
38 53 15
38 75 16
38 77 19
38 82 1
38 87 5
38 92 7
38 93 4
38 94 17
38 97 20
38 99 19
38 101 6
38 105 1
38 106 12
38 107 8
38 113 16
38 123 14
38 124 16
38 125 2
38 127 18
38 129 12
38 134 8
38 137 1
38 138 20
38 145 17
38 146 19
38 155 20
38 156 18
38 163 5
38 166 8
38 170 18
38 175 9
38 183 10
38 186 18
38 187 13
39 0 1
39 3 14
39 4 19
39 5 19
39 9 20
39 14 2
39 15 9
39 25 13
39 26 7
39 28 15
39 29 1
39 32 11
39 36 10
39 40 17
39 55 13
39 59 10
39 61 11
39 63 12
39 65 3
39 68 14
39 75 15
39 78 10
39 79 10
39 80 11
39 81 13
39 85 11
39 86 7
39 90 5
39 98 10
39 103 3
39 107 16
39 108 13
39 109 4
39 117 7
39 118 4
39 119 7
39 124 14
39 126 18
39 140 12
39 144 10
39 146 7
39 147 5
39 151 20
39 154 17
39 158 7
39 162 9
39 166 20
39 171 16
39 177 16
39 178 16
39 179 15
39 188 15
39 192 8
39 195 20
39 199 10
40 0 16
40 3 3
40 5 14
40 7 20
40 8 14
40 12 11
40 19 5
40 23 16
40 25 13
40 31 15
40 36 19
40 39 15
40 41 5
40 52 4
40 53 11
40 54 11
40 56 15
40 57 4
40 58 16
40 59 18
40 64 3
40 72 17
40 73 7
40 76 10
40 78 18
40 84 15
40 90 18
40 92 16
40 96 15
40 99 15
40 108 1
40 110 16
40 116 3
40 129 16
40 131 14
40 141 15
40 143 7
40 148 7
40 152 20
40 163 7
40 165 16
40 169 3
40 174 19
40 175 7
40 180 3
40 183 10
40 187 1
40 189 15
40 192 9
40 193 5
41 0 19
41 4 11
41 5 8
41 7 14
41 10 7
41 24 15
41 26 19
41 27 6
41 31 9
41 34 7
41 38 20
41 42 1
41 44 19
41 51 12
41 56 19
41 57 13
41 62 20
41 65 3
41 67 14
41 71 10
41 75 16
41 80 7
41 87 6
41 95 1
41 102 9
41 103 7
41 104 13
41 106 11
41 107 3
41 108 8
41 115 7
41 117 17
41 120 1
41 133 10
41 135 20
41 140 4
41 142 9
41 145 20
41 149 14
41 158 1
41 160 1
41 163 13
41 165 5
41 180 19
41 186 18
41 191 18
41 195 15
41 198 4
42 0 19
42 1 2
42 3 2
42 5 3
42 17 4
42 18 13
42 21 12
42 23 11
42 25 4
42 31 8
42 32 19
42 34 15
42 45 11
42 47 16
42 49 7
42 50 5
42 54 8
42 60 10
42 63 4
42 69 19
42 70 14
42 71 4
42 74 18
42 80 1
42 96 12
42 100 19
42 105 14
42 116 18
42 122 18
42 123 4
42 125 20
42 126 20
42 136 16
42 142 14
42 143 7
42 144 5
42 148 6
42 152 18
42 158 20
42 159 7
42 160 19
42 163 1
42 171 14
42 172 1
42 174 9
42 176 2
42 189 18
42 195 5
42 196 10
42 198 7
42 199 9
43 2 8
43 7 3
43 18 13
43 29 11
43 30 16
43 36 8
43 49 8
43 62 17
43 63 19
43 66 4
43 70 13
43 73 16
43 80 1
43 85 9
43 87 15
43 88 11
43 94 12
43 98 17
43 100 11
43 101 1
43 104 2
43 109 20
43 117 2
43 122 2
43 123 7
43 124 18
43 125 19
43 128 4
43 130 10
43 135 7
43 140 8
43 149 20
43 153 18
43 156 14
43 165 9
43 171 10
43 174 17
43 176 10
43 178 19
43 180 7
43 183 18
43 187 10
43 190 5
43 192 14
43 197 6
43 198 12
43 199 17
44 3 4
44 5 3
44 13 16
44 14 12
44 17 2
44 18 12
44 19 18
44 20 10
44 23 18
44 25 2
44 26 3
44 28 3
44 32 17
44 33 10
44 34 9
44 35 16
44 37 19
44 41 4
44 45 10
44 48 1
44 49 19
44 55 19
44 62 6
44 63 20
44 67 10
44 72 10
44 75 7
44 78 9
44 80 1
44 87 4
44 90 8
44 91 1
44 103 4
44 115 3
44 117 3
44 118 6
44 120 9
44 126 16
44 132 15
44 134 14
44 136 6
44 137 1
44 142 19
44 145 5
44 146 2
44 147 3
44 148 14
44 167 12
44 169 8
44 170 16
44 182 20
44 189 1
44 195 11
45 1 12
45 4 1
45 11 15
45 12 15
45 20 4
45 23 18
45 24 14
45 31 11
45 32 3
45 38 19
45 62 6
45 70 11
45 79 8
45 80 15
45 81 19
45 88 15
45 90 6
45 104 3
45 111 1
45 114 19
45 115 8
45 120 12
45 122 18
45 127 5
45 132 10
45 133 4
45 137 11
45 139 19
45 140 10
45 142 11
45 148 18
45 149 15
45 154 1
45 160 5
45 163 16
45 174 8
45 175 2
45 178 9
45 182 7
45 183 17
45 197 10
46 0 17
46 10 6
46 15 8
46 20 15
46 25 6
46 27 12
46 33 16
46 35 13
46 43 13
46 53 4
46 64 9
46 65 3
46 66 17
46 75 8
46 79 12
46 83 5
46 85 9
46 88 5
46 93 16
46 98 5
46 100 11
46 109 15
46 114 7
46 125 17
46 130 2
46 132 6
46 141 13
46 142 5
46 149 19
46 151 14
46 152 10
46 156 14
46 158 9
46 159 15
46 161 20
46 167 7
46 169 2
46 173 10
46 177 2
46 178 4
46 182 17
46 190 7
46 192 13
46 193 1
47 4 13
47 10 19
47 12 5
47 18 8
47 22 18
47 27 17
47 32 8
47 38 14
47 40 9
47 44 2
47 45 4
47 48 14
47 52 9
47 54 5
47 55 3
47 60 8
47 62 2
47 67 3
47 69 19
47 72 1
47 73 18
47 76 4
47 98 4
47 104 2
47 105 16
47 108 16
47 112 16
47 115 6
47 116 19
47 117 8
47 119 3
47 127 5
47 132 4
47 136 14
47 140 11
47 144 3
47 153 18
47 167 20
47 168 8
47 173 3
47 176 1
47 184 16
47 185 17
47 187 8
47 191 14
48 3 7
48 4 8
48 5 1
48 7 1
48 10 3
48 14 19
48 15 2
48 20 4
48 25 7
48 27 12
48 29 12
48 30 13
48 31 13
48 35 4
48 36 15
48 39 3
48 44 14
48 50 18
48 59 7
48 60 8
48 61 19
48 62 2
48 63 15
48 64 7
48 66 12
48 67 12
48 69 3
48 74 2
48 84 14
48 86 11
48 89 13
48 97 17
48 98 6
48 102 10
48 104 10
48 108 14
48 120 10
48 127 16
48 130 13
48 132 10
48 141 20
48 149 12
48 157 11
48 162 2
48 175 3
48 183 1
48 185 19
48 192 9
48 194 15
49 4 2
49 9 4
49 10 8
49 12 17
49 17 1
49 22 19
49 29 5
49 31 10
49 32 15
49 34 8
49 44 6
49 51 11
49 57 1
49 64 3
49 66 13
49 70 1
49 73 7
49 75 12
49 77 4
49 86 19
49 87 6
49 96 3
49 99 1
49 100 16
49 110 13
49 113 6
49 120 8
49 121 17
49 125 15
49 129 12
49 131 15
49 132 14
49 139 1
49 149 13
49 157 17
49 161 6
49 163 12
49 164 6
49 165 9
49 170 6
49 174 6
49 180 1
49 189 5
49 190 6
49 193 7
49 194 9
49 196 20
49 197 4
50 2 13
50 9 13
50 13 6
50 31 6
50 36 15
50 37 4
50 38 18
50 42 1
50 47 15
50 48 5
50 52 6
50 54 20
50 62 14
50 63 9
50 64 3
50 65 10
50 75 19
50 78 7
50 82 6
50 84 4
50 93 9
50 94 15
50 96 10
50 97 9
50 98 17
50 102 8
50 105 6
50 108 10
50 116 1
50 123 1
50 124 4
50 125 19
50 136 6
50 144 4
50 153 14
50 158 18
50 159 12
50 160 12
50 165 16
50 166 1
50 168 9
50 177 6
50 181 6
50 194 1
50 195 8
50 197 18
51 2 18
51 7 5
51 9 13
51 10 18
51 11 20
51 21 18
51 22 9
51 35 3
51 38 12
51 43 17
51 48 11
51 50 4
51 53 11
51 54 19
51 62 5
51 66 14
51 70 4
51 71 4
51 76 15
51 77 10
51 78 2
51 79 18
51 84 15
51 88 14
51 95 11
51 103 1
51 107 5
51 111 9
51 117 10
51 120 16
51 125 18
51 142 7
51 146 3
51 151 14
51 155 2
51 156 6
51 157 11
51 159 10
51 163 11
51 164 1
51 165 11
51 168 15
51 174 13
51 179 1
51 184 17
51 191 18
51 192 3
51 193 7
51 196 4
52 3 12
52 5 7
52 7 4
52 12 10
52 14 13
52 16 17
52 17 14
52 19 13
52 23 15
52 25 7
52 27 5
52 31 5
52 32 1
52 35 15
52 38 12
52 41 9
52 46 3
52 47 13
52 50 6
52 59 4
52 60 8
52 64 13
52 72 18
52 74 3
52 80 13
52 84 1
52 90 16
52 91 20
52 92 10
52 97 14
52 99 10
52 100 2
52 109 8
52 114 5
52 115 20
52 116 18
52 121 17
52 126 9
52 129 8
52 133 3
52 135 17
52 138 3
52 140 5
52 143 14
52 145 8
52 146 8
52 152 10
52 164 11
52 169 14
52 176 19
52 177 1
52 178 11
52 179 4
52 181 14
52 192 9
52 197 16
53 3 2
53 6 19
53 7 19
53 16 7
53 22 12
53 25 2
53 30 10
53 31 6
53 35 7
53 47 16
53 50 6
53 55 12
53 56 11
53 57 11
53 58 7
53 59 1
53 62 4
53 63 2
53 65 1
53 66 10
53 69 11
53 73 11
53 76 9
53 77 7
53 80 18
53 85 10
53 86 13
53 91 6
53 99 20
53 106 2
53 111 3
53 112 1
53 113 12
53 117 16
53 119 3
53 120 6
53 122 20
53 124 5
53 129 9
53 138 6
53 144 3
53 145 14
53 148 4
53 150 19
53 165 20
53 172 16
53 173 11
53 179 11
53 182 19
53 183 12
53 187 2
53 188 12
53 191 16
53 199 16
54 7 12
54 8 1
54 10 13
54 15 9
54 16 11
54 28 17
54 31 19
54 39 17
54 41 13
54 42 15
54 43 13
54 47 16
54 48 15
54 49 14
54 52 15
54 58 16
54 63 17
54 65 10
54 71 9
54 72 11
54 73 12
54 80 18
54 88 17
54 89 4
54 91 12
54 92 17
54 93 17
54 98 17
54 101 17
54 103 14
54 104 19
54 108 1
54 109 17
54 119 20
54 123 5
54 126 15
54 127 8
54 128 6
54 135 13
54 136 8
54 137 9
54 142 3
54 144 5
54 149 9
54 152 17
54 157 16
54 163 11
54 167 9
54 169 15
54 173 1
54 175 16
54 176 12
54 177 2
54 178 19
54 182 2
54 185 12
54 186 19
54 188 18
54 193 6
54 197 5
55 0 16
55 3 5
55 4 3
55 8 7
55 10 14
55 13 18
55 15 5
55 26 12
55 27 19
55 31 6
55 35 15
55 37 10
55 41 18
55 42 6
55 44 6
55 50 3
55 54 8
55 60 10
55 62 11
55 68 6
55 69 6
55 70 4
55 83 15
55 86 6
55 87 10
55 97 19
55 98 15
55 99 1
55 105 20
55 108 3
55 110 16
55 132 17
55 133 17
55 137 11
55 141 2
55 144 20
55 146 5
55 147 6
55 148 5
55 156 9
55 157 1
55 158 9
55 160 3
55 170 17
55 171 11
55 172 6
55 176 19
55 182 18
55 183 10
55 185 10
55 186 18
55 188 7
55 191 17
55 197 14
55 199 8
56 2 5
56 3 8
56 14 14
56 16 18
56 18 12
56 29 15
56 37 2
56 39 9
56 42 19
56 45 12
56 58 5
56 62 4
56 63 2
56 66 13
56 71 10
56 73 17
56 83 11
56 85 3
56 89 9
56 92 16
56 101 20
56 109 3
56 125 10
56 129 6
56 135 15
56 136 10
56 138 3
56 141 1
56 143 2
56 149 13
56 153 8
56 156 18
56 157 16
56 158 16
56 172 8
56 180 12
56 181 6
56 183 5
56 189 8
56 197 20
57 2 7
57 4 6
57 5 17
57 6 8
57 7 10
57 8 6
57 19 1
57 24 10
57 25 20
57 27 14
57 29 2
57 37 12
57 46 17
57 47 13
57 55 17
57 58 1
57 59 14
57 73 5
57 74 15
57 80 7
57 81 6
57 91 12
57 92 10
57 93 10
57 97 10
57 100 13
57 104 13
57 113 11
57 114 19
57 115 7
57 117 20
57 120 20
57 123 11
57 131 12
57 142 15
57 143 10
57 150 11
57 155 6
57 156 12
57 158 7
57 160 12
57 162 12
57 163 9
57 166 20
57 173 15
57 178 7
57 180 4
57 183 7
57 184 6
57 186 3
57 190 16
57 195 7
57 198 2
57 199 11
58 0 4
58 5 14
58 6 17
58 8 7
58 18 1
58 20 8
58 24 20
58 25 7
58 29 15
58 30 16
58 37 13
58 41 8
58 42 19
58 44 8
58 45 14
58 51 14
58 56 1
58 65 4
58 67 2
58 72 14
58 73 2
58 77 9
58 82 14
58 87 11
58 90 7
58 95 15
58 96 19
58 99 5
58 100 14
58 101 5
58 110 17
58 115 7
58 116 6
58 123 16
58 131 10
58 134 7
58 141 6
58 143 5
58 150 17
58 151 13
58 162 12
58 168 14
58 174 19
58 176 16
58 180 17
58 182 11
58 185 6
58 197 4
59 0 11
59 3 9
59 8 9
59 10 13
59 12 15
59 15 15
59 17 19
59 20 15
59 23 19
59 28 4
59 31 7
59 37 6
59 38 18
59 50 9
59 51 10
59 55 2
59 58 8
59 61 11
59 63 5
59 64 18
59 65 9
59 70 3
59 77 8
59 80 10
59 82 17
59 84 7
59 86 8
59 88 16
59 90 9
59 99 2
59 100 18
59 102 16
59 103 7
59 105 6
59 110 7
59 111 10
59 116 16
59 129 17
59 132 20
59 133 8
59 136 20
59 137 7
59 138 16
59 139 6
59 142 19
59 143 6
59 145 12
59 146 9
59 148 11
59 149 15
59 151 7
59 163 5
59 165 12
59 166 17
59 167 3
59 169 7
59 172 20
59 180 18
59 182 20
59 187 9
59 188 16
59 197 19
60 7 20
60 11 9
60 14 3
60 18 17
60 23 3
60 39 1
60 48 4
60 57 2
60 62 19
60 64 2
60 65 14
60 74 6
60 77 19
60 79 17
60 82 15
60 84 18
60 85 14
60 93 5
60 106 8
60 113 10
60 118 6
60 119 2
60 120 11
60 122 8
60 123 10
60 126 3
60 140 17
60 142 12
60 159 17
60 161 11
60 165 12
60 166 20
60 167 4
60 182 8
60 192 12
60 194 1
60 197 7
61 2 17
61 6 2
61 9 7
61 11 11
61 15 19
61 20 19
61 22 3
61 26 7
61 38 12
61 42 17
61 45 6
61 47 8
61 48 11
61 56 1
61 67 12
61 69 9
61 79 6
61 83 7
61 85 18
61 92 7
61 93 7
61 105 19
61 107 11
61 122 5
61 123 12
61 126 19
61 127 3
61 130 12
61 131 6
61 132 18
61 133 20
61 136 14
61 139 2
61 153 18
61 158 11
61 159 11
61 164 4
61 167 5
61 168 9
61 169 19
61 174 9
61 183 3
61 189 10
61 194 17
61 196 4
61 197 14
61 199 18
62 0 14
62 1 1
62 2 20
62 5 12
62 7 5
62 12 14
62 14 18
62 24 4
62 30 3
62 31 20
62 38 2
62 48 7
62 60 9
62 63 13
62 64 18
62 68 6
62 69 2
62 71 1
62 73 17
62 79 11
62 87 6
62 102 1
62 108 9
62 109 20
62 110 7
62 113 3
62 117 13
62 120 3
62 127 20
62 130 4
62 137 11
62 140 11
62 143 9
62 150 7
62 155 6
62 160 20
62 175 16
62 178 13
62 185 9
62 188 11
62 191 15
62 197 7
63 0 10
63 3 17
63 7 6
63 8 4
63 9 8
63 11 11
63 12 18
63 19 7
63 25 15
63 28 18
63 29 6
63 34 2
63 35 12
63 37 14
63 48 2
63 50 20
63 54 8
63 55 19
63 58 17
63 60 9
63 65 6
63 66 2
63 67 20
63 69 10
63 79 15
63 88 13
63 97 20
63 101 6
63 108 14
63 109 17
63 110 3
63 121 9
63 135 10
63 139 6
63 140 2
63 141 17
63 144 6
63 145 1
63 152 8
63 156 16
63 159 4
63 168 14
63 176 11
63 179 5
63 180 9
63 192 11
63 195 14
63 197 3
63 198 17
63 199 14
64 3 19
64 5 6
64 8 19
64 15 12
64 20 15
64 22 10
64 25 18
64 32 4
64 49 10
64 50 8
64 52 20
64 55 4
64 60 20
64 66 2
64 73 2
64 84 1
64 85 9
64 90 16
64 99 7
64 110 10
64 111 15
64 116 4
64 130 8
64 131 16
64 134 10
64 137 1
64 140 5
64 141 18
64 144 14
64 149 20
64 150 15
64 166 13
64 168 20
64 173 11
64 177 20
64 185 13
64 193 6
64 197 1
64 198 14
64 199 7
65 1 10
65 4 17
65 5 17
65 8 20
65 11 13
65 16 9
65 24 17
65 31 3
65 32 1
65 42 19
65 48 20
65 49 17
65 54 15
65 55 15
65 57 13
65 64 12
65 66 6
65 67 3
65 79 16
65 82 9
65 83 17
65 84 12
65 88 19
65 89 11
65 92 14
65 95 8
65 101 11
65 106 7
65 112 5
65 120 5
65 122 4
65 128 8
65 129 20
65 133 14
65 134 19
65 141 4
65 143 7
65 144 14
65 145 6
65 150 1
65 152 16
65 179 3
65 185 14
65 186 7
65 190 1
65 191 2
65 194 14
65 196 4
65 197 8
65 198 18
66 0 16
66 7 2
66 14 1
66 19 1
66 29 3
66 44 20
66 49 19
66 50 18
66 59 20
66 60 19
66 70 7
66 73 8
66 74 20
66 76 10
66 78 20
66 79 12
66 85 17
66 86 13
66 93 2
66 96 2
66 102 18
66 109 12
66 110 12
66 111 6
66 112 8
66 115 7
66 119 16
66 120 14
66 121 14
66 129 7
66 134 10
66 137 12
66 139 18
66 141 16
66 146 6
66 151 17
66 160 19
66 162 15
66 164 13
66 165 15
66 172 6
66 177 9
66 179 10
66 181 3
66 183 2
66 186 15
66 190 13
66 191 3
66 199 18
67 1 9
67 2 14
67 3 8
67 13 14
67 24 7
67 37 17
67 38 2
67 41 8
67 44 19
67 47 13
67 48 10
67 49 8
67 53 14
67 54 17
67 56 11
67 60 5
67 69 20
67 77 5
67 78 1
67 80 12
67 84 1
67 86 5
67 89 16
67 91 4
67 93 5
67 94 2
67 96 15
67 99 15
67 100 15
67 103 15
67 109 12
67 123 6
67 132 19
67 134 10
67 140 13
67 147 19
67 152 3
67 160 13
67 163 13
67 166 2
67 168 7
67 169 15
67 171 13
67 173 2
67 177 8
67 185 1
67 197 11
67 199 19
68 6 16
68 7 2
68 8 13
68 9 19
68 16 14
68 17 3
68 22 18
68 23 9
68 27 13
68 32 20
68 33 10
68 34 10
68 48 7
68 57 17
68 61 10
68 72 3
68 76 13
68 77 4
68 81 8
68 90 3
68 91 18
68 96 1
68 98 9
68 99 1
68 108 7
68 109 8
68 110 3
68 114 14
68 118 9
68 122 10
68 123 13
68 125 16
68 128 11
68 129 3
68 130 19
68 131 5
68 136 13
68 138 8
68 147 4
68 149 12
68 150 20
68 155 9
68 164 18
68 169 8
68 172 14
68 183 3
68 190 19
68 193 7
68 194 11
68 198 2
68 199 11
69 1 1
69 3 18
69 6 5
69 10 10
69 24 14
69 30 9
69 34 15
69 35 11
69 36 13
69 44 6
69 48 6
69 54 14
69 57 15
69 60 10
69 61 15
69 64 12
69 66 11
69 70 9
69 71 14
69 73 17
69 77 6
69 80 18
69 82 15
69 86 17
69 89 5
69 91 15
69 95 18
69 103 8
69 105 13
69 106 11
69 111 13
69 116 5
69 120 9
69 122 2
69 123 5
69 126 8
69 127 6
69 131 4
69 132 9
69 134 2
69 135 5
69 148 8
69 151 6
69 153 4
69 154 11
69 158 13
69 163 6
69 170 18
69 171 6
69 174 13
69 186 3
69 187 7
69 196 7
69 198 9
70 9 14
70 14 5
70 15 4
70 18 20
70 23 6
70 30 8
70 41 6
70 42 3
70 44 7
70 46 5
70 47 16
70 50 6
70 52 11
70 58 5
70 64 2
70 71 6
70 79 11
70 92 20
70 95 19
70 97 13
70 98 16
70 102 17
70 105 8
70 109 8
70 111 7
70 112 13
70 117 7
70 121 5
70 123 14
70 128 3
70 129 4
70 132 3
70 133 11
70 142 3
70 145 4
70 146 8
70 149 5
70 151 13
70 152 2
70 158 4
70 159 16
70 164 6
70 168 2
70 169 14
70 184 16
70 187 10
70 194 10
70 199 7
71 6 18
71 14 7
71 17 15
71 20 15
71 21 11
71 32 3
71 35 14
71 37 8
71 38 15
71 40 9
71 54 18
71 57 1
71 59 9
71 79 7
71 85 7
71 89 19
71 93 19
71 94 2
71 97 19
71 103 9
71 118 13
71 126 6
71 128 17
71 131 14
71 135 17
71 136 6
71 137 10
71 138 3
71 140 14
71 143 14
71 158 2
71 159 14
71 165 1
71 166 14
71 185 18
71 186 11
71 187 2
71 194 20
71 197 4
72 19 5
72 31 1
72 38 12
72 41 20
72 49 1
72 51 6
72 58 13
72 65 3
72 75 15
72 77 9
72 79 1
72 95 2
72 101 14
72 103 9
72 105 17
72 107 4
72 111 3
72 117 2
72 120 15
72 121 12
72 125 20
72 130 1
72 133 6
72 145 13
72 152 20
72 154 2
72 156 15
72 159 8
72 162 10
72 163 14
72 167 18
72 175 9
72 178 9
72 182 8
72 183 15
72 189 6
72 191 13
72 195 6
72 197 16
73 0 6
73 6 16
73 10 11
73 27 5
73 29 3
73 30 5
73 39 2
73 42 10
73 43 18
73 46 20
73 49 19
73 51 19
73 54 16
73 56 16
73 63 3
73 65 10
73 66 2
73 70 2
73 78 10
73 80 8
73 81 3
73 82 9
73 84 13
73 90 7
73 93 12
73 94 2
73 100 5
73 115 18
73 119 2
73 122 13
73 132 9
73 144 9
73 148 7
73 151 7
73 152 10
73 153 14
73 157 12
73 160 18
73 164 4
73 166 8
73 167 5
73 169 16
73 170 13
73 171 3
73 181 15
73 187 14
73 193 1
74 2 10
74 4 16
74 6 11
74 7 1
74 11 6
74 12 9
74 18 10
74 19 9
74 21 5
74 22 10
74 27 18
74 29 8
74 31 12
74 32 1
74 38 8
74 39 8
74 41 10
74 43 16
74 51 4
74 52 6
74 53 12
74 54 13
74 57 6
74 58 5
74 66 17
74 67 6
74 73 5
74 75 14
74 81 14
74 90 15
74 92 3
74 97 12
74 98 16
74 107 12
74 110 5
74 118 15
74 121 18
74 136 15
74 137 12
74 141 4
74 143 16
74 147 4
74 149 9
74 156 13
74 160 4
74 161 4
74 168 6
74 172 17
74 173 14
74 176 10
74 177 10
74 187 4
74 188 12
74 191 9
74 194 2
74 196 18
75 0 5
75 2 13
75 6 11
75 9 1
75 10 13
75 14 20
75 15 17
75 25 3
75 28 1
75 32 19
75 33 18
75 34 18
75 43 3
75 47 11
75 58 20
75 62 8
75 65 10
75 66 9
75 68 16
75 70 11
75 71 10
75 74 13
75 78 12
75 82 4
75 98 1
75 99 17
75 100 8
75 105 15
75 106 8
75 108 3
75 109 3
75 120 9
75 124 3
75 125 14
75 128 7
75 130 5
75 131 5
75 132 17
75 135 8
75 141 4
75 153 7
75 154 7
75 158 18
75 159 18
75 161 5
75 162 12
75 164 1
75 168 11
75 175 3
75 180 3
75 181 7
75 183 12
75 186 1
75 188 10
75 190 13
75 193 13
76 8 6
76 13 14
76 14 14
76 21 15
76 23 12
76 25 9
76 27 20
76 32 16
76 33 4
76 36 15
76 39 15
76 40 9
76 44 5
76 49 9
76 58 10
76 59 4
76 61 20
76 63 5
76 66 17
76 69 15
76 70 1
76 77 3
76 80 1
76 83 4
76 84 1
76 90 10
76 94 6
76 95 14
76 100 18
76 103 15
76 107 15
76 109 9
76 111 13
76 115 9
76 117 20
76 121 16
76 125 19
76 127 7
76 134 6
76 136 1
76 143 6
76 144 1
76 145 14
76 148 6
76 149 19
76 151 17
76 157 19
76 159 6
76 161 8
76 167 12
76 168 17
76 177 17
76 183 5
76 186 14
76 190 16
76 193 1
76 194 2
76 195 4
76 199 13
77 7 14
77 13 12
77 15 3
77 16 15
77 20 13
77 29 7
77 30 12
77 35 5
77 37 8
77 42 15
77 43 18
77 44 4
77 45 16
77 50 15
77 55 1
77 56 15
77 74 5
77 81 12
77 85 5
77 86 4
77 90 19
77 92 20
77 93 14
77 108 19
77 124 17
77 141 10
77 147 19
77 153 19
77 157 17
77 161 9
77 165 17
77 174 18
77 175 3
77 177 10
77 180 3
77 183 11
77 196 18
77 198 12
78 0 3
78 7 19
78 9 10
78 13 4
78 20 18
78 21 1
78 22 14
78 26 7
78 30 20
78 33 13
78 37 7
78 43 10
78 47 8
78 48 13
78 49 2
78 54 11
78 55 15
78 56 20
78 58 11
78 61 11
78 64 12
78 65 4
78 68 6
78 73 6
78 74 10
78 75 6
78 82 9
78 85 5
78 87 18
78 88 16
78 89 5
78 92 4
78 95 16
78 97 4
78 101 6
78 102 2
78 104 14
78 113 20
78 121 14
78 130 15
78 137 10
78 139 20
78 142 8
78 145 15
78 146 15
78 155 6
78 173 11
78 179 4
78 182 11
78 183 5
78 187 9
78 191 1
78 195 17
78 197 13
78 199 16
79 2 9
79 5 4
79 8 2
79 12 12
79 16 10
79 24 15
79 28 6
79 29 5
79 39 19
79 45 14
79 47 19
79 51 11
79 52 20
79 55 15
79 57 11
79 63 11
79 64 2
79 67 12
79 74 2
79 76 18
79 82 18
79 83 2
79 85 20
79 95 11
79 96 12
79 102 11
79 105 10
79 113 20
79 116 11
79 121 12
79 124 1
79 125 14
79 128 5
79 130 13
79 131 8
79 137 3
79 140 19
79 144 7
79 150 10
79 151 2
79 152 13
79 154 4
79 155 20
79 173 12
79 175 12
79 177 14
79 181 19
79 182 2
79 186 4
79 188 6
79 195 10
79 197 7
80 0 2
80 2 2
80 8 4
80 9 6
80 12 20
80 15 8
80 16 16
80 17 20
80 23 4
80 26 14
80 28 12
80 30 8
80 32 18
80 36 7
80 40 12
80 42 9
80 49 13
80 52 19
80 57 8
80 60 7
80 61 8
80 63 8
80 64 11
80 68 3
80 71 20
80 74 10
80 76 8
80 77 19
80 79 19
80 81 13
80 83 13
80 84 20
80 85 20
80 87 1
80 94 8
80 95 8
80 102 17
80 103 12
80 106 15
80 109 19
80 111 15
80 113 9
80 114 8
80 115 11
80 118 14
80 119 10
80 125 19
80 130 6
80 147 14
80 153 19
80 159 2
80 160 4
80 161 7
80 162 13
80 164 14
80 165 2
80 166 6
80 170 10
80 171 14
80 174 20
80 176 16
80 181 4
80 187 4
80 190 2
80 193 16
81 2 1
81 7 9
81 8 20
81 9 7
81 12 12
81 13 15
81 19 5
81 21 18
81 23 1
81 24 14
81 30 18
81 35 10
81 40 1
81 41 5
81 43 16
81 45 8
81 50 20
81 53 11
81 54 13
81 64 16
81 66 13
81 83 19
81 84 15
81 85 1
81 86 9
81 87 8
81 88 1
81 89 7
81 95 13
81 107 14
81 108 6
81 113 20
81 115 12
81 122 8
81 126 5
81 129 18
81 133 20
81 134 8
81 137 12
81 140 11
81 143 4
81 149 4
81 151 7
81 153 6
81 156 7
81 161 4
81 164 6
81 166 11
81 170 9
81 177 7
81 183 11
81 184 3
81 188 4
81 193 6
81 195 3
81 197 19
82 4 10
82 7 11
82 10 20
82 11 8
82 14 5
82 23 2
82 24 5
82 29 5
82 30 14
82 33 5
82 36 20
82 39 6
82 45 15
82 54 5
82 58 11
82 59 6
82 74 12
82 76 6
82 79 17
82 83 17
82 84 17
82 86 12
82 87 15
82 93 18
82 94 7
82 99 19
82 100 18
82 103 6
82 106 4
82 109 3
82 110 2
82 112 1
82 113 11
82 115 10
82 117 9
82 119 20
82 121 6
82 122 12
82 123 1
82 125 7
82 127 8
82 129 5
82 130 11
82 131 3
82 133 15
82 139 8
82 142 1
82 144 10
82 146 9
82 147 4
82 150 19
82 151 16
82 152 6
82 159 2
82 160 19
82 163 16
82 166 5
82 168 19
82 178 9
82 187 16
82 197 19
83 1 13
83 3 13
83 7 14
83 8 15
83 9 6
83 12 13
83 15 3
83 17 5
83 21 16
83 22 16
83 26 11
83 31 1
83 39 19
83 43 9
83 48 4
83 49 10
83 54 15
83 56 4
83 57 1
83 58 20
83 61 20
83 63 9
83 68 14
83 69 19
83 71 19
83 73 20
83 80 13
83 82 2
83 84 16
83 91 10
83 92 10
83 96 8
83 97 15
83 98 6
83 101 11
83 102 18
83 105 1
83 106 12
83 114 8
83 118 4
83 119 4
83 122 7
83 128 8
83 139 2
83 140 19
83 141 5
83 144 10
83 147 7
83 148 7
83 163 4
83 164 12
83 165 4
83 166 5
83 167 6
83 176 4
83 179 16
83 180 9
83 186 5
83 187 11
83 188 19
83 189 13
83 192 13
83 195 13
84 0 5
84 2 8
84 5 14
84 8 11
84 17 16
84 18 15
84 20 4
84 21 2
84 22 2
84 24 12
84 26 9
84 27 16
84 31 14
84 33 13
84 35 6
84 41 19
84 42 20
84 48 15
84 52 12
84 57 19
84 60 2
84 61 3
84 77 20
84 80 5
84 82 19
84 90 14
84 91 20
84 95 17
84 100 4
84 105 10
84 106 15
84 109 19
84 110 19
84 120 20
84 121 8
84 122 11
84 136 6
84 144 18
84 148 5
84 153 15
84 161 7
84 162 6
84 164 7
84 166 18
84 168 17
84 172 11
84 174 3
84 175 10
84 177 16
84 183 13
84 184 15
84 186 5
84 196 2
84 198 1
85 15 5
85 16 18
85 18 16
85 19 4
85 22 19
85 30 8
85 34 9
85 35 4
85 41 19
85 42 17
85 46 11
85 50 7
85 52 15
85 54 6
85 58 6
85 59 18
85 63 1
85 67 19
85 69 9
85 86 3
85 88 9
85 95 4
85 98 16
85 100 3
85 104 5
85 107 6
85 111 13
85 112 7
85 113 9
85 115 11
85 118 5
85 119 8
85 123 14
85 124 9
85 141 7
85 143 14
85 147 9
85 149 20
85 154 17
85 157 5
85 165 17
85 166 13
85 168 20
85 171 13
85 172 5
85 177 11
85 179 11
85 183 10
85 184 8
85 186 3
85 190 20
85 192 10
85 193 14
85 194 8
85 197 15
86 0 2
86 6 19
86 10 9
86 15 2
86 16 17
86 19 6
86 23 14
86 24 13
86 30 2
86 33 13
86 36 13
86 38 18
86 46 3
86 48 18
86 55 1
86 63 13
86 65 11
86 67 11
86 69 10
86 72 3
86 78 20
86 81 9
86 82 18
86 84 9
86 85 5
86 90 7
86 101 20
86 104 16
86 106 4
86 110 16
86 113 3
86 124 20
86 127 7
86 131 10
86 133 6
86 134 12
86 146 11
86 152 10
86 155 19
86 157 8
86 164 17
86 165 4
86 168 7
86 174 7
86 177 4
86 180 14
86 184 6
86 187 19
86 189 2
86 193 17
86 194 17
86 195 3
87 0 15
87 4 19
87 5 17
87 11 3
87 18 13
87 21 16
87 23 1
87 29 15
87 40 15
87 41 19
87 42 1
87 52 7
87 55 10
87 58 20
87 60 13
87 62 8
87 63 2
87 64 6
87 66 17
87 70 9
87 71 3
87 72 11
87 81 16
87 85 5
87 86 8
87 90 11
87 98 5
87 99 19
87 102 9
87 105 19
87 107 11
87 108 1
87 111 17
87 115 20
87 120 5
87 122 20
87 123 16
87 130 17
87 141 4
87 151 16
87 153 2
87 157 10
87 161 18
87 165 20
87 175 2
87 184 5
87 186 15
87 195 3
87 196 20
87 197 8
87 199 5
88 0 3
88 2 4
88 6 8
88 13 20
88 14 10
88 18 19
88 29 15
88 33 2
88 35 18
88 36 11
88 38 13
88 41 17
88 42 12
88 46 16
88 58 1
88 59 17
88 75 13
88 83 15
88 87 18
88 90 18
88 93 11
88 94 1
88 98 17
88 104 12
88 110 4
88 114 11
88 116 14
88 117 15
88 118 1
88 119 1
88 130 9
88 132 2
88 138 20
88 142 13
88 157 12
88 158 4
88 160 3
88 163 15
88 178 2
88 184 15
88 188 9
89 0 16
89 9 8
89 13 3
89 14 7
89 21 11
89 23 13
89 24 13
89 27 10
89 32 20
89 37 15
89 45 17
89 48 15
89 62 4
89 68 8
89 81 3
89 93 18
89 94 7
89 96 9
89 100 17
89 104 6
89 108 3
89 109 7
89 110 15
89 113 5
89 120 5
89 125 15
89 127 11
89 129 4
89 132 4
89 135 15
89 141 14
89 144 11
89 150 7
89 151 9
89 155 2
89 157 5
89 160 2
89 165 20
89 167 17
89 169 13
89 171 1
89 183 4
89 185 12
89 186 10
89 189 19
89 192 3
89 193 2
89 197 12
90 0 5
90 2 11
90 6 19
90 15 16
90 17 14
90 24 10
90 28 6
90 31 1
90 35 4
90 36 11
90 37 16
90 39 3
90 41 8
90 43 20
90 46 14
90 48 15
90 51 8
90 52 5
90 56 9
90 60 9
90 66 3
90 69 10
90 74 7
90 76 4
90 86 13
90 89 14
90 91 15
90 92 2
90 97 18
90 104 20
90 106 10
90 107 19
90 109 10
90 114 13
90 117 17
90 118 4
90 128 10
90 130 18
90 131 11
90 132 10
90 140 15
90 141 4
90 148 17
90 157 3
90 159 17
90 161 6
90 162 17
90 166 19
90 167 4
90 174 8
90 180 5
90 181 10
90 185 6
90 192 18
90 193 20
90 196 8
91 1 20
91 3 13
91 7 2
91 11 20
91 17 9
91 18 4
91 22 11
91 25 15
91 27 17
91 30 15
91 38 12
91 44 7
91 47 16
91 52 3
91 53 5
91 57 7
91 64 8
91 65 7
91 71 14
91 74 7
91 75 8
91 81 18
91 83 18
91 86 20
91 90 2
91 95 13
91 96 14
91 98 11
91 107 1
91 112 17
91 116 20
91 121 14
91 122 2
91 125 8
91 126 10
91 128 5
91 140 1
91 141 4
91 151 8
91 155 16
91 158 13
91 161 1
91 166 16
91 171 6
91 172 17
91 178 11
91 184 2
91 185 12
91 188 8
91 192 18
91 194 13
91 196 13
92 3 2
92 9 12
92 11 15
92 12 11
92 13 14
92 16 11
92 21 10
92 24 1
92 26 15
92 35 16
92 40 8
92 42 4
92 43 6
92 45 12
92 49 14
92 51 4
92 53 4
92 55 1
92 59 9
92 63 14
92 66 2
92 76 14
92 77 9
92 91 18
92 95 11
92 99 18
92 102 20
92 103 18
92 105 8
92 106 16
92 112 18
92 113 14
92 116 4
92 119 1
92 121 10
92 127 8
92 136 17
92 138 14
92 139 1
92 141 1
92 143 8
92 151 6
92 153 15
92 169 13
92 173 14
92 184 11
92 190 9
93 0 9
93 6 2
93 10 3
93 11 18
93 12 10
93 15 7
93 18 10
93 21 13
93 25 10
93 26 13
93 29 13
93 44 8
93 47 19
93 51 13
93 57 15
93 65 18
93 77 14
93 78 17
93 79 9
93 82 17
93 89 16
93 91 4
93 94 19
93 97 18
93 98 20
93 100 11
93 101 6
93 102 16
93 114 11
93 116 3
93 126 7
93 132 15
93 138 8
93 139 3
93 141 5
93 142 1
93 143 16
93 145 10
93 147 17
93 148 19
93 150 15
93 151 18
93 152 12
93 156 5
93 164 17
93 173 12
93 179 16
93 183 9
93 187 14
93 189 6
93 193 15
94 1 3
94 9 17
94 16 15
94 19 9
94 22 1
94 30 9
94 46 2
94 54 8
94 61 18
94 63 8
94 70 18
94 72 13
94 73 4
94 86 17
94 95 4
94 96 17
94 101 5
94 103 4
94 106 6
94 116 4
94 117 5
94 124 7
94 136 19
94 140 4
94 142 5
94 150 16
94 163 1
94 165 2
94 166 19
94 169 2
94 172 13
94 173 5
94 182 4
94 183 5
94 188 10
94 191 9
94 195 9
94 199 5
95 10 10
95 15 15
95 25 5
95 27 9
95 29 3
95 33 3
95 38 19
95 45 6
95 48 14
95 53 12
95 62 4
95 66 19
95 68 19
95 69 20
95 72 18
95 74 14
95 81 1
95 83 1
95 86 2
95 96 19
95 100 14
95 105 16
95 106 12
95 107 19
95 108 6
95 120 4
95 138 11
95 147 6
95 153 17
95 154 12
95 157 5
95 158 20
95 167 20
95 169 12
95 174 13
95 177 10
95 178 7
95 179 18
95 187 7
95 188 5
95 191 9
96 5 19
96 6 15
96 10 10
96 13 6
96 23 6
96 29 19
96 30 4
96 31 7
96 35 5
96 44 19
96 45 8
96 51 19
96 54 17
96 57 1
96 59 19
96 70 16
96 72 2
96 74 13
96 85 4
96 90 13
96 91 12
96 98 12
96 105 6
96 107 1
96 112 6
96 115 5
96 117 2
96 118 1
96 124 6
96 126 5
96 133 5
96 134 15
96 141 15
96 158 4
96 160 8
96 171 18
96 177 14
96 180 10
96 189 7
96 196 4
96 197 14
96 199 17
97 17 16
97 22 7
97 35 4
97 36 19
97 40 13
97 41 2
97 43 15
97 54 2
97 56 7
97 61 10
97 62 10
97 64 14
97 68 20
97 69 6
97 70 7
97 80 2
97 88 7
97 93 15
97 94 18
97 98 14
97 104 14
97 106 15
97 116 9
97 122 7
97 137 3
97 138 11
97 139 15
97 140 5
97 164 11
97 166 1
97 168 11
97 171 15
97 184 13
97 195 9
98 1 1
98 6 4
98 7 3
98 8 15
98 14 7
98 18 5
98 22 17
98 23 6
98 28 12
98 30 4
98 33 20
98 34 17
98 39 17
98 48 16
98 49 5
98 52 2
98 55 14
98 56 8
98 58 18
98 64 2
98 66 11
98 67 20
98 69 12
98 71 3
98 78 8
98 79 8
98 82 6
98 84 18
98 87 6
98 89 20
98 92 7
98 93 15
98 94 8
98 97 4
98 103 13
98 104 13
98 115 9
98 116 3
98 117 2
98 121 7
98 123 11
98 125 6
98 131 7
98 133 5
98 134 5
98 135 17
98 139 3
98 142 14
98 144 4
98 150 12
98 153 12
98 154 20
98 155 6
98 156 20
98 159 9
98 162 12
98 163 7
98 167 13
98 170 12
98 174 10
98 181 7
98 186 16
98 187 10
98 190 3
98 193 1
99 4 15
99 7 2
99 9 10
99 10 10
99 13 5
99 14 6
99 17 12
99 22 1
99 24 17
99 28 2
99 29 10
99 41 10
99 42 15
99 46 12
99 49 4
99 52 10
99 57 13
99 58 5
99 59 2
99 60 20
99 65 1
99 74 4
99 84 8
99 100 8
99 102 6
99 113 20
99 114 20
99 115 3
99 117 14
99 119 13
99 124 4
99 126 3
99 130 6
99 138 14
99 140 19
99 145 10
99 150 4
99 151 4
99 165 18
99 170 19
99 171 11
99 172 6
99 173 14
99 177 2
99 182 12
99 184 8
99 186 18
99 188 13
99 192 2
99 194 6
99 199 7
100 2 17
100 8 4
100 9 9
100 10 15
100 15 3
100 18 7
100 20 16
100 22 16
100 23 19
100 26 14
100 28 8
100 31 12
100 36 1
100 37 19
100 39 17
100 60 7
100 61 4
100 65 1
100 68 1
100 75 6
100 83 19
100 84 8
100 87 13
100 88 15
100 91 7
100 99 8
100 107 12
100 110 18
100 111 17
100 112 13
100 115 1
100 117 8
100 133 15
100 136 6
100 146 15
100 147 20
100 148 20
100 150 6
100 153 6
100 157 9
100 158 3
100 161 5
100 166 15
100 173 10
100 177 3
100 178 17
100 183 4
100 189 2
100 191 20
100 196 1
100 198 18
101 2 17
101 3 11
101 8 13
101 10 16
101 11 2
101 15 9
101 26 10
101 33 20
101 39 9
101 43 9
101 47 11
101 52 19
101 56 2
101 64 18
101 65 11
101 66 16
101 69 19
101 70 11
101 72 1
101 75 18
101 79 10
101 82 9
101 84 2
101 85 5
101 86 19
101 88 7
101 91 3
101 93 9
101 94 17
101 105 6
101 109 7
101 111 8
101 112 20
101 113 17
101 114 3
101 124 15
101 125 14
101 134 17
101 146 2
101 152 5
101 153 8
101 167 12
101 175 19
101 180 18
101 186 17
101 187 18
101 189 4
101 190 15
101 194 13
102 0 20
102 5 18
102 8 5
102 11 11
102 12 7
102 15 13
102 17 17
102 21 16
102 24 15
102 27 11
102 31 4
102 32 13
102 34 10
102 42 12
102 48 12
102 52 18
102 64 7
102 66 7
102 75 5
102 80 16
102 81 2
102 82 16
102 84 10
102 94 8
102 104 3
102 105 14
102 108 15
102 109 20
102 116 11
102 123 20
102 130 11
102 131 3
102 132 13
102 141 3
102 146 16
102 151 8
102 152 6
102 157 4
102 163 13
102 164 6
102 167 5
102 169 16
102 171 19
102 172 1
102 173 9
102 174 8
102 180 16
102 183 18
102 184 17
102 188 17
102 190 4
103 1 19
103 4 13
103 7 13
103 11 1
103 12 9
103 23 12
103 25 11
103 29 5
103 31 8
103 32 13
103 36 7
103 42 2
103 44 9
103 49 7
103 51 13
103 52 3
103 65 19
103 68 16
103 74 16
103 75 6
103 79 19
103 80 10
103 81 12
103 86 13
103 92 17
103 96 2
103 101 13
103 107 20
103 109 5
103 111 3
103 119 20
103 120 10
103 130 14
103 134 15
103 135 12
103 144 19
103 145 15
103 149 7
103 156 6
103 157 2
103 160 15
103 168 15
103 171 3
103 172 14
103 183 13
103 187 5
103 192 6
103 194 8
104 0 13
104 5 1
104 6 11
104 9 6
104 10 4
104 12 12
104 13 6
104 15 13
104 16 13
104 25 5
104 27 12
104 28 2
104 29 18
104 33 3
104 35 7
104 39 3
104 47 18
104 54 2
104 66 18
104 81 15
104 84 16
104 92 5
104 94 20
104 98 9
104 109 15
104 110 14
104 111 13
104 112 7
104 115 15
104 122 8
104 123 16
104 134 18
104 138 13
104 139 5
104 140 13
104 145 3
104 153 6
104 154 12
104 157 16
104 159 5
104 164 7
104 166 4
104 170 20
104 175 15
104 179 20
104 181 12
104 182 17
104 183 13
104 185 19
104 189 10
104 192 18
104 197 14
105 7 5
105 8 17
105 21 1
105 34 5
105 35 15
105 36 12
105 43 15
105 49 10
105 51 3
105 60 8
105 64 20
105 66 9
105 71 5
105 72 3
105 74 16
105 77 5
105 82 8
105 84 2
105 89 19
105 90 18
105 91 10
105 94 17
105 98 9
105 104 15
105 111 5
105 114 11
105 123 12
105 125 11
105 133 17
105 134 16
105 136 20
105 138 16
105 139 11
105 140 10
105 143 2
105 145 19
105 147 1
105 153 16
105 160 4
105 171 19
105 175 14
105 183 10
105 185 6
105 188 12
105 192 13
105 193 8
105 195 6
105 197 14
106 0 4
106 2 9
106 10 3
106 12 20
106 16 13
106 19 14
106 20 9
106 39 2
106 43 6
106 45 8
106 48 8
106 59 15
106 60 7
106 65 12
106 69 8
106 74 7
106 80 4
106 82 12
106 87 2
106 88 13
106 89 18
106 93 8
106 98 4
106 101 6
106 103 6
106 105 8
106 108 12
106 115 5
106 117 19
106 141 8
106 142 16
106 143 17
106 148 8
106 151 7
106 153 7
106 163 17
106 179 12
106 185 13
106 189 3
106 191 1
106 192 1
106 196 3
107 11 3
107 18 14
107 23 18
107 24 4
107 27 6
107 28 16
107 36 3
107 37 2
107 48 19
107 52 16
107 57 14
107 61 19
107 66 2
107 67 15
107 68 11
107 72 19
107 74 9
107 75 10
107 76 8
107 78 7
107 80 13
107 81 19
107 87 10
107 88 3
107 93 4
107 95 17
107 99 2
107 102 18
107 103 1
107 105 5
107 114 18
107 115 17
107 120 13
107 121 6
107 123 7
107 124 19
107 127 3
107 137 1
107 139 19
107 140 20
107 142 14
107 151 15
107 155 16
107 160 18
107 164 9
107 170 8
107 186 7
107 190 12
107 191 3
107 196 7
107 197 13
108 9 5
108 10 2
108 11 11
108 15 16
108 20 7
108 24 8
108 26 3
108 28 18
108 29 6
108 36 10
108 38 8
108 39 9
108 42 4
108 43 20
108 45 20
108 49 13
108 51 3
108 53 8
108 57 1
108 60 11
108 61 4
108 66 9
108 67 9
108 69 15
108 70 17
108 72 11
108 74 4
108 77 17
108 79 7
108 81 4
108 85 20
108 103 3
108 105 5
108 106 5
108 115 7
108 121 16
108 127 12
108 128 9
108 129 8
108 137 8
108 138 5
108 140 12
108 141 17
108 146 5
108 148 16
108 158 7
108 166 5
108 167 13
108 169 4
108 171 6
108 187 13
108 199 15
109 1 15
109 3 7
109 7 15
109 9 6
109 10 9
109 12 16
109 18 11
109 23 4
109 34 8
109 38 15
109 40 20
109 46 14
109 52 7
109 54 13
109 62 16
109 66 14
109 67 16
109 83 1
109 89 17
109 95 7
109 96 15
109 98 1
109 107 8
109 108 9
109 110 3
109 113 1
109 115 7
109 116 16
109 117 14
109 120 9
109 124 12
109 127 2
109 128 15
109 129 2
109 135 2
109 139 16
109 140 12
109 146 18
109 166 18
109 171 17
109 173 19
109 176 18
109 181 12
109 182 1
109 184 5
109 186 17
109 187 3
109 193 6
109 194 10
109 197 19
109 198 5
110 6 10
110 16 18
110 17 13
110 23 8
110 24 6
110 28 5
110 31 10
110 34 10
110 40 15
110 44 1
110 46 9
110 47 15
110 49 8
110 52 19
110 64 8
110 65 3
110 66 15
110 73 6
110 78 17
110 80 6
110 81 4
110 83 1
110 84 12
110 89 12
110 90 12
110 91 2
110 94 20
110 97 3
110 104 17
110 105 11
110 107 2
110 113 1
110 115 12
110 116 2
110 119 2
110 121 4
110 124 16
110 125 11
110 127 18
110 136 6
110 145 20
110 146 14
110 149 17
110 154 2
110 156 12
110 164 15
110 174 8
110 175 4
110 176 5
110 181 5
110 183 14
110 189 20
110 192 19
110 194 17
110 198 3
111 1 5
111 2 19
111 3 18
111 4 2
111 10 18
111 12 7
111 19 20
111 21 20
111 22 15
111 27 10
111 30 1
111 33 18
111 35 8
111 36 1
111 37 13
111 41 17
111 43 19
111 48 19
111 49 11
111 51 15
111 62 4
111 65 1
111 67 11
111 74 14
111 79 20
111 90 3
111 91 18
111 95 8
111 97 9
111 101 20
111 108 11
111 110 17
111 120 1
111 123 15
111 126 15
111 132 2
111 139 6
111 141 9
111 144 8
111 151 17
111 158 7
111 161 13
111 163 5
111 165 1
111 173 5
111 184 17
111 191 4
111 193 8
111 195 9
111 197 11
112 2 2
112 3 17
112 12 12
112 24 9
112 27 9
112 30 19
112 33 3
112 38 7
112 42 12
112 44 19
112 46 13
112 48 18
112 55 11
112 57 6
112 58 11
112 59 3
112 60 1
112 65 20
112 68 13
112 72 19
112 74 8
112 76 5
112 77 20
112 82 20
112 84 11
112 88 5
112 89 2
112 93 6
112 95 15
112 96 12
112 101 9
112 103 10
112 104 7
112 105 8
112 113 2
112 114 4
112 124 5
112 129 20
112 135 15
112 138 12
112 146 1
112 148 12
112 155 6
112 157 4
112 158 6
112 159 14
112 162 11
112 163 3
112 167 6
112 171 9
112 180 19
112 185 18
112 187 17
112 191 13
112 193 13
113 2 7
113 3 6
113 7 8
113 10 11
113 12 6
113 13 6
113 14 17
113 15 14
113 16 10
113 17 9
113 21 11
113 23 18
113 24 11
113 26 12
113 27 7
113 32 8
113 44 17
113 45 1
113 54 20
113 61 10
113 74 16
113 78 8
113 85 20
113 87 4
113 91 20
113 98 1
113 99 15
113 103 19
113 109 7
113 110 3
113 115 16
113 120 12
113 121 10
113 127 17
113 128 17
113 131 17
113 134 3
113 136 18
113 137 14
113 138 18
113 140 5
113 158 20
113 161 17
113 163 6
113 166 13
113 168 17
113 173 4
113 180 15
113 187 7
113 188 16
113 189 1
113 191 20
113 192 12
113 193 19
113 197 10
114 4 13
114 7 15
114 8 6
114 12 12
114 14 19
114 17 7
114 20 14
114 25 2
114 42 20
114 44 6
114 46 20
114 48 11
114 51 11
114 53 11
114 54 1
114 72 10
114 75 12
114 82 15
114 83 4
114 84 3
114 87 13
114 93 2
114 102 8
114 104 4
114 110 19
114 120 18
114 123 12
114 129 5
114 138 1
114 140 17
114 143 14
114 145 16
114 146 6
114 149 6
114 150 13
114 151 20
114 168 16
114 173 13
114 174 7
114 176 12
114 182 8
114 184 12
114 185 2
114 188 14
114 190 11
114 194 18
114 195 7
114 196 17
114 197 16
115 0 16
115 5 11
115 6 13
115 9 2
115 11 1
115 20 12
115 21 3
115 26 2
115 36 13
115 41 6
115 42 6
115 55 18
115 60 11
115 62 4
115 70 4
115 71 3
115 72 17
115 74 3
115 79 18
115 82 20
115 83 14
115 87 13
115 90 2
115 93 9
115 94 17
115 96 14
115 100 4
115 112 20
115 113 20
115 117 1
115 118 6
115 121 3
115 122 9
115 129 17
115 130 7
115 135 14
115 137 2
115 138 4
115 139 9
115 140 20
115 144 1
115 148 2
115 161 18
115 164 16
115 168 5
115 171 14
115 177 11
115 179 14
115 180 8
115 181 4
115 184 12
116 0 11
116 2 18
116 5 10
116 16 1
116 32 10
116 37 8
116 45 5
116 46 19
116 49 16
116 56 15
116 58 15
116 60 6
116 66 13
116 68 16
116 69 14
116 70 8
116 76 18
116 79 15
116 97 3
116 106 19
116 109 9
116 110 5
116 112 17
116 113 20
116 122 13
116 132 15
116 135 5
116 136 1
116 137 4
116 139 3
116 141 19
116 143 3
116 148 17
116 151 3
116 163 5
116 168 4
116 174 8
116 179 19
116 184 2
116 190 14
116 191 17
116 195 15
116 196 4
117 2 5
117 6 6
117 12 17
117 13 6
117 18 10
117 21 4
117 23 14
117 26 15
117 27 14
117 39 12
117 41 4
117 46 13
117 59 15
117 66 10
117 67 18
117 78 11
117 85 11
117 87 9
117 91 8
117 95 2
117 97 15
117 99 4
117 100 7
117 103 6
117 105 10
117 108 3
117 111 3
117 118 14
117 121 7
117 129 3
117 138 5
117 142 19
117 144 14
117 147 13
117 151 9
117 153 6
117 162 8
117 165 15
117 166 3
117 167 12
117 174 5
117 176 13
117 182 8
117 183 1
117 186 10
117 187 14
118 8 2
118 24 5
118 25 8
118 29 6
118 30 2
118 33 6
118 41 12
118 43 5
118 45 1
118 47 4
118 54 15
118 62 3
118 64 17
118 67 15
118 71 1
118 72 13
118 73 4
118 76 11
118 79 13
118 80 20
118 86 19
118 88 3
118 89 10
118 95 6
118 96 1
118 97 12
118 100 20
118 104 20
118 105 16
118 114 20
118 117 16
118 121 11
118 128 4
118 134 2
118 145 1
118 150 5
118 155 13
118 165 10
118 166 4
118 170 6
118 174 11
118 176 1
118 178 9
118 181 16
118 182 19
118 183 16
118 197 9
119 3 18
119 4 2
119 13 4
119 19 4
119 21 5
119 25 9
119 26 5
119 27 9
119 35 6
119 40 6
119 42 4
119 44 1
119 46 6
119 47 17
119 55 8
119 58 16
119 60 8
119 61 14
119 65 6
119 69 19
119 71 15
119 76 14
119 77 12
119 86 16
119 89 18
119 95 13
119 98 7
119 100 17
119 103 12
119 105 1
119 110 3
119 124 2
119 125 9
119 131 8
119 133 9
119 144 17
119 155 17
119 158 19
119 159 19
119 162 20
119 165 20
119 170 12
119 174 11
119 175 4
119 176 16
119 183 9
119 185 3
119 186 7
119 192 2
119 194 5
119 195 20
119 198 8
120 6 10
120 11 9
120 14 7
120 15 7
120 21 1
120 22 14
120 23 17
120 27 11
120 31 15
120 36 11
120 38 19
120 40 20
120 54 4
120 62 20
120 66 20
120 73 8
120 76 7
120 79 3
120 81 2
120 82 1
120 83 16
120 84 5
120 86 17
120 88 13
120 89 2
120 90 8
120 92 18
120 93 10
120 96 4
120 99 12
120 104 8
120 105 20
120 113 13
120 123 19
120 132 7
120 139 1
120 140 5
120 141 4
120 144 19
120 146 6
120 147 15
120 148 20
120 153 12
120 154 19
120 155 17
120 164 11
120 176 9
120 177 16
120 182 19
120 185 18
120 197 19
121 2 10
121 3 9
121 15 19
121 18 2
121 21 2
121 22 15
121 30 15
121 35 7
121 37 6
121 38 9
121 39 6
121 41 6
121 48 10
121 50 15
121 53 12
121 56 6
121 58 14
121 59 7
121 62 19
121 79 10
121 81 17
121 82 8
121 90 4
121 92 14
121 93 9
121 94 15
121 97 8
121 107 7
121 126 6
121 128 1
121 130 9
121 133 20
121 137 11
121 141 12
121 147 18
121 148 16
121 151 12
121 157 3
121 160 10
121 162 9
121 170 6
121 171 17
121 175 5
121 176 3
121 178 12
121 180 2
121 182 15
121 189 1
121 194 18
122 3 12
122 7 17
122 10 20
122 13 15
122 18 15
122 19 13
122 30 17
122 36 8
122 38 16
122 40 14
122 45 6
122 48 18
122 54 3
122 58 8
122 64 14
122 65 3
122 66 20
122 72 10
122 75 14
122 76 6
122 78 2
122 81 6
122 82 17
122 83 15
122 85 12
122 121 13
122 126 4
122 129 1
122 136 10
122 139 20
122 142 17
122 147 14
122 152 19
122 153 10
122 155 16
122 162 18
122 163 20
122 168 10
122 171 20
122 175 13
122 177 7
122 181 12
122 185 9
122 192 20
122 195 7
122 198 18
122 199 2
123 2 7
123 7 17
123 9 12
123 11 20
123 14 6
123 16 3
123 27 7
123 30 16
123 31 18
123 46 18
123 62 18
123 65 13
123 68 20
123 76 5
123 78 9
123 80 7
123 109 19
123 110 12
123 117 19
123 124 6
123 128 3
123 129 15
123 133 8
123 135 2
123 138 1
123 142 17
123 144 2
123 147 9
123 153 6
123 157 1
123 160 1
123 162 9
123 166 2
123 167 18
123 175 19
123 176 10
123 177 10
123 180 12
123 182 15
123 183 14
123 194 9
123 195 4
124 0 17
124 10 4
124 16 13
124 19 10
124 20 14
124 28 7
124 32 3
124 36 1
124 53 17
124 54 18
124 57 8
124 61 7
124 63 4
124 67 11
124 73 1
124 75 17
124 76 16
124 80 2
124 84 14
124 87 12
124 92 20
124 96 17
124 98 20
124 99 3
124 101 2
124 102 20
124 105 9
124 116 7
124 119 3
124 120 5
124 123 14
124 128 1
124 130 4
124 131 6
124 132 4
124 134 9
124 136 13
124 138 18
124 140 2
124 142 18
124 145 5
124 158 14
124 159 5
124 165 17
124 171 9
124 172 13
124 179 9
124 181 4
124 186 4
124 189 7
124 192 11
125 2 5
125 6 20
125 12 17
125 15 13
125 16 16
125 22 16
125 26 15
125 28 6
125 37 15
125 38 7
125 39 13
125 51 17
125 54 12
125 55 17
125 58 16
125 69 16
125 71 13
125 72 15
125 73 8
125 87 1
125 88 8
125 90 10
125 95 10
125 96 8
125 100 13
125 109 20
125 110 2
125 111 6
125 112 12
125 114 3
125 121 1
125 122 1
125 144 1
125 149 11
125 156 10
125 159 17
125 161 18
125 162 8
125 169 7
125 179 12
125 183 9
125 184 13
125 193 3
125 195 20
125 196 8
126 10 16
126 17 6
126 21 18
126 26 1
126 27 11
126 30 20
126 34 6
126 39 7
126 40 4
126 43 18
126 46 1
126 61 7
126 62 20
126 63 19
126 68 1
126 71 11
126 73 7
126 76 11
126 94 8
126 95 20
126 96 9
126 101 3
126 103 14
126 104 8
126 105 2
126 106 12
126 115 4
126 117 10
126 122 18
126 123 8
126 128 4
126 142 19
126 143 16
126 146 2
126 149 7
126 153 2
126 158 16
126 160 11
126 161 16
126 162 13
126 164 10
126 166 14
126 181 18
126 182 12
126 185 3
126 188 15
126 190 15
127 4 18
127 6 18
127 10 7
127 13 16
127 16 18
127 19 2
127 24 9
127 31 19
127 33 2
127 34 11
127 38 1
127 42 12
127 43 18
127 52 1
127 55 12
127 58 11
127 65 11
127 66 4
127 73 9
127 75 16
127 79 2
127 86 18
127 94 1
127 96 14
127 98 14
127 99 6
127 100 3
127 102 9
127 103 8
127 106 13
127 117 5
127 121 18
127 123 1
127 130 18
127 135 11
127 141 11
127 149 7
127 150 20
127 158 19
127 159 8
127 162 6
127 164 20
127 165 4
127 168 14
127 169 9
127 171 1
127 173 20
127 175 2
127 178 19
127 179 9
127 185 2
127 189 19
127 193 12
127 195 15
127 196 5
127 197 2
127 199 13
128 2 5
128 6 13
128 11 10
128 15 15
128 16 17
128 23 9
128 24 2
128 31 3
128 36 4
128 38 18
128 39 4
128 51 3
128 52 19
128 54 15
128 63 9
128 72 17
128 76 13
128 79 8
128 83 6
128 86 9
128 87 10
128 88 4
128 89 2
128 91 2
128 94 20
128 101 15
128 102 6
128 104 13
128 105 19
128 107 8
128 112 14
128 115 14
128 119 12
128 122 6
128 123 13
128 125 6
128 130 8
128 135 14
128 156 10
128 166 1
128 172 10
128 174 2
128 175 19
128 180 18
128 184 17
128 186 6
128 188 12
128 189 12
128 193 5
128 197 2
128 198 4
129 1 3
129 5 7
129 22 9
129 26 19
129 31 3
129 32 19
129 39 19
129 40 10
129 45 8
129 51 17
129 58 3
129 62 11
129 65 7
129 71 13
129 75 3
129 78 19
129 89 17
129 93 13
129 95 8
129 97 18
129 99 6
129 103 6
129 105 16
129 107 15
129 111 17
129 116 15
129 119 2
129 121 5
129 122 17
129 125 19
129 131 17
129 133 20
129 139 13
129 148 3
129 154 19
129 155 4
129 156 19
129 159 16
129 162 10
129 164 4
129 175 10
129 188 6
129 189 4
129 193 11
129 194 18
130 0 5
130 7 18
130 11 3
130 19 2
130 22 10
130 24 19
130 32 16
130 34 20
130 36 2
130 45 16
130 60 4
130 85 14
130 86 8
130 92 3
130 95 5
130 97 17
130 99 12
130 104 5
130 107 9
130 113 14
130 114 15
130 117 8
130 119 18
130 120 8
130 121 4
130 126 13
130 138 11
130 141 17
130 145 19
130 146 3
130 147 13
130 161 2
130 164 20
130 170 19
130 178 8
130 181 14
130 187 8
130 190 14
130 192 6
130 199 20
131 2 18
131 4 12
131 5 4
131 6 16
131 8 13
131 10 12
131 12 17
131 19 11
131 31 2
131 37 9
131 38 11
131 39 20
131 40 6
131 43 8
131 48 13
131 54 3
131 63 10
131 73 7
131 79 5
131 83 20
131 88 20
131 91 10
131 96 2
131 102 13
131 104 3
131 108 8
131 112 16
131 113 1
131 114 2
131 116 19
131 119 8
131 120 13
131 127 15
131 129 20
131 132 5
131 135 6
131 140 8
131 143 20
131 145 1
131 151 1
131 156 5
131 159 2
131 161 19
131 164 8
131 169 9
131 178 17
131 180 17
131 183 17
131 186 18
131 190 19
131 191 7
131 198 5
132 2 19
132 9 19
132 20 10
132 25 19
132 31 12
132 34 14
132 41 18
132 53 13
132 58 6
132 65 3
132 67 4
132 72 13
132 75 15
132 77 5
132 85 8
132 88 15
132 90 2
132 94 13
132 102 7
132 104 17
132 105 15
132 109 19
132 111 13
132 112 10
132 118 6
132 120 9
132 129 11
132 130 11
132 138 19
132 139 5
132 146 14
132 153 5
132 154 1
132 162 15
132 163 16
132 164 10
132 166 9
132 167 1
132 171 13
132 172 11
132 175 4
132 177 3
132 178 2
132 180 10
132 181 14
132 187 16
132 191 16
132 193 7
132 196 20
132 198 15
133 7 14
133 19 17
133 23 5
133 24 7
133 30 14
133 39 4
133 45 2
133 47 15
133 49 8
133 50 5
133 54 1
133 55 10
133 58 16
133 63 2
133 65 6
133 76 9
133 78 9
133 81 5
133 84 5
133 85 14
133 94 1
133 95 15
133 97 14
133 98 15
133 100 1
133 102 10
133 103 13
133 107 6
133 111 18
133 112 19
133 127 15
133 128 10
133 135 15
133 137 20
133 139 2
133 141 5
133 144 7
133 145 7
133 149 14
133 151 19
133 154 6
133 163 19
133 166 14
133 171 20
133 175 1
133 179 8
133 181 5
133 188 20
133 192 3
133 194 10
133 195 10
134 1 16
134 5 4
134 22 10
134 26 6
134 27 1
134 29 9
134 30 2
134 37 16
134 43 7
134 48 9
134 51 8
134 56 6
134 60 19
134 64 16
134 65 14
134 74 18
134 78 3
134 84 7
134 90 11
134 98 7
134 102 5
134 103 4
134 104 19
134 109 7
134 114 18
134 123 12
134 124 17
134 128 2
134 129 13
134 133 13
134 145 5
134 151 16
134 155 5
134 157 16
134 168 4
134 170 17
134 171 3
134 174 16
134 175 19
134 177 5
134 180 2
134 182 3
134 184 14
134 186 9
134 191 18
135 5 4
135 9 11
135 12 6
135 33 20
135 34 8
135 36 16
135 39 10
135 41 7
135 42 17
135 44 13
135 48 7
135 52 2
135 55 15
135 57 15
135 58 10
135 60 10
135 68 9
135 71 12
135 75 11
135 78 6
135 84 10
135 101 3
135 102 13
135 103 9
135 106 16
135 115 14
135 116 13
135 117 12
135 126 12
135 128 8
135 130 16
135 132 4
135 133 16
135 142 7
135 143 16
135 145 16
135 152 16
135 154 11
135 155 13
135 161 14
135 173 16
135 174 7
135 176 17
135 177 3
135 179 15
135 186 8
135 189 19
136 5 1
136 6 2
136 15 3
136 24 18
136 25 10
136 32 6
136 37 19
136 44 9
136 56 1
136 59 10
136 62 1
136 68 4
136 73 11
136 78 2
136 82 3
136 84 9
136 89 8
136 90 17
136 91 3
136 100 18
136 105 19
136 106 6
136 111 12
136 115 6
136 117 4
136 123 14
136 132 1
136 133 14
136 135 10
136 142 11
136 144 17
136 145 9
136 153 12
136 161 6
136 171 1
136 174 18
136 176 2
136 178 10
136 183 8
136 191 7
136 195 16
136 196 2
137 1 4
137 2 6
137 11 15
137 13 15
137 16 1
137 20 5
137 23 6
137 24 10
137 27 10
137 30 18
137 33 8
137 34 13
137 40 10
137 45 10
137 50 8
137 53 16
137 55 8
137 57 4
137 59 5
137 65 17
137 66 15
137 67 14
137 69 6
137 70 6
137 77 7
137 87 19
137 91 3
137 92 5
137 107 8
137 108 14
137 111 4
137 115 14
137 116 1
137 117 13
137 118 1
137 120 19
137 126 3
137 143 5
137 144 15
137 148 9
137 150 5
137 154 3
137 172 19
137 185 4
137 188 12
137 189 8
137 191 14
137 192 7
137 193 16
137 199 12
138 1 7
138 3 7
138 4 20
138 6 16
138 7 8
138 12 9
138 14 13
138 19 10
138 27 9
138 33 13
138 39 19
138 43 9
138 48 15
138 51 9
138 54 1
138 56 19
138 59 18
138 61 10
138 65 20
138 66 5
138 69 8
138 70 2
138 71 1
138 80 12
138 85 13
138 87 16
138 91 5
138 100 20
138 101 3
138 102 14
138 103 7
138 106 20
138 109 7
138 111 8
138 112 16
138 117 11
138 120 17
138 131 15
138 136 8
138 140 15
138 142 15
138 150 5
138 158 15
138 164 4
138 169 12
138 170 15
138 173 2
138 174 18
138 177 2
138 183 3
138 195 1
138 199 9
139 0 18
139 1 16
139 2 6
139 10 7
139 13 16
139 14 16
139 23 10
139 24 4
139 25 1
139 30 3
139 36 19
139 40 12
139 41 2
139 42 5
139 44 1
139 45 3
139 51 20
139 53 13
139 54 16
139 60 20
139 62 14
139 66 18
139 72 9
139 73 20
139 74 15
139 84 11
139 90 8
139 91 3
139 93 20
139 95 10
139 102 5
139 108 7
139 111 16
139 112 1
139 115 9
139 118 1
139 119 11
139 120 19
139 125 15
139 127 19
139 130 15
139 132 13
139 138 3
139 141 15
139 145 4
139 150 1
139 152 13
139 154 11
139 157 11
139 158 8
139 162 1
139 163 9
139 165 16
139 167 18
139 171 4
139 176 2
139 178 6
139 179 15
139 183 9
139 188 4
139 190 2
139 191 9
139 192 1
139 195 5
139 196 3
140 7 9
140 8 8
140 11 17
140 17 2
140 18 9
140 19 14
140 21 7
140 29 17
140 30 19
140 34 11
140 37 8
140 38 9
140 41 9
140 43 2
140 44 20
140 46 3
140 51 16
140 58 7
140 61 18
140 64 5
140 66 6
140 72 14
140 73 20
140 74 14
140 81 16
140 88 13
140 103 13
140 104 14
140 107 18
140 109 11
140 111 4
140 115 8
140 116 4
140 125 11
140 127 13
140 128 6
140 131 5
140 138 19
140 139 6
140 151 3
140 153 8
140 162 7
140 163 14
140 170 8
140 176 13
140 177 5
140 187 1
140 190 15
140 191 3
140 195 11
140 197 3
140 198 5
141 2 12
141 9 9
141 11 17
141 17 15
141 20 19
141 26 9
141 31 8
141 32 11
141 36 9
141 40 6
141 57 10
141 62 12
141 63 3
141 67 19
141 71 17
141 73 4
141 78 20
141 79 3
141 80 4
141 84 16
141 86 2
141 88 20
141 90 2
141 92 4
141 94 18
141 96 4
141 99 20
141 101 5
141 103 19
141 115 16
141 119 20
141 125 7
141 129 14
141 137 2
141 143 13
141 148 2
141 151 14
141 152 15
141 160 7
141 168 17
141 173 2
141 179 8
141 180 19
141 181 17
141 182 4
141 184 5
141 185 10
141 187 2
141 189 7
141 191 16
141 195 8
141 197 6
141 199 13
142 10 6
142 11 8
142 14 3
142 16 9
142 18 16
142 20 15
142 27 3
142 28 17
142 31 9
142 38 18
142 42 5
142 45 13
142 48 11
142 60 9
142 70 4
142 72 2
142 77 8
142 78 5
142 79 10
142 85 5
142 90 7
142 94 20
142 97 17
142 100 8
142 102 8
142 103 17
142 112 12
142 113 5
142 114 17
142 117 13
142 123 19
142 125 15
142 132 18
142 133 10
142 143 11
142 144 7
142 154 16
142 161 9
142 162 6
142 163 18
142 164 20
142 166 14
142 172 10
142 177 6
142 184 11
142 186 17
142 189 17
142 193 8
142 194 13
142 195 2
142 197 4
142 199 7
143 7 11
143 13 18
143 14 13
143 15 18
143 17 10
143 19 12
143 23 2
143 25 4
143 27 2
143 31 16
143 36 15
143 44 19
143 45 1
143 50 4
143 52 18
143 56 11
143 59 14
143 63 1
143 73 4
143 77 3
143 91 19
143 94 17
143 95 8
143 96 15
143 97 12
143 105 19
143 106 11
143 108 4
143 113 18
143 114 13
143 115 4
143 120 7
143 123 19
143 124 18
143 125 2
143 126 20
143 129 3
143 131 7
143 133 5
143 141 7
143 146 13
143 158 17
143 159 14
143 163 12
143 165 12
143 172 3
143 179 5
143 187 9
143 193 10
144 2 9
144 7 5
144 19 6
144 20 7
144 21 2
144 25 10
144 28 4
144 33 17
144 38 6
144 39 2
144 49 13
144 50 15
144 55 18
144 58 16
144 60 19
144 66 15
144 68 8
144 69 2
144 75 7
144 83 14
144 86 12
144 88 16
144 95 16
144 99 3
144 106 11
144 109 19
144 114 7
144 119 18
144 120 15
144 126 10
144 129 17
144 133 8
144 135 8
144 137 14
144 139 11
144 152 5
144 154 3
144 155 16
144 159 3
144 163 19
144 176 11
144 187 12
144 188 16
144 191 10
145 0 19
145 14 11
145 17 13
145 20 2
145 24 12
145 26 18
145 39 10
145 40 9
145 44 15
145 45 9
145 46 10
145 48 20
145 51 17
145 52 3
145 55 9
145 57 13
145 58 2
145 61 17
145 62 9
145 69 11
145 71 5
145 73 16
145 82 14
145 86 2
145 87 20
145 88 7
145 90 7
145 91 18
145 93 3
145 108 9
145 118 17
145 119 3
145 130 1
145 131 8
145 133 9
145 143 17
145 149 18
145 151 1
145 155 7
145 160 17
145 161 7
145 166 9
145 168 18
145 174 4
145 188 20
145 190 3
145 191 9
145 196 12
145 197 9
145 199 8
146 9 12
146 14 2
146 19 10
146 20 7
146 22 8
146 32 9
146 33 9
146 34 4
146 42 12
146 43 19
146 45 8
146 46 11
146 52 5
146 59 3
146 65 20
146 71 4
146 72 12
146 73 18
146 78 8
146 89 14
146 92 2
146 94 16
146 95 1
146 98 11
146 112 15
146 115 18
146 119 15
146 120 6
146 128 1
146 129 9
146 130 9
146 134 10
146 135 14
146 137 16
146 143 12
146 144 5
146 145 9
146 147 6
146 156 16
146 159 4
146 164 8
146 172 15
146 173 10
146 190 5
146 191 4
146 197 19
147 0 1
147 10 4
147 11 1
147 12 18
147 15 11
147 19 5
147 20 16
147 28 11
147 30 11
147 32 13
147 37 9
147 41 14
147 42 2
147 44 15
147 45 16
147 48 16
147 52 4
147 54 1
147 57 8
147 66 17
147 68 20
147 69 7
147 70 13
147 77 15
147 79 13
147 82 1
147 83 5
147 84 2
147 97 15
147 102 5
147 103 13
147 104 12
147 107 14
147 113 16
147 118 15
147 121 1
147 124 17
147 126 17
147 127 1
147 133 4
147 134 14
147 138 19
147 140 9
147 145 19
147 148 5
147 150 3
147 153 15
147 168 4
147 176 6
147 177 15
147 178 4
147 182 19
147 185 4
147 189 2
147 194 4
147 199 10
148 0 1
148 6 7
148 11 5
148 12 1
148 14 12
148 21 11
148 23 7
148 25 17
148 26 20
148 32 6
148 33 19
148 34 11
148 37 17
148 41 20
148 42 16
148 47 5
148 50 15
148 52 1
148 60 18
148 61 3
148 70 14
148 72 7
148 82 5
148 87 4
148 89 10
148 93 18
148 95 2
148 101 17
148 125 7
148 130 8
148 140 17
148 142 5
148 145 12
148 147 9
148 151 3
148 154 13
148 157 6
148 159 14
148 162 6
148 163 13
148 169 1
148 171 12
148 177 20
148 182 9
148 183 9
148 190 18
148 193 4
148 196 15
149 5 15
149 6 9
149 12 9
149 15 3
149 18 20
149 19 6
149 22 19
149 36 6
149 40 18
149 44 11
149 49 4
149 52 4
149 53 7
149 63 18
149 64 20
149 67 19
149 69 13
149 71 4
149 72 1
149 73 2
149 75 12
149 91 14
149 93 10
149 94 3
149 100 18
149 101 6
149 102 15
149 108 14
149 114 8
149 117 1
149 118 9
149 121 13
149 125 13
149 126 6
149 129 2
149 132 19
149 133 16
149 144 8
149 150 2
149 154 7
149 157 14
149 165 19
149 166 10
149 173 3
149 180 1
149 193 11
149 195 2
149 197 1
150 1 5
150 2 19
150 4 17
150 17 16
150 18 14
150 21 16
150 27 3
150 46 8
150 62 15
150 67 14
150 69 7
150 70 8
150 79 5
150 81 5
150 83 20
150 84 16
150 91 1
150 92 12
150 94 14
150 97 15
150 98 7
150 103 6
150 105 2
150 112 12
150 114 10
150 116 19
150 122 17
150 123 6
150 126 13
150 129 6
150 132 10
150 138 2
150 141 19
150 142 13
150 147 4
150 154 19
150 159 20
150 164 6
150 167 19
150 170 6
150 173 2
150 175 4
150 176 13
150 177 7
150 182 14
150 188 15
150 190 12
150 195 1
150 196 12
151 1 15
151 2 2
151 8 8
151 9 4
151 10 10
151 11 3
151 21 13
151 29 19
151 30 5
151 36 1
151 41 17
151 48 18
151 53 16
151 59 7
151 69 4
151 74 19
151 77 14
151 81 2
151 82 1
151 85 10
151 93 4
151 96 17
151 99 18
151 121 7
151 124 6
151 125 8
151 126 20
151 127 13
151 130 6
151 134 1
151 140 1
151 142 15
151 156 3
151 157 11
151 159 15
151 163 17
151 165 7
151 167 7
151 168 8
151 182 12
151 191 12
151 199 16
152 2 15
152 11 13
152 17 9
152 18 19
152 25 20
152 27 16
152 28 13
152 31 16
152 37 11
152 50 10
152 51 9
152 52 1
152 54 16
152 55 2
152 58 13
152 64 6
152 66 2
152 76 3
152 77 6
152 87 16
152 91 7
152 94 14
152 98 6
152 99 15
152 100 14
152 105 9
152 107 17
152 109 6
152 110 14
152 111 13
152 114 14
152 115 6
152 124 20
152 145 4
152 146 5
152 157 20
152 167 18
152 168 9
152 172 3
152 174 15
152 178 3
152 183 9
152 184 17
152 187 11
152 190 15
152 192 13
152 193 16
153 7 2
153 11 7
153 21 17
153 39 15
153 45 20
153 50 16
153 53 4
153 55 12
153 56 15
153 60 20
153 61 11
153 64 20
153 65 6
153 67 4
153 69 16
153 70 9
153 72 5
153 80 14
153 81 17
153 83 9
153 84 5
153 85 3
153 90 6
153 94 9
153 95 8
153 96 15
153 97 12
153 101 5
153 110 7
153 111 14
153 115 15
153 118 2
153 130 13
153 137 14
153 139 10
153 165 3
153 166 2
153 167 4
153 172 12
153 176 17
153 178 3
153 180 16
153 188 12
153 191 11
153 192 18
153 199 9
154 4 13
154 12 14
154 16 8
154 18 19
154 22 10
154 23 6
154 24 13
154 25 16
154 26 16
154 28 1
154 40 11
154 45 16
154 47 7
154 51 14
154 58 11
154 63 14
154 64 19
154 65 16
154 66 7
154 68 19
154 70 7
154 73 5
154 79 14
154 83 7
154 99 20
154 109 17
154 113 13
154 120 10
154 123 14
154 124 11
154 125 18
154 126 1
154 132 2
154 134 12
154 138 18
154 139 15
154 141 13
154 142 13
154 148 19
154 153 15
154 156 7
154 159 8
154 167 4
154 168 14
154 178 12
154 187 16
154 188 4
154 190 12
154 194 7
155 1 18
155 4 11
155 5 5
155 6 5
155 8 10
155 11 2
155 12 14
155 17 16
155 18 6
155 21 18
155 26 13
155 28 14
155 35 13
155 40 20
155 42 5
155 47 3
155 54 12
155 56 11
155 63 5
155 65 18
155 67 5
155 73 10
155 74 18
155 78 13
155 88 11
155 92 2
155 97 13
155 99 10
155 100 13
155 101 14
155 103 18
155 111 17
155 120 17
155 121 13
155 126 8
155 128 4
155 132 3
155 139 13
155 145 3
155 154 18
155 160 14
155 165 17
155 166 10
155 167 19
155 171 2
155 174 4
155 178 1
155 181 7
155 182 9
155 186 8
155 188 20
155 195 2
155 198 10
156 2 2
156 7 1
156 10 4
156 13 13
156 14 4
156 15 9
156 20 1
156 23 3
156 28 8
156 31 5
156 43 6
156 46 15
156 52 4
156 53 16
156 59 16
156 60 9
156 61 13
156 63 14
156 64 20
156 67 6
156 70 17
156 71 8
156 74 20
156 75 7
156 76 7
156 78 20
156 79 19
156 90 5
156 93 13
156 96 14
156 97 8
156 101 19
156 102 8
156 104 3
156 106 2
156 108 11
156 125 7
156 128 9
156 130 8
156 132 15
156 135 4
156 137 14
156 141 18
156 145 2
156 155 3
156 164 9
156 166 18
156 168 15
156 169 14
156 179 18
156 180 19
156 191 16
156 196 18
157 1 5
157 2 14
157 4 11
157 11 18
157 14 15
157 17 17
157 19 1
157 21 18
157 31 5
157 47 16
157 52 16
157 56 18
157 58 2
157 67 1
157 71 10
157 72 8
157 73 11
157 74 11
157 75 11
157 79 5
157 81 5
157 86 11
157 95 5
157 100 8
157 102 14
157 107 20
157 111 15
157 121 8
157 123 15
157 130 10
157 134 1
157 138 15
157 146 2
157 147 15
157 148 14
157 149 17
157 154 5
157 156 5
157 162 5
157 164 19
157 165 13
157 180 20
157 182 17
157 184 17
157 191 16
157 192 1
157 197 20
158 4 10
158 5 9
158 7 6
158 8 18
158 9 6
158 12 19
158 13 9
158 14 19
158 25 17
158 26 14
158 30 3
158 44 20
158 46 11
158 48 11
158 63 7
158 69 8
158 70 5
158 71 18
158 78 7
158 88 7
158 89 6
158 91 15
158 92 6
158 96 18
158 104 6
158 105 8
158 111 19
158 114 4
158 119 10
158 122 10
158 126 20
158 128 2
158 136 16
158 137 5
158 138 10
158 142 16
158 145 14
158 154 20
158 164 5
158 165 2
158 169 15
158 170 4
158 176 1
158 181 3
158 183 1
158 184 9
158 187 19
158 188 12
158 195 11
158 198 9
159 0 8
159 3 10
159 4 3
159 5 1
159 6 13
159 10 4
159 12 17
159 14 5
159 15 3
159 22 12
159 23 2
159 25 20
159 28 3
159 35 10
159 36 13
159 39 15
159 40 14
159 44 9
159 51 20
159 59 15
159 60 9
159 63 19
159 65 11
159 66 20
159 69 17
159 71 15
159 73 19
159 77 17
159 80 20
159 84 2
159 89 3
159 97 12
159 99 10
159 102 17
159 104 14
159 105 7
159 109 16
159 111 13
159 120 9
159 123 3
159 127 6
159 132 20
159 137 20
159 148 7
159 150 2
159 164 17
159 166 19
159 170 5
159 185 19
159 193 19
159 198 1
160 1 5
160 3 13
160 7 2
160 10 20
160 16 20
160 23 14
160 26 16
160 29 3
160 32 17
160 36 15
160 39 16
160 43 5
160 44 18
160 45 1
160 46 12
160 47 5
160 48 10
160 54 5
160 56 3
160 59 8
160 67 16
160 68 13
160 80 2
160 91 15
160 95 3
160 97 7
160 98 3
160 99 15
160 102 5
160 103 18
160 104 5
160 108 20
160 109 6
160 110 1
160 117 16
160 119 6
160 126 18
160 127 7
160 129 4
160 136 8
160 138 12
160 140 9
160 141 3
160 145 4
160 147 20
160 151 2
160 155 3
160 168 4
160 172 13
160 173 20
160 176 18
160 179 11
160 183 8
160 184 6
160 185 7
160 186 17
160 192 17
160 193 12
160 194 7
160 195 4
160 198 12
161 0 17
161 4 10
161 7 18
161 9 20
161 12 15
161 28 9
161 32 10
161 36 7
161 43 4
161 45 20
161 46 3
161 47 16
161 52 19
161 61 18
161 66 9
161 67 2
161 72 2
161 74 10
161 84 10
161 88 18
161 90 15
161 92 14
161 96 2
161 97 1
161 98 9
161 100 15
161 102 7
161 104 14
161 105 4
161 112 14
161 119 4
161 121 15
161 124 16
161 132 2
161 136 2
161 138 7
161 140 19
161 142 4
161 144 15
161 146 8
161 151 17
161 160 18
161 167 5
161 170 14
161 171 4
161 181 17
161 189 6
161 196 8
162 0 19
162 4 15
162 9 6
162 13 8
162 15 7
162 16 1
162 19 17
162 21 12
162 24 18
162 33 16
162 54 7
162 57 7
162 65 14
162 67 1
162 70 12
162 71 5
162 74 17
162 79 17
162 83 13
162 85 19
162 86 7
162 94 18
162 100 14
162 101 13
162 104 4
162 105 16
162 109 5
162 110 3
162 120 17
162 124 13
162 128 6
162 130 13
162 131 13
162 132 10
162 137 15
162 145 3
162 146 13
162 147 10
162 150 2
162 160 2
162 163 6
162 164 11
162 169 12
162 171 12
162 181 15
162 182 15
162 184 10
162 186 20
162 187 15
162 189 14
163 1 15
163 4 14
163 6 3
163 7 5
163 8 2
163 10 8
163 11 5
163 13 12
163 16 2
163 17 1
163 29 4
163 42 11
163 48 20
163 52 16
163 53 5
163 54 11
163 55 19
163 60 3
163 66 1
163 71 8
163 72 18
163 79 20
163 81 1
163 83 3
163 88 10
163 102 18
163 110 8
163 111 13
163 117 5
163 124 9
163 132 5
163 134 16
163 135 18
163 136 15
163 143 8
163 144 15
163 146 6
163 160 6
163 164 13
163 178 1
163 180 10
163 186 1
163 190 7
163 192 10
163 193 9
163 194 15
163 196 19
164 1 18
164 2 7
164 19 11
164 23 12
164 26 17
164 29 17
164 30 13
164 32 12
164 37 12
164 43 9
164 51 8
164 54 4
164 57 13
164 61 18
164 65 3
164 67 8
164 69 9
164 76 5
164 80 9
164 95 1
164 97 6
164 100 14
164 102 17
164 104 20
164 105 3
164 106 4
164 112 7
164 117 18
164 118 11
164 134 6
164 137 13
164 138 7
164 141 19
164 144 14
164 157 11
164 158 18
164 160 12
164 162 10
164 163 8
164 168 2
164 178 14
164 187 5
164 190 13
164 191 9
164 192 10
164 197 3
165 2 18
165 3 16
165 8 11
165 11 17
165 19 20
165 20 20
165 25 15
165 29 5
165 30 9
165 33 16
165 34 9
165 36 2
165 37 14
165 38 2
165 40 2
165 43 3
165 47 1
165 49 18
165 50 4
165 55 6
165 57 19
165 66 19
165 71 4
165 80 9
165 81 15
165 84 19
165 91 14
165 101 4
165 106 1
165 107 14
165 109 13
165 122 11
165 129 3
165 131 6
165 134 13
165 136 16
165 137 11
165 139 4
165 140 16
165 151 12
165 152 19
165 154 8
165 157 17
165 159 9
165 160 9
165 175 15
165 177 12
165 189 1
165 194 13
165 199 14
166 4 4
166 8 12
166 18 17
166 19 17
166 20 20
166 23 6
166 25 16
166 26 7
166 27 9
166 28 5
166 30 6
166 32 20
166 34 6
166 40 3
166 45 19
166 55 11
166 61 19
166 67 17
166 68 14
166 70 12
166 75 15
166 78 8
166 83 11
166 85 13
166 97 16
166 101 11
166 102 13
166 107 3
166 108 20
166 110 11
166 113 13
166 123 14
166 124 16
166 125 1
166 126 3
166 132 9
166 136 13
166 139 17
166 141 13
166 150 20
166 153 20
166 156 14
166 158 9
166 161 2
166 170 2
166 179 5
166 182 2
166 193 10
166 196 17
166 197 7
166 198 20
167 6 9
167 7 3
167 14 12
167 20 8
167 25 6
167 27 7
167 28 20
167 32 11
167 37 16
167 42 10
167 43 20
167 47 19
167 49 15
167 52 16
167 56 10
167 57 17
167 58 16
167 63 5
167 64 11
167 65 10
167 66 8
167 67 4
167 74 18
167 75 13
167 84 7
167 87 8
167 92 12
167 97 13
167 100 16
167 101 6
167 103 17
167 105 2
167 107 1
167 113 2
167 114 13
167 116 20
167 118 8
167 119 8
167 122 12
167 124 13
167 129 19
167 130 18
167 140 12
167 144 5
167 153 13
167 154 6
167 155 16
167 163 14
167 165 1
167 169 11
167 170 18
167 171 2
167 172 11
167 174 8
167 176 1
167 178 8
167 183 1
167 191 9
167 194 12
167 196 14
167 197 13
168 0 4
168 2 3
168 3 15
168 4 16
168 13 2
168 19 4
168 26 3
168 27 12
168 31 11
168 32 9
168 41 6
168 56 3
168 59 1
168 61 20
168 71 12
168 77 19
168 79 10
168 82 12
168 86 17
168 87 19
168 91 5
168 93 2
168 94 20
168 95 11
168 103 8
168 110 9
168 112 14
168 113 12
168 117 2
168 118 14
168 127 7
168 131 3
168 133 2
168 137 6
168 138 19
168 146 11
168 147 19
168 149 13
168 151 13
168 153 10
168 155 10
168 156 2
168 158 10
168 159 6
168 160 1
168 163 11
168 165 15
168 166 14
168 169 7
168 173 3
168 176 2
168 178 11
168 180 14
168 181 1
168 186 12
168 187 12
168 188 13
168 198 3
169 10 12
169 14 6
169 15 1
169 20 20
169 26 13
169 27 1
169 30 2
169 43 4
169 46 19
169 51 14
169 56 7
169 57 13
169 61 1
169 65 17
169 66 7
169 67 19
169 71 16
169 72 2
169 83 5
169 84 10
169 85 20
169 96 12
169 100 5
169 102 1
169 105 15
169 106 16
169 107 9
169 113 14
169 118 11
169 123 20
169 128 12
169 132 10
169 138 1
169 139 11
169 144 11
169 145 5
169 146 8
169 152 17
169 153 1
169 162 2
169 163 14
169 167 20
169 168 18
169 189 8
169 191 5
169 193 6
170 5 17
170 6 3
170 8 15
170 9 14
170 18 15
170 23 9
170 24 4
170 36 1
170 37 9
170 39 10
170 40 12
170 46 12
170 48 17
170 59 3
170 63 13
170 64 5
170 67 14
170 70 5
170 73 18
170 83 10
170 85 11
170 86 1
170 87 17
170 90 3
170 92 18
170 100 16
170 102 7
170 104 14
170 105 4
170 108 9
170 113 12
170 114 5
170 115 9
170 121 5
170 122 17
170 124 20
170 126 15
170 132 11
170 134 17
170 135 12
170 139 8
170 142 6
170 144 2
170 145 2
170 149 4
170 150 2
170 160 17
170 167 14
170 172 8
170 176 16
170 189 16
170 190 7
170 197 10
171 6 18
171 11 13
171 12 6
171 27 20
171 33 8
171 34 2
171 35 3
171 36 2
171 38 14
171 59 17
171 61 6
171 64 17
171 66 11
171 71 13
171 78 12
171 82 12
171 86 11
171 87 4
171 90 2
171 92 16
171 97 4
171 100 13
171 101 12
171 105 2
171 111 12
171 115 16
171 116 6
171 117 4
171 118 8
171 119 8
171 122 16
171 129 8
171 132 17
171 138 9
171 148 11
171 154 1
171 155 16
171 159 5
171 162 18
171 165 7
171 166 19
171 177 8
171 180 14
171 186 20
171 191 17
171 198 2
172 0 19
172 11 9
172 14 15
172 15 17
172 16 6
172 25 17
172 27 10
172 30 10
172 31 18
172 33 19
172 36 10
172 38 6
172 42 19
172 46 7
172 56 18
172 59 13
172 60 6
172 68 6
172 70 10
172 82 2
172 89 12
172 95 10
172 98 16
172 99 1
172 103 8
172 104 7
172 106 13
172 107 15
172 108 2
172 111 18
172 115 2
172 116 8
172 117 1
172 125 16
172 127 16
172 131 16
172 138 7
172 142 1
172 144 8
172 146 15
172 151 20
172 152 5
172 158 16
172 159 8
172 160 14
172 163 5
172 165 16
172 170 5
172 177 12
172 179 8
172 180 19
172 185 20
172 191 18
172 192 5
173 1 19
173 2 5
173 7 11
173 9 7
173 10 18
173 20 17
173 24 14
173 30 16
173 34 20
173 35 11
173 38 5
173 41 15
173 48 11
173 49 20
173 50 20
173 53 3
173 59 20
173 61 6
173 74 11
173 75 5
173 77 16
173 78 19
173 79 12
173 89 13
173 93 14
173 105 2
173 107 13
173 108 11
173 109 17
173 110 19
173 111 20
173 112 7
173 117 16
173 118 18
173 130 20
173 137 3
173 140 19
173 143 6
173 145 13
173 155 9
173 162 13
173 169 16
173 170 8
173 171 3
173 175 13
173 177 4
173 178 14
173 179 14
173 187 6
173 188 15
173 189 18
173 191 9
173 199 10
174 1 1
174 2 8
174 3 6
174 7 17
174 16 11
174 26 1
174 28 13
174 30 7
174 42 11
174 43 18
174 49 15
174 51 13
174 52 16
174 63 4
174 67 3
174 71 13
174 74 9
174 76 20
174 81 5
174 88 8
174 90 5
174 93 9
174 95 20
174 96 7
174 102 7
174 103 3
174 109 5
174 112 19
174 115 6
174 120 10
174 121 14
174 124 8
174 128 6
174 129 18
174 130 9
174 131 1
174 139 13
174 141 15
174 144 7
174 146 3
174 148 4
174 149 6
174 150 15
174 157 17
174 158 16
174 159 19
174 169 2
174 172 4
174 173 17
174 192 9
174 193 7
174 195 11
174 198 17
174 199 19
175 1 9
175 2 18
175 4 15
175 11 15
175 16 7
175 18 15
175 20 3
175 24 5
175 34 18
175 35 16
175 45 1
175 46 2
175 49 19
175 52 9
175 53 10
175 55 7
175 56 14
175 63 4
175 69 19
175 73 7
175 76 9
175 78 9
175 81 4
175 84 2
175 90 20
175 92 3
175 101 7
175 106 3
175 112 9
175 114 13
175 118 17
175 120 8
175 121 13
175 124 19
175 131 15
175 134 5
175 147 5
175 156 2
175 157 10
175 159 3
175 161 10
175 171 8
175 173 15
175 179 14
175 180 14
175 191 13
175 198 5
176 6 17
176 15 7
176 23 5
176 27 12
176 36 1
176 37 8
176 39 1
176 40 4
176 41 10
176 43 12
176 53 18
176 55 9
176 58 11
176 59 20
176 61 17
176 64 6
176 70 12
176 75 13
176 77 13
176 78 3
176 83 5
176 85 3
176 89 10
176 92 20
176 94 2
176 96 3
176 97 2
176 99 17
176 102 9
176 104 13
176 113 19
176 118 5
176 119 18
176 120 11
176 122 4
176 123 8
176 127 9
176 134 16
176 138 7
176 144 1
176 148 5
176 149 20
176 153 18
176 155 15
176 156 16
176 161 12
176 163 11
176 167 10
176 169 8
176 170 1
176 175 18
176 184 16
176 193 2
177 5 16
177 10 11
177 11 13
177 15 13
177 17 16
177 33 16
177 36 16
177 44 19
177 46 17
177 48 9
177 50 14
177 52 19
177 63 18
177 64 1
177 68 20
177 71 16
177 74 4
177 79 20
177 84 3
177 89 10
177 95 13
177 99 12
177 102 17
177 103 20
177 104 10
177 107 3
177 109 6
177 110 17
177 114 6
177 120 2
177 125 20
177 128 8
177 129 2
177 132 9
177 137 16
177 138 16
177 144 16
177 146 1
177 154 9
177 155 20
177 156 4
177 159 20
177 161 17
177 171 17
177 172 10
177 178 16
177 179 6
177 181 13
177 183 2
177 191 16
177 197 16
177 198 15
178 0 2
178 2 11
178 4 3
178 5 6
178 7 1
178 8 20
178 9 20
178 12 15
178 18 6
178 24 2
178 29 11
178 37 14
178 41 7
178 45 10
178 54 11
178 55 15
178 56 3
178 60 15
178 63 20
178 64 8
178 65 17
178 72 6
178 77 20
178 78 17
178 81 11
178 87 5
178 89 17
178 90 10
178 92 12
178 101 7
178 105 10
178 106 7
178 109 4
178 120 19
178 122 16
178 134 18
178 140 4
178 147 6
178 149 15
178 151 3
178 156 2
178 158 17
178 168 20
178 170 13
178 176 11
178 177 16
178 181 14
178 185 11
178 193 13
178 194 13
179 6 6
179 9 4
179 13 3
179 14 5
179 15 8
179 20 12
179 24 7
179 32 14
179 36 11
179 45 18
179 49 12
179 51 18
179 56 2
179 57 4
179 59 13
179 60 18
179 61 5
179 65 11
179 68 13
179 72 1
179 74 19
179 77 18
179 80 9
179 82 18
179 87 13
179 89 19
179 91 19
179 96 9
179 97 6
179 99 12
179 102 9
179 105 13
179 106 19
179 110 16
179 117 2
179 122 2
179 130 17
179 135 1
179 140 16
179 143 17
179 144 9
179 152 8
179 156 16
179 157 3
179 158 15
179 163 9
179 178 2
179 186 14
179 189 5
179 190 19
179 194 5
179 195 2
179 196 3
179 197 19
180 1 8
180 4 2
180 8 12
180 9 17
180 10 12
180 16 8
180 18 7
180 19 10
180 21 17
180 22 11
180 24 3
180 27 5
180 32 17
180 37 10
180 40 8
180 44 17
180 45 18
180 47 6
180 50 13
180 54 20
180 61 15
180 64 1
180 67 12
180 72 7
180 77 17
180 78 10
180 80 16
180 81 13
180 90 20
180 93 16
180 97 8
180 98 15
180 99 6
180 114 4
180 118 18
180 127 19
180 128 3
180 141 7
180 144 7
180 147 17
180 152 5
180 153 17
180 156 2
180 159 10
180 164 5
180 166 1
180 167 3
180 174 19
180 184 9
180 185 5
180 188 10
180 192 1
180 193 9
180 198 19
180 199 17
181 1 3
181 2 14
181 5 20
181 6 15
181 7 10
181 11 7
181 13 9
181 28 10
181 29 2
181 40 11
181 43 14
181 45 20
181 50 10
181 55 15
181 57 5
181 60 8
181 67 7
181 68 14
181 75 14
181 76 17
181 79 11
181 84 1
181 95 11
181 99 19
181 101 13
181 103 8
181 107 10
181 111 3
181 113 9
181 115 16
181 118 9
181 128 2
181 132 18
181 134 8
181 135 16
181 144 17
181 155 12
181 156 6
181 160 2
181 163 5
181 165 13
181 166 15
181 171 5
181 172 17
181 174 7
181 177 1
181 179 3
181 183 5
181 185 12
181 188 2
181 189 1
181 190 7
181 198 12
182 4 8
182 11 18
182 18 3
182 23 19
182 31 4
182 33 18
182 34 10
182 36 13
182 44 2
182 46 10
182 47 8
182 54 13
182 59 17
182 65 5
182 68 10
182 87 15
182 93 15
182 99 1
182 104 7
182 112 15
182 114 18
182 129 20
182 135 16
182 138 17
182 144 5
182 148 17
182 152 10
182 153 1
182 166 5
182 169 9
182 170 3
182 174 9
182 186 5
182 187 17
182 189 15
182 193 10
182 198 7
183 2 9
183 3 10
183 17 18
183 24 14
183 26 15
183 33 17
183 36 6
183 39 5
183 40 10
183 41 15
183 43 19
183 49 12
183 51 11
183 62 15
183 66 4
183 70 3
183 74 5
183 85 9
183 86 11
183 88 11
183 89 1
183 94 16
183 95 9
183 104 20
183 108 7
183 111 8
183 115 2
183 119 18
183 120 4
183 122 15
183 131 11
183 144 7
183 145 17
183 146 17
183 153 11
183 155 7
183 159 6
183 162 2
183 171 20
183 176 2
183 187 1
183 192 10
184 3 10
184 7 6
184 10 20
184 13 20
184 20 12
184 22 7
184 25 15
184 28 4
184 35 19
184 36 4
184 38 9
184 42 2
184 45 18
184 56 7
184 57 1
184 58 9
184 59 5
184 65 15
184 68 11
184 70 19
184 73 3
184 76 16
184 77 6
184 79 17
184 81 5
184 82 19
184 83 10
184 89 15
184 91 13
184 100 17
184 101 9
184 103 15
184 104 13
184 105 16
184 111 10
184 114 16
184 115 14
184 116 9
184 122 1
184 123 20
184 124 17
184 128 17
184 130 11
184 136 17
184 141 2
184 146 16
184 150 17
184 151 18
184 155 15
184 162 17
184 168 14
184 169 3
184 185 2
184 189 15
184 190 18
184 193 4
184 196 15
185 1 12
185 2 20
185 4 6
185 13 6
185 18 19
185 19 17
185 20 12
185 21 20
185 24 18
185 27 9
185 28 12
185 31 10
185 39 20
185 44 20
185 46 11
185 49 16
185 51 8
185 52 1
185 63 12
185 75 4
185 77 1
185 78 13
185 79 16
185 80 7
185 84 19
185 86 15
185 91 5
185 117 18
185 122 13
185 124 8
185 127 7
185 134 14
185 138 6
185 145 7
185 148 17
185 151 19
185 152 10
185 155 8
185 158 2
185 162 4
185 163 20
185 164 10
185 169 17
185 170 20
185 171 12
185 186 6
185 187 10
185 189 13
185 192 9
186 14 18
186 21 6
186 26 8
186 32 18
186 33 8
186 36 3
186 38 3
186 43 3
186 50 18
186 58 16
186 59 13
186 61 17
186 66 14
186 71 13
186 77 9
186 81 12
186 83 6
186 103 6
186 107 4
186 109 9
186 115 16
186 118 20
186 121 15
186 126 13
186 128 17
186 130 13
186 131 14
186 133 19
186 135 12
186 136 11
186 143 18
186 144 1
186 145 1
186 148 19
186 149 12
186 154 16
186 155 12
186 156 4
186 157 4
186 163 1
186 165 2
186 171 10
186 174 10
186 176 9
186 188 20
186 191 6
186 192 17
186 195 15
186 196 10
187 3 3
187 7 12
187 14 19
187 17 12
187 20 14
187 21 8
187 23 13
187 27 19
187 29 6
187 33 8
187 34 13
187 38 15
187 39 2
187 44 6
187 48 19
187 51 15
187 56 6
187 58 3
187 60 4
187 67 9
187 69 17
187 70 19
187 72 3
187 74 20
187 75 6
187 81 1
187 84 12
187 85 4
187 89 20
187 96 15
187 102 16
187 103 7
187 105 7
187 117 4
187 120 14
187 125 3
187 126 13
187 127 11
187 128 8
187 130 7
187 132 1
187 134 4
187 135 7
187 136 16
187 140 2
187 148 4
187 149 3
187 150 5
187 154 19
187 155 13
187 172 9
187 175 4
187 177 10
187 178 8
187 188 4
187 189 3
188 2 18
188 12 15
188 19 9
188 22 16
188 24 2
188 25 9
188 29 9
188 30 2
188 32 6
188 35 7
188 40 3
188 43 18
188 46 3
188 49 4
188 56 14
188 59 1
188 60 4
188 68 1
188 69 5
188 71 4
188 73 1
188 74 20
188 76 1
188 78 16
188 79 20
188 81 19
188 82 17
188 88 10
188 100 18
188 101 15
188 107 14
188 121 6
188 123 16
188 133 13
188 136 14
188 140 5
188 142 20
188 146 10
188 158 12
188 163 3
188 166 20
188 168 11
188 169 16
188 174 2
188 179 1
188 180 15
188 181 5
188 183 4
188 184 12
188 186 11
189 3 19
189 4 11
189 6 5
189 9 4
189 11 6
189 14 20
189 18 14
189 22 8
189 28 17
189 31 1
189 35 14
189 36 1
189 37 4
189 43 20
189 45 4
189 47 7
189 54 4
189 56 2
189 58 5
189 61 17
189 68 16
189 72 9
189 78 14
189 79 5
189 86 17
189 88 6
189 97 17
189 103 3
189 104 13
189 109 2
189 110 2
189 128 8
189 132 9
189 133 2
189 135 19
189 136 3
189 138 6
189 147 8
189 153 3
189 163 1
189 166 13
189 172 1
189 180 15
189 182 12
189 184 9
189 185 15
189 191 3
189 194 12
189 198 20
189 199 20
190 0 10
190 3 4
190 5 1
190 9 6
190 14 5
190 22 5
190 33 15
190 44 5
190 48 16
190 53 17
190 54 6
190 59 2
190 60 19
190 70 14
190 71 5
190 73 11
190 74 12
190 78 4
190 80 15
190 85 2
190 89 14
190 90 11
190 105 3
190 106 4
190 113 16
190 116 19
190 123 2
190 124 4
190 125 19
190 128 20
190 129 6
190 138 4
190 139 20
190 142 15
190 144 2
190 147 11
190 149 13
190 150 7
190 153 14
190 155 16
190 156 19
190 160 12
190 162 9
190 165 4
190 173 17
190 180 10
190 183 2
190 185 20
190 187 15
190 194 10
190 197 7
190 199 5
191 2 15
191 3 2
191 5 3
191 12 9
191 13 13
191 18 7
191 21 14
191 23 11
191 24 14
191 27 7
191 29 9
191 40 8
191 47 5
191 51 13
191 61 11
191 74 8
191 76 5
191 77 12
191 82 16
191 84 10
191 90 8
191 91 2
191 92 9
191 93 16
191 94 18
191 99 11
191 100 2
191 101 14
191 104 11
191 105 17
191 106 20
191 124 7
191 128 15
191 130 4
191 139 7
191 146 11
191 147 5
191 151 8
191 165 16
191 166 1
191 167 17
191 170 7
191 174 3
191 176 19
191 181 2
191 184 1
191 196 10
191 197 20
191 199 5
192 0 13
192 1 16
192 8 11
192 10 17
192 16 17
192 18 2
192 20 5
192 22 7
192 23 8
192 25 8
192 29 5
192 32 9
192 36 3
192 42 16
192 46 2
192 56 15
192 59 4
192 61 19
192 62 19
192 63 20
192 66 16
192 71 16
192 74 5
192 82 10
192 89 3
192 90 15
192 91 16
192 94 18
192 97 3
192 100 12
192 101 1
192 102 13
192 106 11
192 108 11
192 109 3
192 111 9
192 121 18
192 126 11
192 127 19
192 129 16
192 136 10
192 138 19
192 141 8
192 153 9
192 160 11
192 164 16
192 165 15
192 176 4
192 177 15
192 178 1
192 182 2
192 185 5
192 187 14
193 1 15
193 4 20
193 5 17
193 9 7
193 12 13
193 14 20
193 17 5
193 20 14
193 25 6
193 26 19
193 30 9
193 34 1
193 35 16
193 39 6
193 41 16
193 52 12
193 55 6
193 57 9
193 67 4
193 68 14
193 71 9
193 81 19
193 86 7
193 88 10
193 91 10
193 97 9
193 99 18
193 100 9
193 105 14
193 108 14
193 114 20
193 115 7
193 117 9
193 118 2
193 122 14
193 126 7
193 138 13
193 140 3
193 141 7
193 148 13
193 169 14
193 172 20
193 173 19
193 174 6
193 175 4
193 178 19
193 181 16
193 187 1
193 188 6
193 194 4
193 196 20
193 197 20
194 0 15
194 7 3
194 14 1
194 16 9
194 22 13
194 23 1
194 26 19
194 30 6
194 32 5
194 34 3
194 38 1
194 39 12
194 40 6
194 43 17
194 45 12
194 50 3
194 51 4
194 52 20
194 62 12
194 64 19
194 65 17
194 67 12
194 70 1
194 74 19
194 76 7
194 77 9
194 82 15
194 90 20
194 94 17
194 98 11
194 102 18
194 108 10
194 111 8
194 114 2
194 117 11
194 120 6
194 121 9
194 124 1
194 125 16
194 128 14
194 129 2
194 131 10
194 136 3
194 139 16
194 145 1
194 148 3
194 150 1
194 151 16
194 161 10
194 165 1
194 171 7
194 172 11
194 173 17
194 182 17
194 183 18
194 184 5
194 197 9
195 7 16
195 9 15
195 14 6
195 17 15
195 18 9
195 22 3
195 23 6
195 33 15
195 35 18
195 46 13
195 47 6
195 53 9
195 61 15
195 63 18
195 66 7
195 70 11
195 75 16
195 81 19
195 83 1
195 97 8
195 103 6
195 109 14
195 115 7
195 120 11
195 121 5
195 124 18
195 128 3
195 133 1
195 141 9
195 142 8
195 147 4
195 151 6
195 155 7
195 157 10
195 159 10
195 165 10
195 166 3
195 169 1
195 171 7
195 184 14
195 191 10
195 194 10
195 198 3
196 0 1
196 9 5
196 10 13
196 17 18
196 22 2
196 23 16
196 24 12
196 31 6
196 33 5
196 39 12
196 41 3
196 44 8
196 56 15
196 59 9
196 69 7
196 70 15
196 78 2
196 82 17
196 84 18
196 91 20
196 96 17
196 99 10
196 102 18
196 106 9
196 108 3
196 109 13
196 116 18
196 117 14
196 129 12
196 132 1
196 134 16
196 139 16
196 141 3
196 145 11
196 155 14
196 162 19
196 166 15
196 169 7
196 171 19
196 172 17
196 177 11
196 183 5
196 188 9
196 191 4
196 192 20
196 193 4
197 4 14
197 5 13
197 8 18
197 11 6
197 15 9
197 18 5
197 19 19
197 24 15
197 25 7
197 26 5
197 28 12
197 33 9
197 37 11
197 39 20
197 47 18
197 50 8
197 54 7
197 58 18
197 60 9
197 62 6
197 64 16
197 65 19
197 72 15
197 77 13
197 78 14
197 79 1
197 82 19
197 84 6
197 86 19
197 92 3
197 95 14
197 97 10
197 107 12
197 109 9
197 117 14
197 118 19
197 125 7
197 131 19
197 136 2
197 154 10
197 156 7
197 157 19
197 163 19
197 166 1
197 173 11
197 179 6
197 190 14
197 193 2
198 1 9
198 2 3
198 8 9
198 12 1
198 19 11
198 20 19
198 22 14
198 24 11
198 31 2
198 37 8
198 41 20
198 44 1
198 46 3
198 47 12
198 49 11
198 51 9
198 55 10
198 58 15
198 59 3
198 61 4
198 64 3
198 67 2
198 68 11
198 72 13
198 77 19
198 78 2
198 81 7
198 83 19
198 93 5
198 94 15
198 96 5
198 107 5
198 111 9
198 116 12
198 120 4
198 123 8
198 127 8
198 128 8
198 134 18
198 138 14
198 140 1
198 147 16
198 148 2
198 149 15
198 161 4
198 165 14
198 168 3
198 173 19
198 174 20
198 175 7
198 177 2
198 178 13
198 189 14
198 191 19
198 192 8
198 193 17
198 197 19
199 0 13
199 1 19
199 3 3
199 13 20
199 14 19
199 16 6
199 17 17
199 19 15
199 20 8
199 21 15
199 23 1
199 24 17
199 26 3
199 28 17
199 31 9
199 36 17
199 38 15
199 41 6
199 43 10
199 53 14
199 54 11
199 63 4
199 67 17
199 70 20
199 74 12
199 82 9
199 85 1
199 91 4
199 92 4
199 94 15
199 95 20
199 98 12
199 99 9
199 104 12
199 105 8
199 107 13
199 108 17
199 111 11
199 112 10
199 122 12
199 126 18
199 128 14
199 131 20
199 143 3
199 146 19
199 148 1
199 153 5
199 157 8
199 159 1
199 160 19
199 164 14
199 165 1
199 166 14
199 175 18
199 183 15
199 198 18
