2450 50 34 0
0 1 18
0 2 15
0 3 10
0 4 9
0 5 3
0 6 15
0 7 18
0 8 17
0 9 15
0 10 16
0 11 2
0 12 16
0 13 19
0 14 14
0 15 16
0 16 5
0 17 5
0 18 15
0 19 19
0 20 16
0 21 20
0 22 20
0 23 1
0 24 1
0 25 6
0 26 6
0 27 13
0 28 19
0 29 2
0 30 1
0 31 10
0 32 10
0 33 20
0 34 9
0 35 18
0 36 4
0 37 13
0 38 20
0 39 9
0 40 17
0 41 4
0 42 6
0 43 13
0 44 18
0 45 6
0 46 6
0 47 16
0 48 20
0 49 16
1 0 6
1 2 18
1 3 4
1 4 1
1 5 14
1 6 8
1 7 10
1 8 6
1 9 8
1 10 8
1 11 6
1 12 20
1 13 11
1 14 2
1 15 9
1 16 2
1 17 11
1 18 7
1 19 2
1 20 16
1 21 16
1 22 2
1 23 13
1 24 3
1 25 9
1 26 11
1 27 7
1 28 6
1 29 16
1 30 5
1 31 5
1 32 2
1 33 6
1 34 3
1 35 11
1 36 2
1 37 13
1 38 17
1 39 12
1 40 4
1 41 1
1 42 7
1 43 8
1 44 2
1 45 16
1 46 14
1 47 12
1 48 13
1 49 16
2 0 11
2 1 4
2 3 19
2 4 9
2 5 6
2 6 14
2 7 14
2 8 8
2 9 11
2 10 13
2 11 17
2 12 11
2 13 6
2 14 12
2 15 6
2 16 4
2 17 2
2 18 14
2 19 6
2 20 10
2 21 12
2 22 8
2 23 8
2 24 17
2 25 1
2 26 15
2 27 18
2 28 18
2 29 7
2 30 18
2 31 13
2 32 18
2 33 12
2 34 19
2 35 10
2 36 5
2 37 12
2 38 9
2 39 10
2 40 12
2 41 6
2 42 11
2 43 3
2 44 15
2 45 10
2 46 1
2 47 3
2 48 17
2 49 14
3 0 3
3 1 5
3 2 15
3 4 5
3 5 3
3 6 9
3 7 6
3 8 8
3 9 16
3 10 10
3 11 4
3 12 19
3 13 18
3 14 10
3 15 6
3 16 15
3 17 15
3 18 12
3 19 5
3 20 2
3 21 10
3 22 8
3 23 14
3 24 10
3 25 20
3 26 20
3 27 17
3 28 8
3 29 16
3 30 17
3 31 5
3 32 7
3 33 6
3 34 9
3 35 3
3 36 6
3 37 17
3 38 5
3 39 2
3 40 4
3 41 9
3 42 18
3 43 12
3 44 19
3 45 20
3 46 13
3 47 8
3 48 10
3 49 10
4 0 2
4 1 3
4 2 15
4 3 11
4 5 3
4 6 4
4 7 12
4 8 20
4 9 1
4 10 4
4 11 9
4 12 3
4 13 13
4 14 8
4 15 10
4 16 20
4 17 1
4 18 8
4 19 17
4 20 2
4 21 20
4 22 13
4 23 6
4 24 14
4 25 3
4 26 19
4 27 13
4 28 14
4 29 8
4 30 9
4 31 17
4 32 13
4 33 13
4 34 6
4 35 2
4 36 12
4 37 19
4 38 12
4 39 3
4 40 9
4 41 4
4 42 20
4 43 14
4 44 19
4 45 4
4 46 2
4 47 6
4 48 5
4 49 16
5 0 12
5 1 14
5 2 7
5 3 19
5 4 13
5 6 4
5 7 9
5 8 5
5 9 9
5 10 5
5 11 2
5 12 3
5 13 8
5 14 7
5 15 18
5 16 6
5 17 5
5 18 4
5 19 5
5 20 3
5 21 12
5 22 10
5 23 8
5 24 17
5 25 17
5 26 2
5 27 7
5 28 4
5 29 13
5 30 6
5 31 18
5 32 7
5 33 17
5 34 17
5 35 15
5 36 6
5 37 19
5 38 11
5 39 6
5 40 13
5 41 7
5 42 17
5 43 11
5 44 17
5 45 9
5 46 1
5 47 2
5 48 13
5 49 10
6 0 6
6 1 18
6 2 20
6 3 20
6 4 8
6 5 8
6 7 9
6 8 10
6 9 13
6 10 19
6 11 13
6 12 19
6 13 10
6 14 16
6 15 7
6 16 12
6 17 9
6 18 19
6 19 12
6 20 5
6 21 3
6 22 13
6 23 16
6 24 12
6 25 13
6 26 11
6 27 9
6 28 17
6 29 18
6 30 7
6 31 15
6 32 12
6 33 1
6 34 7
6 35 1
6 36 11
6 37 15
6 38 17
6 39 13
6 40 12
6 41 19
6 42 13
6 43 15
6 44 5
6 45 12
6 46 7
6 47 18
6 48 9
6 49 1
7 0 11
7 1 20
7 2 7
7 3 14
7 4 19
7 5 17
7 6 12
7 8 12
7 9 12
7 10 18
7 11 18
7 12 7
7 13 16
7 14 18
7 15 14
7 16 9
7 17 10
7 18 19
7 19 16
7 20 8
7 21 8
7 22 2
7 23 4
7 24 7
7 25 6
7 26 4
7 27 16
7 28 19
7 29 12
7 30 20
7 31 8
7 32 2
7 33 13
7 34 14
7 35 2
7 36 12
7 37 12
7 38 20
7 39 5
7 40 2
7 41 19
7 42 11
7 43 4
7 44 7
7 45 7
7 46 9
7 47 19
7 48 1
7 49 12
8 0 18
8 1 20
8 2 18
8 3 18
8 4 7
8 5 20
8 6 19
8 7 20
8 9 6
8 10 15
8 11 13
8 12 15
8 13 16
8 14 2
8 15 17
8 16 6
8 17 11
8 18 5
8 19 11
8 20 9
8 21 17
8 22 20
8 23 2
8 24 6
8 25 14
8 26 15
8 27 1
8 28 8
8 29 15
8 30 4
8 31 14
8 32 1
8 33 15
8 34 8
8 35 19
8 36 2
8 37 14
8 38 11
8 39 19
8 40 3
8 41 4
8 42 19
8 43 1
8 44 6
8 45 18
8 46 9
8 47 3
8 48 7
8 49 15
9 0 15
9 1 8
9 2 4
9 3 18
9 4 14
9 5 15
9 6 20
9 7 20
9 8 9
9 10 11
9 11 11
9 12 3
9 13 18
9 14 16
9 15 18
9 16 17
9 17 6
9 18 4
9 19 18
9 20 14
9 21 19
9 22 14
9 23 3
9 24 5
9 25 4
9 26 13
9 27 3
9 28 10
9 29 10
9 30 6
9 31 1
9 32 10
9 33 12
9 34 3
9 35 2
9 36 10
9 37 3
9 38 20
9 39 1
9 40 12
9 41 3
9 42 14
9 43 1
9 44 16
9 45 10
9 46 2
9 47 15
9 48 6
9 49 12
10 0 10
10 1 8
10 2 13
10 3 6
10 4 16
10 5 3
10 6 8
10 7 8
10 8 7
10 9 19
10 11 3
10 12 15
10 13 16
10 14 7
10 15 7
10 16 10
10 17 15
10 18 19
10 19 2
10 20 11
10 21 18
10 22 10
10 23 3
10 24 17
10 25 10
10 26 9
10 27 8
10 28 2
10 29 18
10 30 1
10 31 11
10 32 20
10 33 20
10 34 8
10 35 12
10 36 14
10 37 20
10 38 16
10 39 5
10 40 13
10 41 9
10 42 4
10 43 1
10 44 9
10 45 4
10 46 14
10 47 16
10 48 1
10 49 12
11 0 5
11 1 8
11 2 4
11 3 12
11 4 12
11 5 2
11 6 2
11 7 14
11 8 18
11 9 6
11 10 11
11 12 13
11 13 14
11 14 9
11 15 9
11 16 3
11 17 12
11 18 12
11 19 5
11 20 18
11 21 4
11 22 14
11 23 4
11 24 20
11 25 12
11 26 2
11 27 4
11 28 8
11 29 8
11 30 7
11 31 18
11 32 12
11 33 8
11 34 2
11 35 8
11 36 18
11 37 3
11 38 2
11 39 17
11 40 2
11 41 17
11 42 13
11 43 19
11 44 3
11 45 3
11 46 4
11 47 4
11 48 5
11 49 16
12 0 16
12 1 4
12 2 8
12 3 16
12 4 18
12 5 2
12 6 12
12 7 18
12 8 12
12 9 8
12 10 13
12 11 19
12 13 12
12 14 16
12 15 18
12 16 10
12 17 2
12 18 3
12 19 1
12 20 10
12 21 7
12 22 16
12 23 3
12 24 18
12 25 14
12 26 19
12 27 12
12 28 16
12 29 10
12 30 1
12 31 10
12 32 5
12 33 10
12 34 8
12 35 13
12 36 6
12 37 7
12 38 20
12 39 3
12 40 6
12 41 14
12 42 14
12 43 19
12 44 9
12 45 17
12 46 2
12 47 5
12 48 13
12 49 7
13 0 10
13 1 3
13 2 1
13 3 6
13 4 18
13 5 19
13 6 7
13 7 17
13 8 14
13 9 14
13 10 11
13 11 18
13 12 6
13 14 14
13 15 16
13 16 16
13 17 11
13 18 13
13 19 7
13 20 13
13 21 13
13 22 15
13 23 16
13 24 8
13 25 8
13 26 3
13 27 5
13 28 17
13 29 3
13 30 19
13 31 16
13 32 10
13 33 9
13 34 18
13 35 10
13 36 18
13 37 4
13 38 1
13 39 7
13 40 19
13 41 4
13 42 19
13 43 2
13 44 19
13 45 14
13 46 12
13 47 15
13 48 9
13 49 2
14 0 16
14 1 7
14 2 14
14 3 20
14 4 18
14 5 3
14 6 9
14 7 19
14 8 19
14 9 6
14 10 19
14 11 15
14 12 6
14 13 1
14 15 8
14 16 12
14 17 6
14 18 14
14 19 1
14 20 13
14 21 12
14 22 19
14 23 6
14 24 17
14 25 17
14 26 8
14 27 12
14 28 18
14 29 20
14 30 2
14 31 18
14 32 6
14 33 18
14 34 20
14 35 19
14 36 6
14 37 7
14 38 4
14 39 13
14 40 11
14 41 14
14 42 11
14 43 19
14 44 13
14 45 3
14 46 11
14 47 16
14 48 3
14 49 13
15 0 12
15 1 8
15 2 5
15 3 10
15 4 15
15 5 17
15 6 2
15 7 13
15 8 8
15 9 12
15 10 1
15 11 8
15 12 15
15 13 18
15 14 15
15 16 5
15 17 20
15 18 18
15 19 1
15 20 8
15 21 7
15 22 5
15 23 11
15 24 3
15 25 8
15 26 19
15 27 6
15 28 1
15 29 8
15 30 19
15 31 12
15 32 15
15 33 12
15 34 18
15 35 2
15 36 6
15 37 8
15 38 8
15 39 17
15 40 4
15 41 20
15 42 7
15 43 3
15 44 5
15 45 12
15 46 4
15 47 18
15 48 11
15 49 8
16 0 11
16 1 11
16 2 5
16 3 14
16 4 7
16 5 17
16 6 18
16 7 19
16 8 7
16 9 5
16 10 9
16 11 2
16 12 15
16 13 16
16 14 8
16 15 14
16 17 5
16 18 15
16 19 16
16 20 8
16 21 7
16 22 15
16 23 9
16 24 10
16 25 1
16 26 16
16 27 10
16 28 19
16 29 11
16 30 15
16 31 17
16 32 15
16 33 16
16 34 11
16 35 13
16 36 16
16 37 8
16 38 17
16 39 6
16 40 8
16 41 17
16 42 4
16 43 2
16 44 8
16 45 10
16 46 7
16 47 8
16 48 8
16 49 6
17 0 3
17 1 2
17 2 7
17 3 6
17 4 8
17 5 7
17 6 9
17 7 19
17 8 15
17 9 9
17 10 17
17 11 2
17 12 12
17 13 19
17 14 3
17 15 1
17 16 16
17 18 11
17 19 9
17 20 13
17 21 11
17 22 12
17 23 16
17 24 2
17 25 10
17 26 8
17 27 17
17 28 14
17 29 5
17 30 8
17 31 20
17 32 17
17 33 8
17 34 18
17 35 3
17 36 6
17 37 3
17 38 14
17 39 18
17 40 2
17 41 1
17 42 1
17 43 4
17 44 8
17 45 13
17 46 6
17 47 5
17 48 5
17 49 18
18 0 15
18 1 11
18 2 12
18 3 13
18 4 18
18 5 18
18 6 20
18 7 20
18 8 10
18 9 6
18 10 2
18 11 5
18 12 19
18 13 3
18 14 4
18 15 1
18 16 16
18 17 9
18 19 17
18 20 4
18 21 11
18 22 8
18 23 4
18 24 11
18 25 6
18 26 16
18 27 9
18 28 8
18 29 5
18 30 18
18 31 7
18 32 7
18 33 11
18 34 9
18 35 2
18 36 19
18 37 9
18 38 15
18 39 14
18 40 15
18 41 7
18 42 6
18 43 17
18 44 17
18 45 7
18 46 11
18 47 20
18 48 15
18 49 9
19 0 13
19 1 19
19 2 2
19 3 15
19 4 16
19 5 14
19 6 3
19 7 7
19 8 19
19 9 16
19 10 11
19 11 5
19 12 1
19 13 19
19 14 17
19 15 15
19 16 3
19 17 3
19 18 4
19 20 8
19 21 11
19 22 16
19 23 20
19 24 10
19 25 3
19 26 11
19 27 3
19 28 1
19 29 4
19 30 5
19 31 4
19 32 8
19 33 20
19 34 18
19 35 7
19 36 7
19 37 5
19 38 6
19 39 18
19 40 11
19 41 1
19 42 5
19 43 20
19 44 4
19 45 19
19 46 3
19 47 6
19 48 13
19 49 7
20 0 9
20 1 9
20 2 4
20 3 7
20 4 6
20 5 9
20 6 17
20 7 19
20 8 7
20 9 16
20 10 15
20 11 1
20 12 16
20 13 7
20 14 18
20 15 15
20 16 20
20 17 19
20 18 17
20 19 17
20 21 6
20 22 19
20 23 16
20 24 14
20 25 14
20 26 20
20 27 7
20 28 11
20 29 4
20 30 16
20 31 19
20 32 12
20 33 14
20 34 5
20 35 12
20 36 7
20 37 7
20 38 10
20 39 12
20 40 18
20 41 8
20 42 18
20 43 13
20 44 18
20 45 8
20 46 7
20 47 7
20 48 18
20 49 19
21 0 18
21 1 9
21 2 6
21 3 2
21 4 11
21 5 20
21 6 19
21 7 7
21 8 6
21 9 4
21 10 18
21 11 4
21 12 17
21 13 19
21 14 10
21 15 14
21 16 16
21 17 15
21 18 14
21 19 15
21 20 14
21 22 3
21 23 7
21 24 3
21 25 5
21 26 10
21 27 5
21 28 2
21 29 14
21 30 1
21 31 19
21 32 1
21 33 10
21 34 8
21 35 3
21 36 2
21 37 12
21 38 5
21 39 19
21 40 14
21 41 9
21 42 6
21 43 15
21 44 8
21 45 7
21 46 3
21 47 17
21 48 1
21 49 10
22 0 16
22 1 1
22 2 15
22 3 6
22 4 13
22 5 3
22 6 1
22 7 6
22 8 19
22 9 18
22 10 3
22 11 8
22 12 20
22 13 19
22 14 4
22 15 5
22 16 7
22 17 12
22 18 3
22 19 19
22 20 2
22 21 13
22 23 16
22 24 15
22 25 15
22 26 3
22 27 3
22 28 7
22 29 8
22 30 18
22 31 13
22 32 20
22 33 12
22 34 5
22 35 3
22 36 13
22 37 2
22 38 13
22 39 16
22 40 8
22 41 15
22 42 15
22 43 6
22 44 15
22 45 18
22 46 8
22 47 19
22 48 6
22 49 1
23 0 7
23 1 10
23 2 16
23 3 10
23 4 16
23 5 15
23 6 15
23 7 1
23 8 20
23 9 2
23 10 11
23 11 17
23 12 10
23 13 2
23 14 17
23 15 20
23 16 17
23 17 9
23 18 7
23 19 13
23 20 6
23 21 4
23 22 13
23 24 16
23 25 17
23 26 5
23 27 10
23 28 13
23 29 4
23 30 20
23 31 11
23 32 16
23 33 18
23 34 17
23 35 15
23 36 4
23 37 1
23 38 9
23 39 10
23 40 16
23 41 6
23 42 1
23 43 18
23 44 13
23 45 14
23 46 8
23 47 7
23 48 18
23 49 1
24 0 1
24 1 9
24 2 18
24 3 7
24 4 1
24 5 13
24 6 9
24 7 5
24 8 10
24 9 11
24 10 8
24 11 9
24 12 17
24 13 4
24 14 7
24 15 1
24 16 18
24 17 15
24 18 10
24 19 1
24 20 2
24 21 10
24 22 18
24 23 20
24 25 19
24 26 18
24 27 15
24 28 17
24 29 20
24 30 10
24 31 6
24 32 18
24 33 15
24 34 12
24 35 9
24 36 13
24 37 18
24 38 14
24 39 7
24 40 16
24 41 16
24 42 13
24 43 2
24 44 10
24 45 15
24 46 10
24 47 19
24 48 7
24 49 8
25 0 11
25 1 13
25 2 14
25 3 3
25 4 10
25 5 11
25 6 20
25 7 11
25 8 18
25 9 7
25 10 12
25 11 1
25 12 8
25 13 12
25 14 13
25 15 18
25 16 17
25 17 16
25 18 8
25 19 8
25 20 1
25 21 10
25 22 20
25 23 12
25 24 17
25 26 16
25 27 5
25 28 17
25 29 7
25 30 7
25 31 10
25 32 13
25 33 8
25 34 20
25 35 20
25 36 3
25 37 12
25 38 9
25 39 1
25 40 13
25 41 2
25 42 15
25 43 20
25 44 19
25 45 17
25 46 12
25 47 6
25 48 9
25 49 17
26 0 10
26 1 15
26 2 1
26 3 15
26 4 13
26 5 10
26 6 8
26 7 3
26 8 5
26 9 2
26 10 11
26 11 17
26 12 10
26 13 2
26 14 9
26 15 3
26 16 18
26 17 20
26 18 19
26 19 19
26 20 5
26 21 4
26 22 11
26 23 9
26 24 4
26 25 10
26 27 20
26 28 3
26 29 13
26 30 1
26 31 1
26 32 2
26 33 6
26 34 2
26 35 3
26 36 15
26 37 18
26 38 5
26 39 15
26 40 6
26 41 13
26 42 17
26 43 11
26 44 1
26 45 19
26 46 14
26 47 10
26 48 13
26 49 15
27 0 17
27 1 11
27 2 11
27 3 6
27 4 17
27 5 13
27 6 6
27 7 20
27 8 13
27 9 7
27 10 5
27 11 10
27 12 2
27 13 13
27 14 15
27 15 12
27 16 14
27 17 5
27 18 20
27 19 6
27 20 13
27 21 13
27 22 9
27 23 20
27 24 15
27 25 15
27 26 15
27 28 1
27 29 20
27 30 18
27 31 18
27 32 6
27 33 4
27 34 15
27 35 5
27 36 8
27 37 12
27 38 11
27 39 18
27 40 15
27 41 18
27 42 19
27 43 5
27 44 10
27 45 13
27 46 10
27 47 17
27 48 4
27 49 11
28 0 6
28 1 20
28 2 14
28 3 13
28 4 6
28 5 7
28 6 8
28 7 2
28 8 2
28 9 17
28 10 6
28 11 16
28 12 13
28 13 15
28 14 7
28 15 15
28 16 14
28 17 3
28 18 16
28 19 5
28 20 4
28 21 14
28 22 6
28 23 10
28 24 1
28 25 10
28 26 1
28 27 13
28 29 3
28 30 12
28 31 14
28 32 7
28 33 14
28 34 16
28 35 10
28 36 7
28 37 4
28 38 15
28 39 9
28 40 9
28 41 11
28 42 6
28 43 3
28 44 19
28 45 17
28 46 17
28 47 5
28 48 13
28 49 19
29 0 14
29 1 1
29 2 14
29 3 3
29 4 19
29 5 10
29 6 12
29 7 2
29 8 18
29 9 9
29 10 5
29 11 10
29 12 7
29 13 6
29 14 10
29 15 12
29 16 2
29 17 14
29 18 8
29 19 2
29 20 4
29 21 4
29 22 20
29 23 13
29 24 9
29 25 17
29 26 1
29 27 5
29 28 10
29 30 10
29 31 12
29 32 2
29 33 12
29 34 10
29 35 3
29 36 3
29 37 7
29 38 16
29 39 20
29 40 9
29 41 20
29 42 15
29 43 1
29 44 12
29 45 5
29 46 1
29 47 10
29 48 9
29 49 1
30 0 6
30 1 2
30 2 15
30 3 4
30 4 17
30 5 12
30 6 9
30 7 10
30 8 3
30 9 18
30 10 11
30 11 15
30 12 10
30 13 17
30 14 19
30 15 4
30 16 11
30 17 7
30 18 2
30 19 17
30 20 20
30 21 14
30 22 2
30 23 10
30 24 2
30 25 17
30 26 13
30 27 10
30 28 16
30 29 16
30 31 4
30 32 4
30 33 13
30 34 4
30 35 9
30 36 9
30 37 18
30 38 19
30 39 11
30 40 8
30 41 9
30 42 20
30 43 2
30 44 8
30 45 7
30 46 9
30 47 7
30 48 8
30 49 5
31 0 8
31 1 15
31 2 10
31 3 18
31 4 20
31 5 5
31 6 10
31 7 12
31 8 19
31 9 9
31 10 17
31 11 18
31 12 14
31 13 7
31 14 14
31 15 17
31 16 18
31 17 20
31 18 17
31 19 6
31 20 20
31 21 17
31 22 5
31 23 4
31 24 20
31 25 10
31 26 2
31 27 9
31 28 9
31 29 9
31 30 3
31 32 19
31 33 16
31 34 3
31 35 2
31 36 5
31 37 7
31 38 4
31 39 12
31 40 18
31 41 12
31 42 13
31 43 12
31 44 19
31 45 1
31 46 1
31 47 11
31 48 12
31 49 6
32 0 11
32 1 9
32 2 16
32 3 7
32 4 1
32 5 4
32 6 10
32 7 13
32 8 1
32 9 8
32 10 15
32 11 15
32 12 17
32 13 7
32 14 13
32 15 3
32 16 14
32 17 20
32 18 5
32 19 16
32 20 2
32 21 8
32 22 17
32 23 8
32 24 1
32 25 9
32 26 10
32 27 18
32 28 8
32 29 7
32 30 19
32 31 10
32 33 19
32 34 11
32 35 5
32 36 9
32 37 11
32 38 16
32 39 14
32 40 11
32 41 17
32 42 13
32 43 14
32 44 3
32 45 13
32 46 11
32 47 8
32 48 9
32 49 15
33 0 12
33 1 6
33 2 13
33 3 4
33 4 2
33 5 9
33 6 12
33 7 16
33 8 2
33 9 10
33 10 1
33 11 18
33 12 2
33 13 11
33 14 16
33 15 5
33 16 1
33 17 8
33 18 9
33 19 15
33 20 9
33 21 7
33 22 3
33 23 2
33 24 5
33 25 7
33 26 6
33 27 6
33 28 14
33 29 12
33 30 2
33 31 10
33 32 15
33 34 20
33 35 2
33 36 13
33 37 11
33 38 9
33 39 12
33 40 7
33 41 2
33 42 18
33 43 4
33 44 6
33 45 6
33 46 17
33 47 19
33 48 18
33 49 14
34 0 10
34 1 4
34 2 10
34 3 14
34 4 3
34 5 4
34 6 5
34 7 18
34 8 17
34 9 19
34 10 14
34 11 15
34 12 2
34 13 10
34 14 15
34 15 20
34 16 11
34 17 8
34 18 3
34 19 8
34 20 14
34 21 8
34 22 14
34 23 12
34 24 8
34 25 3
34 26 17
34 27 5
34 28 20
34 29 8
34 30 13
34 31 4
34 32 8
34 33 13
34 35 15
34 36 7
34 37 16
34 38 12
34 39 18
34 40 10
34 41 18
34 42 20
34 43 2
34 44 14
34 45 1
34 46 4
34 47 17
34 48 2
34 49 18
35 0 19
35 1 20
35 2 2
35 3 13
35 4 2
35 5 19
35 6 20
35 7 12
35 8 14
35 9 5
35 10 13
35 11 14
35 12 4
35 13 17
35 14 1
35 15 5
35 16 2
35 17 4
35 18 20
35 19 19
35 20 7
35 21 4
35 22 19
35 23 3
35 24 14
35 25 2
35 26 6
35 27 12
35 28 10
35 29 11
35 30 10
35 31 15
35 32 3
35 33 3
35 34 7
35 36 6
35 37 19
35 38 7
35 39 2
35 40 13
35 41 17
35 42 15
35 43 18
35 44 15
35 45 9
35 46 11
35 47 13
35 48 18
35 49 18
36 0 20
36 1 9
36 2 15
36 3 15
36 4 2
36 5 4
36 6 11
36 7 2
36 8 9
36 9 1
36 10 12
36 11 7
36 12 17
36 13 15
36 14 8
36 15 4
36 16 17
36 17 7
36 18 3
36 19 16
36 20 13
36 21 19
36 22 19
36 23 15
36 24 20
36 25 19
36 26 1
36 27 6
36 28 1
36 29 10
36 30 12
36 31 17
36 32 1
36 33 16
36 34 4
36 35 18
36 37 15
36 38 10
36 39 11
36 40 18
36 41 18
36 42 18
36 43 1
36 44 7
36 45 8
36 46 7
36 47 13
36 48 19
36 49 6
37 0 6
37 1 4
37 2 4
37 3 7
37 4 16
37 5 12
37 6 6
37 7 7
37 8 1
37 9 5
37 10 15
37 11 2
37 12 11
37 13 16
37 14 9
37 15 12
37 16 11
37 17 4
37 18 8
37 19 14
37 20 1
37 21 11
37 22 14
37 23 2
37 24 2
37 25 8
37 26 2
37 27 1
37 28 9
37 29 9
37 30 20
37 31 6
37 32 14
37 33 14
37 34 9
37 35 14
37 36 12
37 38 4
37 39 3
37 40 2
37 41 13
37 42 11
37 43 20
37 44 14
37 45 8
37 46 11
37 47 17
37 48 6
37 49 1
38 0 10
38 1 9
38 2 16
38 3 9
38 4 1
38 5 13
38 6 13
38 7 13
38 8 12
38 9 11
38 10 17
38 11 4
38 12 5
38 13 8
38 14 11
38 15 3
38 16 19
38 17 14
38 18 7
38 19 15
38 20 16
38 21 15
38 22 19
38 23 12
38 24 10
38 25 2
38 26 2
38 27 18
38 28 1
38 29 15
38 30 15
38 31 19
38 32 2
38 33 6
38 34 6
38 35 3
38 36 2
38 37 10
38 39 17
38 40 19
38 41 3
38 42 3
38 43 2
38 44 6
38 45 8
38 46 4
38 47 4
38 48 5
38 49 19
39 0 14
39 1 14
39 2 6
39 3 4
39 4 11
39 5 9
39 6 5
39 7 19
39 8 9
39 9 2
39 10 20
39 11 5
39 12 20
39 13 10
39 14 2
39 15 8
39 16 4
39 17 12
39 18 1
39 19 17
39 20 15
39 21 6
39 22 8
39 23 4
39 24 4
39 25 4
39 26 16
39 27 2
39 28 15
39 29 2
39 30 19
39 31 14
39 32 13
39 33 10
39 34 19
39 35 15
39 36 12
39 37 15
39 38 13
39 40 11
39 41 10
39 42 15
39 43 5
39 44 14
39 45 4
39 46 16
39 47 4
39 48 3
39 49 3
40 0 9
40 1 4
40 2 16
40 3 9
40 4 10
40 5 18
40 6 10
40 7 20
40 8 16
40 9 10
40 10 19
40 11 18
40 12 16
40 13 17
40 14 20
40 15 11
40 16 15
40 17 8
40 18 8
40 19 10
40 20 19
40 21 12
40 22 20
40 23 5
40 24 6
40 25 10
40 26 3
40 27 6
40 28 20
40 29 11
40 30 5
40 31 6
40 32 4
40 33 20
40 34 2
40 35 9
40 36 12
40 37 13
40 38 7
40 39 9
40 41 6
40 42 15
40 43 8
40 44 16
40 45 16
40 46 13
40 47 13
40 48 10
40 49 7
41 0 16
41 1 13
41 2 4
41 3 5
41 4 13
41 5 20
41 6 16
41 7 18
41 8 20
41 9 20
41 10 1
41 11 9
41 12 9
41 13 18
41 14 2
41 15 4
41 16 16
41 17 7
41 18 10
41 19 8
41 20 8
41 21 7
41 22 10
41 23 4
41 24 2
41 25 4
41 26 19
41 27 15
41 28 18
41 29 12
41 30 11
41 31 3
41 32 14
41 33 11
41 34 12
41 35 6
41 36 17
41 37 2
41 38 6
41 39 8
41 40 9
41 42 19
41 43 13
41 44 3
41 45 2
41 46 3
41 47 14
41 48 14
41 49 12
42 0 16
42 1 15
42 2 18
42 3 15
42 4 1
42 5 19
42 6 5
42 7 3
42 8 14
42 9 2
42 10 11
42 11 17
42 12 15
42 13 2
42 14 8
42 15 14
42 16 8
42 17 17
42 18 20
42 19 11
42 20 8
42 21 14
42 22 16
42 23 20
42 24 11
42 25 8
42 26 13
42 27 17
42 28 6
42 29 9
42 30 1
42 31 7
42 32 13
42 33 13
42 34 4
42 35 12
42 36 13
42 37 1
42 38 16
42 39 17
42 40 2
42 41 8
42 43 16
42 44 19
42 45 16
42 46 3
42 47 15
42 48 20
42 49 20
43 0 14
43 1 10
43 2 16
43 3 5
43 4 17
43 5 7
43 6 3
43 7 19
43 8 4
43 9 7
43 10 7
43 11 3
43 12 20
43 13 20
43 14 18
43 15 8
43 16 11
43 17 7
43 18 3
43 19 16
43 20 20
43 21 10
43 22 15
43 23 16
43 24 16
43 25 16
43 26 12
43 27 20
43 28 9
43 29 11
43 30 3
43 31 20
43 32 8
43 33 1
43 34 4
43 35 15
43 36 8
43 37 15
43 38 20
43 39 14
43 40 1
43 41 9
43 42 11
43 44 15
43 45 18
43 46 5
43 47 5
43 48 1
43 49 19
44 0 8
44 1 16
44 2 18
44 3 7
44 4 16
44 5 12
44 6 18
44 7 7
44 8 12
44 9 17
44 10 17
44 11 16
44 12 2
44 13 3
44 14 12
44 15 1
44 16 20
44 17 11
44 18 11
44 19 1
44 20 2
44 21 9
44 22 16
44 23 13
44 24 9
44 25 4
44 26 5
44 27 19
44 28 5
44 29 19
44 30 11
44 31 1
44 32 9
44 33 4
44 34 16
44 35 4
44 36 4
44 37 20
44 38 15
44 39 1
44 40 19
44 41 4
44 42 7
44 43 5
44 45 17
44 46 1
44 47 2
44 48 11
44 49 10
45 0 15
45 1 7
45 2 3
45 3 14
45 4 7
45 5 13
45 6 1
45 7 16
45 8 13
45 9 12
45 10 7
45 11 9
45 12 16
45 13 11
45 14 11
45 15 17
45 16 19
45 17 18
45 18 11
45 19 13
45 20 20
45 21 17
45 22 7
45 23 4
45 24 12
45 25 17
45 26 7
45 27 1
45 28 16
45 29 18
45 30 6
45 31 17
45 32 16
45 33 14
45 34 12
45 35 16
45 36 16
45 37 8
45 38 14
45 39 13
45 40 13
45 41 9
45 42 10
45 43 6
45 44 17
45 46 13
45 47 9
45 48 1
45 49 16
46 0 14
46 1 19
46 2 1
46 3 14
46 4 4
46 5 9
46 6 12
46 7 7
46 8 14
46 9 11
46 10 14
46 11 9
46 12 4
46 13 19
46 14 17
46 15 1
46 16 16
46 17 8
46 18 7
46 19 3
46 20 18
46 21 10
46 22 3
46 23 9
46 24 11
46 25 13
46 26 16
46 27 8
46 28 6
46 29 18
46 30 15
46 31 7
46 32 16
46 33 4
46 34 19
46 35 13
46 36 10
46 37 14
46 38 20
46 39 8
46 40 15
46 41 2
46 42 13
46 43 13
46 44 3
46 45 11
46 47 11
46 48 11
46 49 5
47 0 1
47 1 11
47 2 19
47 3 4
47 4 7
47 5 15
47 6 11
47 7 2
47 8 7
47 9 16
47 10 13
47 11 4
47 12 18
47 13 2
47 14 19
47 15 8
47 16 15
47 17 20
47 18 5
47 19 5
47 20 5
47 21 14
47 22 9
47 23 8
47 24 20
47 25 4
47 26 19
47 27 1
47 28 5
47 29 10
47 30 7
47 31 6
47 32 2
47 33 3
47 34 13
47 35 1
47 36 5
47 37 20
47 38 17
47 39 1
47 40 3
47 41 7
47 42 9
47 43 19
47 44 12
47 45 1
47 46 2
47 48 2
47 49 12
48 0 17
48 1 11
48 2 12
48 3 14
48 4 12
48 5 2
48 6 4
48 7 16
48 8 2
48 9 9
48 10 5
48 11 14
48 12 19
48 13 1
48 14 15
48 15 12
48 16 19
48 17 18
48 18 6
48 19 4
48 20 5
48 21 11
48 22 6
48 23 5
48 24 11
48 25 15
48 26 7
48 27 10
48 28 15
48 29 15
48 30 2
48 31 20
48 32 18
48 33 13
48 34 16
48 35 20
48 36 6
48 37 16
48 38 1
48 39 2
48 40 11
48 41 13
48 42 16
48 43 4
48 44 9
48 45 12
48 46 8
48 47 10
48 49 20
49 0 9
49 1 1
49 2 20
49 3 16
49 4 6
49 5 10
49 6 15
49 7 19
49 8 14
49 9 13
49 10 12
49 11 18
49 12 8
49 13 5
49 14 7
49 15 8
49 16 8
49 17 9
49 18 13
49 19 8
49 20 3
49 21 3
49 22 1
49 23 18
49 24 3
49 25 9
49 26 4
49 27 8
49 28 13
49 29 18
49 30 10
49 31 14
49 32 9
49 33 10
49 34 14
49 35 14
49 36 19
49 37 2
49 38 1
49 39 12
49 40 17
49 41 2
49 42 4
49 43 7
49 44 11
49 45 18
49 46 18
49 47 7
49 48 4
