2500 100 4 0
0 1 17
0 2 15
0 4 5
0 5 9
0 6 17
0 7 7
0 8 11
0 12 16
0 16 9
0 18 8
0 20 20
0 23 9
0 25 2
0 26 12
0 27 1
0 29 16
0 31 8
0 34 18
0 40 13
0 42 8
0 43 18
0 46 20
0 49 18
0 51 7
0 55 12
0 56 2
0 59 12
0 60 11
0 62 16
0 63 1
0 66 2
0 73 10
0 74 1
0 75 12
0 76 19
0 78 7
0 81 14
0 82 17
0 83 1
0 86 17
0 88 5
0 89 17
0 91 7
0 92 1
0 94 11
0 98 19
1 4 16
1 6 20
1 7 8
1 9 19
1 12 10
1 13 15
1 17 10
1 18 6
1 19 19
1 20 8
1 23 7
1 24 9
1 25 10
1 26 15
1 28 10
1 29 11
1 30 7
1 31 17
1 32 20
1 33 13
1 36 18
1 37 15
1 39 6
1 40 19
1 42 3
1 43 17
1 45 20
1 46 8
1 47 6
1 49 8
1 50 3
1 54 12
1 55 8
1 58 15
1 59 18
1 61 20
1 62 4
1 63 1
1 64 9
1 65 6
1 66 4
1 67 1
1 68 18
1 69 1
1 72 8
1 73 10
1 74 10
1 75 15
1 77 20
1 78 14
1 79 8
1 81 18
1 82 18
1 83 9
1 85 8
1 87 3
1 89 11
1 90 5
1 91 19
1 94 17
1 95 10
1 96 17
1 97 18
2 3 10
2 4 18
2 5 5
2 6 5
2 7 5
2 8 17
2 9 14
2 10 15
2 11 11
2 16 19
2 17 16
2 18 14
2 22 11
2 23 13
2 24 18
2 27 18
2 28 10
2 29 4
2 30 2
2 32 5
2 33 10
2 39 9
2 47 13
2 49 17
2 53 1
2 54 12
2 55 10
2 56 1
2 57 6
2 59 19
2 63 6
2 64 17
2 65 12
2 66 1
2 68 11
2 70 8
2 72 20
2 73 6
2 76 13
2 77 10
2 78 18
2 79 1
2 80 6
2 82 17
2 83 12
2 84 1
2 85 10
2 86 4
2 91 3
2 92 6
3 5 7
3 7 4
3 12 14
3 13 10
3 16 11
3 18 6
3 19 3
3 20 20
3 21 6
3 31 10
3 33 6
3 34 2
3 35 11
3 36 8
3 38 9
3 44 12
3 45 7
3 50 19
3 52 17
3 55 11
3 56 5
3 57 3
3 58 12
3 66 7
3 68 8
3 70 8
3 73 18
3 75 3
3 79 4
3 82 6
3 85 18
3 86 12
3 88 20
3 90 7
3 92 2
3 95 5
3 96 12
3 97 12
3 98 11
3 99 14
4 5 18
4 10 9
4 11 10
4 14 11
4 16 9
4 17 10
4 18 15
4 23 15
4 24 6
4 26 17
4 28 12
4 30 10
4 32 12
4 33 6
4 35 16
4 37 11
4 38 20
4 41 15
4 44 3
4 46 18
4 47 4
4 50 4
4 52 18
4 55 16
4 57 20
4 59 20
4 60 7
4 62 13
4 63 15
4 65 3
4 66 7
4 71 4
4 73 14
4 76 6
4 77 10
4 78 13
4 83 2
4 84 1
4 85 19
4 86 13
4 90 8
4 92 13
4 94 13
4 98 8
5 7 7
5 9 7
5 10 3
5 12 17
5 13 1
5 16 4
5 17 18
5 21 10
5 22 5
5 23 15
5 25 3
5 27 18
5 28 5
5 31 9
5 32 9
5 34 14
5 35 17
5 36 12
5 37 5
5 39 19
5 41 6
5 42 9
5 44 12
5 46 10
5 47 18
5 49 16
5 50 4
5 51 12
5 53 8
5 55 14
5 56 15
5 57 11
5 58 19
5 60 18
5 61 14
5 63 8
5 64 10
5 69 3
5 70 4
5 71 12
5 72 10
5 77 14
5 79 15
5 80 13
5 81 9
5 82 18
5 84 17
5 86 11
5 90 9
5 92 5
5 93 6
5 95 20
5 97 20
6 7 1
6 8 16
6 11 3
6 12 17
6 14 7
6 15 5
6 18 17
6 21 3
6 23 4
6 24 12
6 25 8
6 27 4
6 28 8
6 31 3
6 33 8
6 36 1
6 40 1
6 41 6
6 42 17
6 43 16
6 45 6
6 48 8
6 50 8
6 53 18
6 54 4
6 55 12
6 56 20
6 57 16
6 58 1
6 60 13
6 61 14
6 65 5
6 66 16
6 67 16
6 69 18
6 73 14
6 76 17
6 78 19
6 80 20
6 83 2
6 85 10
6 86 6
6 88 16
6 89 3
6 91 6
6 97 16
6 98 12
7 9 19
7 10 3
7 14 3
7 16 5
7 18 17
7 20 8
7 26 1
7 27 4
7 30 12
7 32 16
7 34 15
7 38 12
7 43 16
7 45 4
7 46 1
7 48 2
7 49 1
7 50 3
7 51 1
7 53 10
7 57 3
7 59 6
7 63 19
7 64 3
7 66 14
7 67 18
7 68 11
7 71 17
7 73 8
7 74 19
7 75 6
7 77 14
7 78 16
7 82 17
7 83 18
7 87 20
7 88 2
7 89 8
7 90 16
7 91 4
7 93 17
7 95 14
7 97 11
7 99 16
8 11 8
8 12 3
8 17 3
8 19 7
8 22 16
8 25 13
8 27 16
8 32 15
8 33 8
8 34 18
8 37 19
8 38 9
8 40 7
8 41 4
8 42 5
8 46 7
8 47 20
8 50 11
8 52 11
8 55 5
8 58 7
8 61 11
8 62 10
8 63 4
8 64 14
8 70 14
8 72 16
8 73 6
8 74 9
8 75 4
8 85 1
8 86 18
8 87 8
8 90 15
8 93 20
9 12 15
9 14 6
9 17 17
9 20 3
9 23 11
9 24 17
9 25 6
9 26 2
9 33 19
9 37 19
9 38 10
9 39 18
9 42 6
9 43 19
9 44 19
9 45 19
9 46 1
9 50 11
9 56 19
9 57 13
9 59 6
9 60 3
9 62 10
9 64 2
9 68 7
9 74 4
9 76 19
9 78 16
9 79 7
9 83 3
9 84 1
9 85 14
9 86 17
9 88 6
9 89 7
9 90 7
9 91 8
9 92 5
9 93 15
9 94 7
9 97 9
9 98 10
9 99 10
10 13 14
10 15 18
10 16 10
10 18 12
10 20 18
10 22 19
10 23 2
10 25 11
10 28 1
10 30 3
10 34 2
10 36 8
10 37 2
10 39 12
10 40 8
10 41 7
10 43 13
10 44 12
10 47 15
10 48 5
10 49 12
10 50 10
10 51 14
10 53 9
10 54 13
10 56 8
10 57 5
10 59 5
10 60 8
10 61 19
10 64 20
10 67 18
10 69 11
10 70 10
10 71 12
10 72 11
10 76 15
10 77 15
10 79 15
10 81 12
10 83 19
10 84 9
10 85 9
10 86 4
10 87 5
10 88 3
10 89 2
10 90 5
10 92 4
10 93 12
10 95 1
10 96 16
11 14 8
11 15 1
11 16 2
11 20 17
11 21 6
11 22 9
11 23 7
11 24 15
11 25 19
11 26 13
11 27 3
11 28 18
11 29 14
11 31 12
11 32 16
11 33 20
11 34 5
11 35 13
11 36 15
11 40 12
11 41 17
11 43 11
11 44 3
11 45 3
11 46 10
11 48 1
11 50 1
11 53 5
11 54 18
11 56 6
11 57 17
11 59 6
11 60 16
11 61 11
11 62 19
11 64 7
11 66 5
11 67 6
11 68 2
11 69 14
11 72 13
11 73 6
11 75 10
11 76 3
11 77 14
11 78 11
11 79 14
11 82 19
11 84 12
11 87 8
11 91 17
11 93 5
11 94 18
11 95 19
11 97 11
11 99 2
12 13 9
12 15 2
12 17 2
12 19 8
12 22 11
12 25 18
12 27 11
12 28 15
12 29 9
12 30 12
12 34 2
12 38 10
12 39 6
12 40 10
12 42 1
12 44 18
12 45 15
12 46 2
12 47 13
12 48 18
12 49 11
12 52 8
12 53 8
12 55 7
12 56 1
12 57 20
12 58 18
12 59 13
12 64 5
12 67 20
12 69 11
12 70 13
12 72 4
12 74 18
12 79 7
12 80 3
12 81 19
12 82 5
12 83 8
12 84 18
12 86 6
12 87 19
12 89 6
12 93 13
12 94 14
12 96 10
12 99 15
13 15 3
13 16 8
13 21 10
13 22 5
13 24 19
13 29 17
13 32 6
13 34 8
13 35 7
13 38 20
13 39 2
13 41 10
13 44 17
13 47 13
13 48 19
13 49 10
13 50 16
13 52 20
13 53 20
13 54 6
13 56 8
13 57 4
13 58 18
13 60 18
13 62 4
13 64 18
13 65 1
13 67 2
13 68 5
13 72 1
13 76 16
13 77 2
13 80 6
13 82 5
13 83 11
13 84 18
13 86 19
13 88 10
13 93 6
13 95 8
13 96 19
13 98 20
14 16 8
14 18 17
14 19 11
14 21 16
14 22 18
14 23 14
14 27 6
14 28 14
14 31 1
14 32 2
14 33 16
14 34 16
14 36 7
14 37 9
14 38 15
14 39 8
14 40 13
14 41 16
14 43 2
14 44 12
14 47 16
14 50 8
14 51 17
14 52 8
14 54 4
14 56 18
14 57 14
14 61 7
14 63 18
14 64 20
14 66 14
14 68 8
14 71 12
14 72 9
14 77 12
14 78 6
14 79 1
14 81 16
14 82 17
14 86 20
14 89 15
14 90 20
14 92 13
14 96 20
14 98 17
14 99 18
15 17 4
15 18 2
15 20 6
15 22 18
15 25 8
15 27 20
15 29 12
15 30 2
15 32 8
15 33 14
15 34 1
15 35 11
15 36 14
15 37 7
15 44 13
15 46 10
15 49 13
15 50 7
15 51 15
15 53 13
15 55 11
15 58 3
15 61 18
15 62 4
15 63 16
15 65 9
15 66 7
15 67 8
15 68 20
15 70 9
15 71 12
15 72 13
15 73 3
15 74 18
15 75 18
15 76 13
15 78 3
15 80 1
15 81 19
15 84 8
15 86 18
15 90 14
15 93 4
15 96 13
15 97 17
15 98 3
16 17 17
16 19 20
16 21 16
16 24 18
16 26 10
16 27 8
16 28 1
16 29 18
16 31 17
16 32 10
16 33 3
16 34 18
16 35 18
16 37 16
16 38 4
16 39 11
16 40 5
16 42 19
16 44 6
16 46 3
16 47 1
16 48 20
16 49 5
16 53 14
16 56 3
16 57 13
16 58 3
16 60 1
16 61 17
16 65 4
16 66 6
16 67 20
16 68 15
16 71 10
16 73 10
16 75 15
16 80 3
16 81 15
16 84 16
16 85 13
16 86 3
16 87 10
16 90 19
16 91 19
16 92 6
16 94 13
16 98 5
16 99 16
17 19 20
17 23 6
17 24 6
17 26 18
17 27 19
17 28 9
17 30 7
17 33 13
17 36 14
17 37 5
17 45 2
17 48 4
17 50 1
17 51 15
17 52 10
17 53 19
17 55 16
17 56 9
17 57 3
17 60 3
17 61 12
17 63 15
17 64 19
17 65 4
17 66 2
17 67 15
17 69 14
17 70 16
17 71 6
17 72 13
17 76 2
17 83 4
17 85 14
17 86 14
17 87 18
17 88 9
17 89 19
17 91 16
17 92 17
17 93 13
18 19 14
18 22 11
18 24 14
18 25 18
18 28 2
18 30 5
18 32 1
18 33 13
18 34 8
18 37 16
18 43 11
18 47 14
18 48 19
18 50 6
18 51 5
18 52 15
18 53 17
18 54 11
18 59 18
18 61 17
18 62 5
18 63 10
18 64 15
18 66 9
18 67 18
18 69 12
18 71 13
18 73 19
18 74 7
18 75 16
18 77 13
18 79 16
18 81 19
18 82 14
18 83 5
18 84 12
18 88 2
18 91 13
18 98 10
18 99 17
19 20 19
19 22 18
19 23 11
19 27 15
19 28 6
19 30 17
19 31 2
19 32 4
19 36 18
19 37 14
19 38 10
19 39 7
19 45 12
19 46 1
19 57 3
19 58 20
19 60 6
19 61 18
19 64 8
19 71 12
19 72 20
19 77 10
19 78 6
19 80 1
19 82 9
19 86 12
19 87 1
19 91 17
19 93 4
19 95 14
19 97 16
19 98 12
19 99 11
20 21 4
20 22 2
20 24 7
20 25 5
20 26 5
20 28 5
20 29 1
20 31 7
20 32 11
20 34 4
20 35 8
20 37 15
20 38 1
20 39 1
20 40 18
20 42 18
20 43 12
20 47 20
20 48 6
20 52 2
20 53 7
20 55 4
20 57 3
20 61 16
20 66 9
20 68 8
20 70 19
20 73 7
20 74 1
20 77 14
20 78 8
20 80 12
20 83 17
20 86 9
20 87 11
20 88 1
20 90 14
20 91 15
20 93 6
20 95 11
21 25 18
21 26 9
21 29 19
21 32 5
21 33 4
21 35 4
21 37 1
21 43 2
21 45 12
21 46 4
21 48 7
21 49 14
21 50 5
21 51 4
21 52 1
21 53 8
21 54 15
21 57 12
21 60 1
21 70 19
21 71 17
21 72 5
21 73 20
21 74 9
21 75 2
21 76 9
21 77 5
21 79 5
21 80 8
21 81 13
21 82 4
21 86 18
21 88 20
21 90 14
21 91 8
21 94 2
21 97 1
21 98 12
21 99 14
22 23 5
22 25 10
22 26 20
22 27 16
22 31 10
22 32 10
22 35 9
22 36 18
22 40 1
22 44 7
22 45 15
22 46 20
22 47 10
22 49 18
22 50 10
22 52 6
22 53 19
22 54 13
22 57 16
22 58 6
22 59 19
22 63 4
22 64 12
22 65 10
22 66 2
22 68 15
22 70 3
22 72 8
22 73 18
22 75 5
22 77 9
22 80 16
22 82 18
22 85 15
22 86 17
22 87 20
22 88 12
22 93 5
22 94 7
22 95 20
22 96 10
22 97 6
23 24 12
23 27 13
23 29 6
23 31 14
23 32 10
23 35 15
23 36 8
23 37 10
23 38 15
23 40 9
23 41 13
23 42 16
23 44 6
23 46 1
23 47 7
23 49 3
23 51 3
23 53 17
23 54 17
23 56 12
23 58 17
23 60 14
23 61 20
23 63 17
23 64 18
23 66 9
23 67 3
23 69 7
23 73 8
23 74 16
23 75 11
23 77 4
23 78 16
23 80 9
23 83 20
23 85 9
23 87 20
23 88 3
23 90 7
23 94 8
23 95 10
23 96 1
23 98 10
24 26 4
24 27 13
24 29 12
24 31 10
24 32 3
24 35 9
24 38 8
24 39 17
24 42 15
24 45 13
24 48 20
24 49 15
24 50 6
24 51 19
24 53 12
24 54 6
24 55 7
24 57 11
24 58 11
24 61 2
24 63 14
24 66 7
24 67 18
24 69 3
24 71 12
24 77 16
24 79 8
24 80 8
24 81 12
24 82 3
24 87 3
24 89 3
24 90 13
24 92 17
24 94 7
24 95 16
24 96 16
24 97 13
24 98 12
24 99 2
25 27 17
25 28 19
25 31 9
25 33 10
25 34 18
25 38 6
25 42 18
25 43 8
25 44 7
25 48 6
25 50 12
25 54 5
25 55 14
25 57 8
25 58 16
25 62 13
25 66 19
25 67 11
25 69 4
25 72 7
25 74 19
25 75 19
25 76 4
25 79 15
25 80 14
25 81 18
25 82 3
25 85 16
25 89 3
25 90 7
25 93 2
25 95 2
25 96 13
25 97 15
25 98 7
25 99 2
26 30 13
26 32 16
26 33 20
26 34 6
26 35 8
26 36 5
26 37 12
26 39 14
26 41 19
26 42 17
26 43 19
26 44 2
26 47 12
26 48 10
26 50 7
26 52 2
26 53 20
26 54 3
26 55 2
26 57 1
26 58 20
26 60 1
26 61 2
26 66 11
26 68 11
26 70 14
26 71 18
26 73 20
26 75 11
26 76 9
26 79 20
26 80 5
26 81 9
26 82 9
26 83 17
26 84 17
26 85 4
26 86 10
26 89 15
26 90 15
26 93 14
26 94 2
26 96 3
26 97 7
26 99 15
27 29 15
27 42 20
27 44 13
27 45 18
27 46 1
27 50 17
27 51 11
27 52 18
27 54 14
27 55 14
27 57 2
27 62 7
27 64 14
27 66 10
27 67 11
27 68 14
27 70 6
27 72 5
27 76 6
27 79 13
27 80 17
27 82 18
27 83 13
27 86 5
27 87 16
27 88 13
27 89 17
27 90 5
27 94 5
27 97 12
27 98 20
28 31 2
28 32 15
28 37 19
28 40 6
28 42 5
28 43 19
28 45 15
28 46 2
28 47 8
28 49 13
28 50 5
28 54 6
28 57 7
28 65 15
28 67 14
28 68 19
28 69 17
28 70 19
28 72 15
28 73 6
28 74 17
28 75 17
28 76 11
28 77 20
28 78 1
28 79 1
28 81 7
28 83 5
28 85 14
28 87 10
28 88 4
28 89 4
28 90 14
28 91 16
28 92 9
28 93 12
28 95 6
28 98 15
28 99 15
29 30 14
29 31 20
29 33 16
29 34 1
29 35 4
29 36 8
29 37 9
29 38 19
29 39 12
29 43 17
29 45 5
29 46 8
29 50 9
29 52 10
29 54 1
29 56 11
29 59 8
29 60 18
29 61 12
29 62 14
29 63 10
29 67 8
29 70 15
29 71 9
29 72 7
29 76 10
29 79 10
29 80 18
29 81 3
29 82 5
29 83 7
29 84 3
29 85 1
29 87 17
29 88 3
29 91 14
29 92 17
29 94 10
29 96 11
29 99 18
30 33 13
30 34 5
30 35 5
30 36 12
30 37 20
30 38 16
30 39 14
30 40 7
30 43 20
30 45 16
30 49 12
30 50 18
30 55 17
30 56 7
30 57 6
30 59 11
30 61 6
30 66 15
30 67 3
30 68 11
30 71 11
30 72 8
30 73 7
30 74 19
30 76 5
30 78 2
30 81 13
30 84 13
30 85 19
30 87 16
30 90 20
30 91 6
30 93 11
30 94 14
30 97 4
30 98 15
31 32 5
31 33 18
31 34 14
31 37 6
31 38 6
31 39 13
31 42 14
31 46 15
31 47 7
31 49 6
31 51 11
31 55 9
31 56 17
31 57 12
31 58 10
31 59 11
31 61 3
31 63 15
31 64 3
31 68 18
31 70 17
31 72 3
31 73 7
31 76 10
31 77 16
31 78 20
31 80 12
31 82 12
31 83 10
31 84 14
31 89 12
31 91 13
31 92 14
31 94 16
31 95 3
32 33 4
32 34 7
32 35 17
32 36 19
32 41 13
32 47 20
32 48 12
32 49 20
32 59 2
32 60 5
32 62 15
32 63 17
32 64 5
32 66 11
32 67 16
32 68 7
32 77 17
32 78 5
32 79 10
32 82 3
32 83 13
32 84 20
32 85 19
32 86 7
32 91 19
32 92 16
32 93 4
32 95 12
32 96 14
32 97 11
33 35 3
33 36 6
33 38 15
33 39 2
33 40 11
33 41 9
33 46 11
33 47 14
33 49 15
33 50 6
33 52 10
33 60 12
33 61 2
33 63 13
33 65 20
33 68 9
33 69 19
33 70 14
33 71 1
33 72 10
33 73 2
33 74 19
33 78 4
33 79 9
33 81 5
33 82 18
33 84 6
33 86 12
33 89 5
33 90 5
33 91 15
33 92 9
33 93 11
33 94 10
33 95 13
33 99 2
34 38 16
34 42 16
34 45 5
34 47 19
34 48 10
34 51 9
34 52 18
34 55 6
34 57 5
34 62 2
34 63 14
34 68 9
34 71 13
34 74 8
34 79 9
34 80 7
34 84 17
34 88 18
34 89 18
34 90 17
34 96 2
35 37 3
35 38 19
35 40 11
35 41 19
35 42 13
35 43 11
35 48 15
35 49 17
35 52 9
35 53 12
35 54 10
35 56 17
35 59 17
35 61 6
35 71 15
35 74 19
35 76 13
35 77 14
35 81 6
35 82 12
35 85 10
35 87 16
35 88 1
35 89 10
35 92 9
35 94 6
35 97 1
35 98 2
35 99 4
36 38 5
36 41 16
36 44 13
36 47 13
36 48 19
36 50 4
36 56 7
36 57 6
36 60 4
36 65 13
36 66 15
36 71 5
36 73 17
36 75 20
36 79 5
36 80 10
36 82 13
36 86 9
36 87 18
36 89 7
36 90 19
36 91 8
36 92 15
36 97 16
37 42 18
37 48 19
37 49 8
37 50 2
37 51 17
37 57 20
37 60 3
37 65 14
37 66 8
37 72 16
37 73 2
37 74 8
37 76 19
37 77 9
37 78 13
37 80 3
37 83 6
37 85 19
37 87 2
37 91 16
37 93 12
37 94 12
37 96 9
37 98 11
38 39 18
38 40 5
38 45 7
38 46 17
38 48 16
38 49 11
38 51 3
38 52 6
38 56 15
38 57 15
38 58 9
38 59 3
38 60 12
38 61 6
38 62 3
38 63 5
38 67 1
38 71 9
38 72 19
38 73 8
38 74 10
38 75 4
38 78 11
38 79 11
38 80 13
38 81 16
38 82 1
38 83 20
38 84 11
38 87 11
38 88 19
38 93 13
38 95 4
38 96 13
38 97 8
38 99 17
39 43 6
39 45 14
39 46 20
39 47 17
39 50 2
39 56 10
39 58 19
39 62 10
39 64 14
39 65 9
39 66 12
39 68 2
39 71 7
39 72 14
39 73 20
39 77 9
39 78 14
39 80 16
39 83 1
39 85 12
39 86 9
39 87 15
39 89 5
39 96 5
39 98 10
40 41 13
40 45 8
40 47 7
40 49 14
40 50 7
40 51 19
40 53 13
40 54 1
40 55 1
40 59 3
40 62 20
40 63 15
40 64 20
40 66 17
40 67 3
40 68 6
40 69 9
40 70 19
40 72 1
40 75 12
40 79 4
40 82 18
40 84 19
40 88 4
40 89 2
40 90 17
40 91 1
40 95 9
40 97 17
40 98 15
41 44 13
41 45 12
41 47 14
41 48 5
41 49 8
41 50 5
41 52 17
41 53 2
41 55 8
41 57 7
41 59 15
41 60 17
41 63 16
41 64 2
41 65 10
41 66 18
41 67 3
41 70 20
41 71 2
41 77 16
41 80 9
41 82 1
41 83 4
41 84 15
41 85 16
41 86 20
41 87 8
41 88 10
41 91 20
41 92 7
41 95 18
41 98 16
42 43 15
42 44 16
42 45 4
42 46 14
42 47 3
42 49 1
42 51 10
42 53 5
42 54 19
42 57 19
42 59 16
42 60 5
42 61 4
42 62 13
42 65 4
42 67 14
42 69 13
42 70 13
42 71 14
42 73 20
42 74 20
42 75 5
42 76 1
42 77 12
42 79 17
42 81 2
42 83 12
42 84 13
42 90 2
42 93 10
42 94 3
43 45 12
43 47 13
43 48 12
43 49 14
43 50 6
43 52 12
43 56 10
43 57 11
43 60 1
43 61 9
43 62 15
43 65 7
43 66 8
43 67 13
43 71 7
43 74 5
43 78 13
43 80 20
43 83 13
43 92 16
43 93 18
43 96 2
44 45 11
44 46 6
44 47 13
44 49 15
44 50 8
44 51 3
44 55 3
44 56 1
44 57 3
44 60 2
44 62 14
44 68 11
44 69 10
44 71 6
44 73 13
44 77 19
44 79 10
44 80 1
44 81 8
44 90 18
44 91 16
44 92 17
44 93 18
44 94 4
44 96 6
45 46 14
45 48 13
45 50 6
45 51 7
45 52 15
45 54 5
45 56 6
45 60 4
45 62 6
45 63 14
45 66 1
45 68 2
45 71 8
45 72 16
45 73 19
45 74 8
45 76 2
45 77 20
45 80 11
45 81 6
45 82 16
45 86 16
45 88 13
45 89 13
45 91 1
45 92 12
45 93 20
45 94 17
45 96 9
45 97 10
45 98 5
46 49 18
46 51 18
46 53 9
46 54 9
46 55 8
46 56 6
46 58 7
46 59 17
46 60 14
46 62 17
46 63 7
46 65 12
46 67 8
46 69 18
46 70 18
46 71 2
46 72 5
46 73 9
46 75 16
46 76 16
46 81 8
46 82 11
46 83 13
46 84 19
46 86 9
46 87 19
46 88 11
46 91 8
46 93 10
46 95 6
46 97 19
47 48 10
47 50 5
47 52 20
47 53 20
47 54 3
47 59 19
47 61 15
47 66 14
47 69 9
47 72 20
47 73 8
47 74 6
47 76 18
47 77 4
47 78 1
47 80 20
47 82 14
47 84 14
47 85 12
47 88 17
47 90 5
47 91 15
47 95 8
47 98 19
48 50 18
48 51 20
48 52 6
48 56 15
48 58 8
48 60 3
48 61 10
48 62 10
48 63 6
48 66 12
48 67 20
48 68 16
48 69 17
48 70 19
48 71 9
48 76 19
48 77 10
48 78 6
48 80 4
48 81 7
48 82 16
48 83 20
48 85 14
48 86 12
48 88 5
48 91 19
48 93 8
48 95 13
48 96 6
48 97 16
48 98 15
49 51 7
49 52 8
49 54 7
49 56 6
49 57 14
49 58 4
49 59 11
49 62 1
49 64 1
49 66 18
49 67 5
49 69 16
49 71 13
49 72 1
49 73 19
49 74 2
49 75 14
49 79 2
49 80 11
49 82 20
49 83 19
49 84 12
49 85 11
49 86 6
49 87 20
49 90 1
49 91 9
49 92 13
49 96 15
49 99 12
50 51 20
50 52 20
50 54 20
50 56 12
50 58 1
50 59 6
50 60 17
50 62 18
50 71 19
50 73 18
50 74 7
50 78 14
50 82 16
50 84 3
50 86 16
50 87 7
50 88 7
50 92 1
50 95 2
50 99 9
51 52 9
51 53 9
51 54 13
51 55 19
51 57 6
51 59 9
51 60 11
51 61 20
51 62 2
51 67 18
51 68 3
51 69 14
51 70 12
51 71 13
51 73 8
51 77 5
51 78 19
51 79 15
51 80 11
51 82 1
51 84 7
51 86 13
51 88 12
51 89 7
51 97 6
51 98 20
52 55 2
52 56 11
52 57 8
52 59 15
52 62 6
52 64 4
52 65 19
52 66 6
52 67 4
52 68 4
52 70 3
52 71 6
52 75 3
52 76 15
52 78 12
52 79 6
52 80 5
52 82 5
52 83 4
52 87 10
52 88 16
52 89 4
52 90 16
52 91 10
52 92 12
52 93 20
52 94 9
52 96 9
52 97 18
52 98 12
52 99 12
53 54 20
53 55 12
53 58 10
53 59 1
53 60 6
53 61 14
53 63 9
53 65 7
53 66 5
53 67 11
53 68 9
53 70 20
53 72 4
53 73 1
53 78 18
53 79 11
53 80 8
53 82 20
53 85 14
53 91 1
53 93 4
53 94 2
53 98 1
54 55 15
54 57 18
54 58 17
54 59 15
54 62 3
54 63 17
54 64 8
54 67 9
54 69 1
54 71 6
54 74 7
54 78 4
54 80 20
54 86 13
54 88 3
54 89 1
54 90 2
54 93 12
54 96 17
54 98 1
54 99 1
55 56 15
55 57 11
55 59 5
55 60 20
55 61 6
55 62 5
55 64 17
55 66 18
55 67 17
55 70 18
55 71 16
55 72 6
55 74 6
55 75 15
55 77 19
55 78 19
55 79 4
55 82 19
55 83 17
55 84 6
55 85 14
55 87 10
55 89 18
55 90 20
55 94 18
55 95 10
55 96 6
55 98 18
55 99 2
56 58 4
56 59 19
56 60 6
56 63 5
56 66 18
56 67 14
56 68 8
56 69 8
56 71 18
56 72 20
56 73 10
56 74 5
56 85 8
56 88 10
56 89 19
56 91 1
56 92 3
56 93 6
56 94 17
56 95 11
56 97 4
56 99 13
57 58 12
57 60 8
57 62 13
57 63 17
57 65 19
57 66 13
57 67 4
57 69 18
57 70 5
57 72 9
57 73 7
57 75 10
57 79 4
57 80 7
57 83 4
57 84 9
57 88 5
57 89 14
57 90 3
57 91 2
57 92 8
57 93 12
57 94 13
57 95 14
57 98 17
58 66 19
58 69 15
58 71 4
58 73 8
58 75 3
58 80 6
58 83 19
58 84 15
58 86 18
58 88 6
58 90 4
58 92 7
58 93 2
58 94 15
58 96 4
58 98 18
58 99 9
59 61 20
59 63 4
59 65 5
59 71 5
59 73 20
59 74 13
59 75 9
59 76 8
59 77 19
59 79 16
59 82 6
59 83 1
59 84 11
59 85 2
59 86 18
59 89 4
59 91 8
59 92 20
59 97 6
59 98 4
60 61 18
60 63 10
60 66 3
60 67 5
60 70 11
60 72 4
60 73 7
60 74 3
60 76 16
60 78 6
60 82 11
60 85 14
60 86 17
60 89 14
60 90 20
60 91 5
60 97 15
60 98 9
60 99 20
61 66 14
61 67 13
61 69 10
61 72 5
61 73 11
61 74 13
61 75 6
61 77 4
61 80 1
61 82 5
61 85 1
61 87 9
61 90 7
61 91 10
61 95 16
61 97 1
61 98 19
62 65 7
62 67 15
62 68 10
62 69 4
62 70 11
62 73 11
62 74 8
62 76 15
62 78 16
62 84 18
62 86 2
62 87 20
62 88 3
62 89 12
62 90 9
62 91 8
62 92 2
62 93 8
62 94 9
62 95 13
62 99 16
63 64 6
63 65 20
63 66 5
63 73 17
63 74 2
63 75 20
63 77 3
63 78 6
63 79 5
63 80 16
63 81 9
63 84 10
63 85 6
63 86 1
63 87 18
63 89 15
63 90 18
63 92 14
63 95 10
63 96 9
64 66 2
64 69 3
64 73 8
64 75 15
64 78 14
64 79 16
64 80 11
64 81 12
64 83 4
64 84 10
64 88 17
64 90 11
64 91 15
64 93 8
64 95 20
64 97 7
65 67 8
65 71 4
65 72 9
65 73 9
65 79 18
65 80 19
65 83 9
65 86 17
65 92 13
65 93 15
65 95 3
66 67 19
66 73 18
66 74 3
66 75 7
66 76 20
66 81 19
66 85 12
66 89 8
66 90 1
66 91 12
66 93 4
66 94 16
66 96 1
66 99 10
67 68 4
67 69 13
67 70 11
67 74 2
67 75 2
67 76 4
67 79 12
67 90 1
67 93 16
67 95 9
67 97 20
67 98 15
68 69 3
68 71 12
68 72 4
68 74 8
68 75 9
68 79 6
68 80 4
68 83 9
68 88 16
68 89 5
68 91 6
68 94 20
68 95 15
68 98 17
69 71 7
69 73 12
69 77 20
69 80 6
69 84 19
69 88 9
69 91 3
69 94 11
69 95 1
69 98 6
69 99 19
70 71 18
70 74 1
70 75 4
70 76 1
70 77 19
70 79 12
70 80 9
70 81 6
70 86 19
70 88 17
70 90 14
70 92 13
70 93 6
70 94 12
70 97 15
70 98 6
70 99 4
71 72 19
71 76 11
71 77 10
71 84 19
71 85 9
71 86 9
71 87 20
71 97 2
71 98 8
71 99 20
72 75 1
72 76 10
72 80 13
72 81 10
72 83 4
72 86 20
72 88 9
72 89 4
72 92 8
72 93 20
72 97 15
72 98 13
72 99 17
73 75 16
73 77 5
73 78 9
73 79 8
73 81 13
73 82 16
73 84 8
73 85 6
73 86 11
73 90 3
73 91 6
73 93 8
73 94 15
73 96 11
73 97 1
74 75 6
74 77 2
74 79 13
74 84 4
74 85 5
74 86 1
74 87 1
74 89 6
74 90 15
74 93 5
74 96 2
74 99 3
75 77 9
75 78 1
75 79 6
75 80 3
75 83 6
75 84 15
75 85 2
75 86 7
75 87 9
75 88 15
75 89 4
75 90 10
75 91 20
75 93 13
75 94 3
75 96 20
75 97 17
75 98 11
76 77 16
76 79 3
76 80 19
76 82 6
76 84 15
76 85 3
76 86 6
76 87 20
76 89 16
76 93 2
76 96 6
76 97 2
77 80 16
77 81 6
77 82 14
77 86 19
77 87 17
77 88 14
77 90 15
77 99 20
78 81 7
78 84 3
78 85 20
78 86 11
78 88 10
78 89 17
78 90 10
78 91 8
78 94 6
78 97 9
78 99 19
79 80 3
79 81 7
79 87 14
79 88 4
79 91 11
79 93 8
79 94 15
79 95 9
79 96 2
80 82 13
80 85 8
80 86 18
80 87 12
80 92 20
80 93 9
80 94 18
81 83 14
81 87 20
81 88 14
81 91 18
81 92 11
81 93 14
81 98 12
82 83 10
82 84 10
82 85 12
82 86 14
82 90 1
82 95 10
82 97 5
82 99 15
83 84 9
83 85 15
83 86 14
83 87 1
83 88 7
83 89 14
83 92 7
83 94 2
83 97 20
84 87 20
84 88 18
84 89 12
84 90 6
84 91 2
84 92 18
84 96 11
84 98 5
84 99 1
85 87 6
85 88 13
85 91 16
85 92 2
85 93 15
85 94 12
85 96 17
85 98 7
86 88 5
86 89 4
86 90 10
86 91 20
86 92 15
86 94 11
86 98 3
87 89 6
87 90 3
87 97 13
87 98 14
88 90 14
88 91 18
88 93 14
88 94 5
88 95 12
89 91 6
89 94 9
89 96 7
89 97 18
89 98 19
89 99 14
90 93 9
90 95 18
90 97 6
90 99 3
91 92 20
91 94 1
91 95 3
91 97 12
91 98 6
91 99 9
92 93 18
92 97 16
92 99 13
93 94 16
93 95 3
93 97 13
93 98 2
94 96 9
94 99 16
95 96 4
95 98 11
96 99 12
97 99 3
