2500 100 47 0
0 1 10
0 2 5
0 7 5
0 13 14
0 16 2
0 17 14
0 21 13
0 28 4
0 30 5
0 32 2
0 33 18
0 34 6
0 39 14
0 46 9
0 51 12
0 53 8
0 58 2
0 59 4
0 60 5
0 62 10
0 63 1
0 68 16
0 76 16
0 77 3
0 81 4
0 84 2
0 90 16
0 97 11
0 98 13
0 99 14
1 4 14
1 5 8
1 6 18
1 11 11
1 17 19
1 23 7
1 24 13
1 27 13
1 30 7
1 32 4
1 44 3
1 46 3
1 47 18
1 49 16
1 53 8
1 62 15
1 65 4
1 71 2
1 83 14
1 86 15
1 87 2
1 93 11
1 95 7
1 96 15
1 98 12
2 0 18
2 1 5
2 6 8
2 7 6
2 8 19
2 10 20
2 11 18
2 15 15
2 17 9
2 27 2
2 31 12
2 36 2
2 37 7
2 40 3
2 44 13
2 48 4
2 50 14
2 52 5
2 68 14
2 71 14
2 73 11
2 79 15
2 80 5
2 83 18
2 86 18
2 96 8
2 98 11
3 2 9
3 4 2
3 6 3
3 7 6
3 9 14
3 11 18
3 28 14
3 35 19
3 36 2
3 37 13
3 53 9
3 54 6
3 58 6
3 63 16
3 67 19
3 71 19
3 78 14
3 82 11
3 83 16
3 87 2
3 92 16
3 97 15
3 98 20
4 12 17
4 18 17
4 19 2
4 22 7
4 25 8
4 33 15
4 36 13
4 51 19
4 52 8
4 55 14
4 73 8
4 79 20
4 82 17
4 86 4
4 92 11
4 98 19
5 7 17
5 10 6
5 15 7
5 21 17
5 23 2
5 24 5
5 25 14
5 29 2
5 30 9
5 34 11
5 35 10
5 39 12
5 44 1
5 47 12
5 50 7
5 63 9
5 65 1
5 71 10
5 77 2
5 78 17
5 82 14
5 83 16
5 85 18
5 90 5
5 93 18
5 94 20
5 95 2
6 5 8
6 12 16
6 13 1
6 17 6
6 19 5
6 21 4
6 25 14
6 27 2
6 31 12
6 32 14
6 33 4
6 35 6
6 36 13
6 38 3
6 40 1
6 42 9
6 51 2
6 52 2
6 53 3
6 55 17
6 58 1
6 61 18
6 64 12
6 70 4
6 71 9
6 77 13
6 78 18
6 81 18
6 84 5
6 85 3
6 88 10
6 89 12
6 92 7
7 0 18
7 1 15
7 5 6
7 6 13
7 9 8
7 10 6
7 13 12
7 16 17
7 21 15
7 23 19
7 26 20
7 35 20
7 36 14
7 42 19
7 45 8
7 53 17
7 54 9
7 61 9
7 71 17
7 75 10
7 76 20
7 82 8
7 84 9
7 88 16
7 91 4
7 97 17
8 0 2
8 9 20
8 12 18
8 15 6
8 23 3
8 26 8
8 29 16
8 30 11
8 31 11
8 35 18
8 49 12
8 51 5
8 61 15
8 62 7
8 63 6
8 67 3
8 71 5
8 75 5
8 78 12
8 79 8
8 80 9
8 82 13
8 84 9
8 90 18
8 92 18
8 95 6
8 98 5
9 0 15
9 2 6
9 4 15
9 8 9
9 11 20
9 13 13
9 14 3
9 16 6
9 17 13
9 25 7
9 27 6
9 28 9
9 31 4
9 33 15
9 43 16
9 63 5
9 65 10
9 68 19
9 72 9
9 74 13
9 76 1
9 77 8
9 80 12
9 81 10
9 83 18
9 89 6
9 93 5
9 95 6
9 96 4
10 0 2
10 2 16
10 3 17
10 4 11
10 5 14
10 9 19
10 13 4
10 15 19
10 16 18
10 21 20
10 30 19
10 36 1
10 38 1
10 42 19
10 48 2
10 50 4
10 65 11
10 66 9
10 67 13
10 70 17
10 71 15
10 75 1
10 78 5
10 84 1
10 85 15
10 88 9
10 89 20
11 5 8
11 8 7
11 12 6
11 17 13
11 19 14
11 25 12
11 26 11
11 28 17
11 29 6
11 30 10
11 34 14
11 35 20
11 36 20
11 39 7
11 44 5
11 45 17
11 46 2
11 53 4
11 55 19
11 56 18
11 60 18
11 66 9
11 68 6
11 71 2
11 72 5
11 77 3
11 80 2
11 89 5
11 91 8
11 96 12
11 99 1
12 2 7
12 3 15
12 8 5
12 15 16
12 30 10
12 40 15
12 41 3
12 42 13
12 44 6
12 49 8
12 50 13
12 51 2
12 52 16
12 54 18
12 60 9
12 65 9
12 67 1
12 71 2
12 76 19
12 79 1
12 82 11
12 84 6
12 86 1
12 87 7
12 92 8
12 94 13
12 95 16
12 96 12
12 99 12
13 2 8
13 3 14
13 6 20
13 8 1
13 9 19
13 15 18
13 24 16
13 26 17
13 27 13
13 28 9
13 29 6
13 38 2
13 42 10
13 43 2
13 44 20
13 45 19
13 47 18
13 49 8
13 62 13
13 66 2
13 68 6
13 71 1
13 75 7
13 79 4
13 80 4
13 81 18
13 84 18
13 86 10
13 91 14
13 92 2
13 94 19
13 96 11
14 3 18
14 10 18
14 13 3
14 16 2
14 26 5
14 28 10
14 33 3
14 41 16
14 42 12
14 47 20
14 48 17
14 52 5
14 62 10
14 65 9
14 68 8
14 71 1
14 72 13
14 79 2
14 83 3
14 84 3
14 85 19
14 87 12
14 88 15
14 89 20
14 90 17
14 91 11
14 96 13
14 98 15
15 6 3
15 8 20
15 17 19
15 25 20
15 26 1
15 31 2
15 36 6
15 37 2
15 38 3
15 41 10
15 42 11
15 45 18
15 47 16
15 50 13
15 61 9
15 62 3
15 63 13
15 64 2
15 65 10
15 68 14
15 76 10
15 78 8
15 80 19
15 92 4
15 95 7
16 0 17
16 4 14
16 5 8
16 11 18
16 12 19
16 13 12
16 15 7
16 17 14
16 20 10
16 21 4
16 23 7
16 26 16
16 30 4
16 32 7
16 39 16
16 45 17
16 56 7
16 57 17
16 67 5
16 69 3
16 71 6
16 78 6
16 84 2
16 86 10
16 91 19
16 93 20
16 95 3
16 97 9
17 0 16
17 4 5
17 21 8
17 28 5
17 29 16
17 30 15
17 32 18
17 34 20
17 42 2
17 55 10
17 56 6
17 57 8
17 62 6
17 70 20
17 78 15
17 83 4
17 86 4
17 97 13
18 4 12
18 6 12
18 10 7
18 16 15
18 21 16
18 22 5
18 24 7
18 28 16
18 32 19
18 33 17
18 35 7
18 37 17
18 39 7
18 41 4
18 44 4
18 47 3
18 55 14
18 68 19
18 75 12
18 77 12
18 84 19
18 85 17
18 91 11
18 98 13
19 9 14
19 10 14
19 12 9
19 15 19
19 16 9
19 22 2
19 29 10
19 34 19
19 38 4
19 44 1
19 45 7
19 53 6
19 55 16
19 58 18
19 74 16
19 84 2
19 91 17
19 93 4
19 94 5
19 95 17
19 98 9
20 0 8
20 1 13
20 8 2
20 9 11
20 17 8
20 18 18
20 21 17
20 26 9
20 35 18
20 38 4
20 39 19
20 47 16
20 53 3
20 59 9
20 67 18
20 71 10
20 72 8
20 74 4
20 76 1
20 78 4
20 84 20
20 85 6
20 86 13
20 89 11
20 90 14
20 92 6
20 97 10
20 98 1
20 99 17
21 7 14
21 17 3
21 22 11
21 27 8
21 28 6
21 33 11
21 34 6
21 36 12
21 39 3
21 41 11
21 43 2
21 45 5
21 58 9
21 65 4
21 70 2
21 74 5
21 75 16
21 76 17
21 80 6
21 88 7
21 89 2
21 96 1
21 98 15
21 99 10
22 12 1
22 16 7
22 18 13
22 21 17
22 24 13
22 26 16
22 28 3
22 36 13
22 39 14
22 43 16
22 47 11
22 48 16
22 51 6
22 52 17
22 56 19
22 58 7
22 59 7
22 64 18
22 67 8
22 79 12
22 80 19
22 86 7
22 98 19
23 0 1
23 1 12
23 7 7
23 25 18
23 30 6
23 37 15
23 40 14
23 45 7
23 53 1
23 60 17
23 66 20
23 67 9
23 75 8
23 78 14
23 80 19
23 87 16
23 88 8
23 90 6
23 92 10
24 0 10
24 2 1
24 14 8
24 21 12
24 39 2
24 44 9
24 48 14
24 50 14
24 60 4
24 63 4
24 64 13
24 68 10
24 71 6
24 74 4
24 78 7
24 81 9
24 95 11
24 97 1
25 0 2
25 3 15
25 6 13
25 7 14
25 18 10
25 20 15
25 24 9
25 26 1
25 29 13
25 30 3
25 31 5
25 37 5
25 38 20
25 45 17
25 50 19
25 58 19
25 62 1
25 67 18
25 79 13
25 80 11
25 84 8
25 90 13
25 93 9
25 96 14
25 99 18
26 3 18
26 5 10
26 6 5
26 7 15
26 8 11
26 29 9
26 30 6
26 32 3
26 34 1
26 40 15
26 41 13
26 46 10
26 48 14
26 51 18
26 52 2
26 54 8
26 61 13
26 62 5
26 65 14
26 76 2
26 80 17
26 84 18
26 88 8
26 94 15
26 95 5
27 5 2
27 6 18
27 7 16
27 8 5
27 9 12
27 18 4
27 21 13
27 22 5
27 26 13
27 29 5
27 31 11
27 37 6
27 38 19
27 40 15
27 45 9
27 48 14
27 62 14
27 67 15
27 71 16
27 84 19
27 85 5
27 89 15
27 90 14
27 92 4
27 93 5
27 99 20
28 5 17
28 17 14
28 27 14
28 29 19
28 36 15
28 39 11
28 46 1
28 52 9
28 57 18
28 58 2
28 62 19
28 64 16
28 69 10
28 72 2
28 74 20
28 75 7
28 76 5
28 80 15
28 83 11
28 85 14
28 86 12
28 98 19
29 1 14
29 7 17
29 10 16
29 24 20
29 27 2
29 32 2
29 37 3
29 39 16
29 51 6
29 55 11
29 57 11
29 59 15
29 63 13
29 64 6
29 66 8
29 67 19
29 70 18
29 71 1
29 72 4
29 86 4
29 90 16
29 99 20
30 6 1
30 10 14
30 12 20
30 14 20
30 16 5
30 19 17
30 26 3
30 28 3
30 36 13
30 40 11
30 41 5
30 51 14
30 52 8
30 55 3
30 57 2
30 59 10
30 60 20
30 62 16
30 63 16
30 64 18
30 65 5
30 71 12
30 74 4
30 75 19
30 79 4
30 83 16
30 84 7
30 91 12
30 94 5
30 97 11
30 98 11
31 2 7
31 10 5
31 20 6
31 23 1
31 27 20
31 28 9
31 34 16
31 41 4
31 55 18
31 57 3
31 60 14
31 63 5
31 67 9
31 71 18
31 76 2
31 80 17
31 82 5
31 84 18
31 85 17
31 86 8
31 88 2
31 93 4
31 95 4
31 98 6
31 99 20
32 5 18
32 11 8
32 16 7
32 20 14
32 22 3
32 24 3
32 25 4
32 40 19
32 44 16
32 45 8
32 47 18
32 53 16
32 54 5
32 56 20
32 63 14
32 64 9
32 66 9
32 67 19
32 68 4
32 71 13
32 77 19
32 93 20
32 99 7
33 12 18
33 19 10
33 23 5
33 30 20
33 32 10
33 36 11
33 37 1
33 40 16
33 41 18
33 43 3
33 46 11
33 48 11
33 49 18
33 54 3
33 57 2
33 58 4
33 69 16
33 70 16
33 72 13
33 77 9
33 80 11
33 81 13
33 88 9
33 98 12
34 7 5
34 13 6
34 14 9
34 15 12
34 20 2
34 21 2
34 24 3
34 40 9
34 46 6
34 47 4
34 49 2
34 51 10
34 54 14
34 55 12
34 56 14
34 57 1
34 71 13
34 73 9
34 75 8
34 77 12
34 80 4
34 82 15
34 87 7
34 90 1
34 93 11
34 98 9
34 99 10
35 0 4
35 5 15
35 10 8
35 13 13
35 17 8
35 20 15
35 21 7
35 31 3
35 32 8
35 41 16
35 48 2
35 52 18
35 53 3
35 55 18
35 56 19
35 58 19
35 62 16
35 66 18
35 74 4
35 76 17
35 79 10
35 82 14
35 89 18
35 90 3
36 1 14
36 4 12
36 7 3
36 9 14
36 11 12
36 12 13
36 18 16
36 23 3
36 26 16
36 30 7
36 35 4
36 41 20
36 55 1
36 56 13
36 60 16
36 61 7
36 64 17
36 65 11
36 67 3
36 73 2
36 74 8
36 81 4
36 86 9
36 90 8
36 92 8
36 95 7
36 98 5
37 5 13
37 13 14
37 18 19
37 19 18
37 22 10
37 24 1
37 25 17
37 28 15
37 34 20
37 35 1
37 38 5
37 41 1
37 42 14
37 48 13
37 52 12
37 55 10
37 56 3
37 70 9
37 72 12
37 75 7
37 82 9
37 83 6
37 86 18
37 87 7
37 89 7
37 98 5
38 10 10
38 12 5
38 18 18
38 26 15
38 32 1
38 34 2
38 35 14
38 37 6
38 39 8
38 41 3
38 43 11
38 44 19
38 45 7
38 50 1
38 54 4
38 55 9
38 61 20
38 62 8
38 66 5
38 71 18
38 73 1
38 74 2
38 79 3
38 84 5
38 88 8
38 90 2
38 91 14
38 93 9
39 2 10
39 3 13
39 12 14
39 13 8
39 15 6
39 21 19
39 25 19
39 28 12
39 31 7
39 41 19
39 49 15
39 50 16
39 51 9
39 54 18
39 55 15
39 58 13
39 61 1
39 62 12
39 63 6
39 67 9
39 68 2
39 69 8
39 73 11
39 75 7
39 76 11
39 77 14
39 78 16
39 81 2
39 84 10
39 86 16
39 87 11
39 92 8
39 93 7
39 95 18
40 0 17
40 1 14
40 4 8
40 14 10
40 19 7
40 21 11
40 36 7
40 37 14
40 38 11
40 41 2
40 42 11
40 45 12
40 57 11
40 63 16
40 64 8
40 66 20
40 69 18
40 72 5
40 74 3
40 81 1
40 82 4
40 84 3
40 87 7
40 92 2
40 94 16
40 95 12
40 98 1
41 5 14
41 6 11
41 19 2
41 20 18
41 23 17
41 31 4
41 38 6
41 61 1
41 89 6
41 90 16
41 92 19
41 97 14
42 3 2
42 13 14
42 14 9
42 16 8
42 22 2
42 27 14
42 34 9
42 35 2
42 37 3
42 38 5
42 43 13
42 44 12
42 47 1
42 56 13
42 72 6
42 77 19
42 85 14
42 89 15
42 98 1
42 99 4
43 8 3
43 9 7
43 19 8
43 20 2
43 23 6
43 24 15
43 29 5
43 33 20
43 35 20
43 38 1
43 39 16
43 40 4
43 41 6
43 44 5
43 45 2
43 48 1
43 54 3
43 57 19
43 64 11
43 66 4
43 68 9
43 71 6
43 73 6
43 80 9
43 85 10
43 87 17
43 90 7
43 91 19
43 92 1
44 0 17
44 8 15
44 10 10
44 23 8
44 30 10
44 36 8
44 40 2
44 42 14
44 43 5
44 55 11
44 56 18
44 70 15
44 71 5
44 76 17
44 80 2
44 84 4
44 91 8
44 92 15
44 93 1
44 94 1
44 97 1
44 98 2
45 1 2
45 13 14
45 19 18
45 23 8
45 26 13
45 28 19
45 36 13
45 37 8
45 40 2
45 46 16
45 47 5
45 53 8
45 54 12
45 62 18
45 67 7
45 69 7
45 71 11
45 75 20
45 76 10
45 79 16
45 82 4
45 83 18
45 88 8
45 90 20
45 95 5
46 5 15
46 6 19
46 15 20
46 16 19
46 17 15
46 25 7
46 27 16
46 29 11
46 30 14
46 50 5
46 55 12
46 63 3
46 64 17
46 67 18
46 72 11
46 84 19
46 87 5
46 92 7
46 94 15
46 97 9
47 0 18
47 3 12
47 4 8
47 6 4
47 7 4
47 11 2
47 13 10
47 17 17
47 19 17
47 21 5
47 34 4
47 35 8
47 40 20
47 41 14
47 49 14
47 50 12
47 52 3
47 53 8
47 54 6
47 55 11
47 63 19
47 67 14
47 71 19
47 72 16
47 75 4
47 84 10
47 89 4
47 90 18
47 91 4
47 99 15
48 1 6
48 4 16
48 5 8
48 14 2
48 22 16
48 23 4
48 33 20
48 43 8
48 44 15
48 45 8
48 47 14
48 49 17
48 56 19
48 61 18
48 63 19
48 66 19
48 69 18
48 74 12
48 76 16
48 78 19
48 79 4
48 81 20
48 94 17
48 96 10
48 99 2
49 14 11
49 16 7
49 17 20
49 20 11
49 27 18
49 34 9
49 35 8
49 47 6
49 48 16
49 54 13
49 63 20
49 66 13
49 70 5
49 77 17
49 97 17
50 10 4
50 14 8
50 18 3
50 22 15
50 23 19
50 28 9
50 36 15
50 41 16
50 42 5
50 46 13
50 53 16
50 55 8
50 57 19
50 60 2
50 63 20
50 64 13
50 65 5
50 72 19
50 73 5
50 76 1
50 81 16
50 84 6
50 89 20
50 92 18
50 96 18
51 0 11
51 3 2
51 4 7
51 5 6
51 13 7
51 14 9
51 16 20
51 20 10
51 24 20
51 28 17
51 32 8
51 39 19
51 40 20
51 47 8
51 49 11
51 50 20
51 54 15
51 55 15
51 57 10
51 61 7
51 65 13
51 68 1
51 71 12
51 75 9
51 78 9
51 82 7
51 90 20
51 92 1
51 93 14
51 95 16
51 96 11
51 98 13
51 99 1
52 1 6
52 2 8
52 4 15
52 6 12
52 10 9
52 14 8
52 35 7
52 40 10
52 42 13
52 59 8
52 61 12
52 66 11
52 67 13
52 80 16
52 81 7
52 84 13
52 91 19
52 94 12
52 96 18
52 97 2
53 0 16
53 2 7
53 3 8
53 9 14
53 11 14
53 12 11
53 14 2
53 24 13
53 27 13
53 30 6
53 31 16
53 38 8
53 44 6
53 57 18
53 60 9
53 61 17
53 66 15
53 77 3
53 78 9
53 80 19
53 82 8
53 83 6
53 84 10
53 91 6
53 99 19
54 3 17
54 4 11
54 13 1
54 14 13
54 17 1
54 18 17
54 21 18
54 22 12
54 23 7
54 26 20
54 28 15
54 35 19
54 40 18
54 45 19
54 49 8
54 50 18
54 51 14
54 55 3
54 57 14
54 62 13
54 63 18
54 64 8
54 65 16
54 67 15
54 68 10
54 77 11
54 82 11
54 84 14
54 95 13
55 2 19
55 4 2
55 9 10
55 13 8
55 15 14
55 17 1
55 18 1
55 20 18
55 27 18
55 32 9
55 34 5
55 36 1
55 42 7
55 44 13
55 45 4
55 48 13
55 50 9
55 51 20
55 52 15
55 56 2
55 58 7
55 59 5
55 60 16
55 61 20
55 66 19
55 69 2
55 70 13
55 78 8
55 81 17
55 97 17
56 4 3
56 9 10
56 17 11
56 25 20
56 28 15
56 39 1
56 47 7
56 48 18
56 59 12
56 72 9
56 73 6
56 76 13
56 88 3
56 91 2
56 93 1
56 99 17
57 7 3
57 10 11
57 15 9
57 19 13
57 21 2
57 25 8
57 28 16
57 30 9
57 31 13
57 33 11
57 34 8
57 35 15
57 41 14
57 44 18
57 47 18
57 59 2
57 62 7
57 66 5
57 67 14
57 69 5
57 71 2
57 77 7
57 78 19
57 85 19
57 89 15
57 92 6
57 93 17
57 94 6
58 3 7
58 6 10
58 8 1
58 17 20
58 20 11
58 21 19
58 23 20
58 26 10
58 41 20
58 44 6
58 47 2
58 48 11
58 49 4
58 69 12
58 73 3
58 74 11
58 93 4
58 95 5
58 98 4
58 99 11
59 5 1
59 18 7
59 22 4
59 24 7
59 36 18
59 40 20
59 41 13
59 45 1
59 48 3
59 49 8
59 61 19
59 62 9
59 63 7
59 68 8
59 77 18
59 84 2
59 87 7
59 90 14
59 98 10
60 1 6
60 2 11
60 3 18
60 4 2
60 8 10
60 14 19
60 23 3
60 25 5
60 29 18
60 32 13
60 37 20
60 39 2
60 43 17
60 46 17
60 47 18
60 49 19
60 51 3
60 56 19
60 58 6
60 61 7
60 71 6
60 73 18
60 75 12
60 76 20
60 87 5
60 89 10
60 90 13
60 94 15
61 5 12
61 9 11
61 11 17
61 13 13
61 14 5
61 18 10
61 23 15
61 26 10
61 27 14
61 28 4
61 34 10
61 37 12
61 46 16
61 50 14
61 51 5
61 53 11
61 54 9
61 60 14
61 66 4
61 73 4
61 79 17
61 83 6
61 85 6
61 87 16
61 89 15
61 90 9
61 95 13
62 4 8
62 13 14
62 28 13
62 31 8
62 34 6
62 39 1
62 41 13
62 43 15
62 49 1
62 52 12
62 58 1
62 64 5
62 73 18
62 82 3
62 86 17
62 89 14
62 91 2
62 94 8
62 95 9
62 97 13
63 4 16
63 5 10
63 7 20
63 18 12
63 24 19
63 27 10
63 28 18
63 32 1
63 39 15
63 44 20
63 55 4
63 56 2
63 62 18
63 64 14
63 65 13
63 70 8
63 73 2
63 76 14
63 78 7
63 81 11
63 92 9
63 96 12
64 9 19
64 14 11
64 15 5
64 26 12
64 35 17
64 36 7
64 37 12
64 39 3
64 41 10
64 47 11
64 50 14
64 54 7
64 56 6
64 58 18
64 63 10
64 65 17
64 66 8
64 72 13
64 73 6
64 76 10
64 80 13
64 81 17
64 84 11
65 0 16
65 2 17
65 10 6
65 11 1
65 14 18
65 17 16
65 21 16
65 22 16
65 23 8
65 24 10
65 26 5
65 27 5
65 29 15
65 30 9
65 38 16
65 42 7
65 51 1
65 52 4
65 56 11
65 60 1
65 66 11
65 76 8
65 84 14
65 88 14
65 91 12
65 92 14
65 93 17
65 99 20
66 3 2
66 11 14
66 13 13
66 15 20
66 17 5
66 18 11
66 21 10
66 29 5
66 30 18
66 34 5
66 38 10
66 44 18
66 45 2
66 50 11
66 54 19
66 56 13
66 57 18
66 59 20
66 60 8
66 64 15
66 78 19
66 82 17
66 94 19
66 95 12
67 3 13
67 14 11
67 16 3
67 19 3
67 22 18
67 38 19
67 43 2
67 44 11
67 47 3
67 57 18
67 61 7
67 68 14
67 69 8
67 70 13
67 72 15
67 74 10
67 86 18
67 88 17
67 90 15
67 92 16
67 94 14
67 96 15
67 98 17
68 4 16
68 11 15
68 12 14
68 15 4
68 17 5
68 19 18
68 22 6
68 29 15
68 32 6
68 33 2
68 35 1
68 36 13
68 41 6
68 44 6
68 49 11
68 54 8
68 60 17
68 61 20
68 62 14
68 64 13
68 65 9
68 66 13
68 69 17
68 73 1
68 74 4
68 79 6
68 88 1
68 99 5
69 0 12
69 1 17
69 4 9
69 10 17
69 15 14
69 17 6
69 20 4
69 22 11
69 24 2
69 25 13
69 27 13
69 31 7
69 33 12
69 34 16
69 38 13
69 41 17
69 42 9
69 43 10
69 47 7
69 51 20
69 54 11
69 64 3
69 68 4
69 73 17
69 76 9
69 81 8
69 87 18
69 91 12
69 95 7
70 14 2
70 28 13
70 29 6
70 31 12
70 36 9
70 46 18
70 47 7
70 50 12
70 53 3
70 55 7
70 57 12
70 59 16
70 63 7
70 68 12
70 69 2
70 72 5
70 73 8
70 74 12
70 75 5
70 78 2
70 93 10
71 5 3
71 8 9
71 9 6
71 10 16
71 11 9
71 12 13
71 13 13
71 14 2
71 15 12
71 16 9
71 18 6
71 19 3
71 29 3
71 33 2
71 35 9
71 37 16
71 38 5
71 45 19
71 50 7
71 55 19
71 56 12
71 57 10
71 61 13
71 66 19
71 67 3
71 69 13
71 74 20
71 76 10
71 79 13
71 89 5
71 90 15
71 93 6
71 94 1
72 2 16
72 3 8
72 8 10
72 12 15
72 14 7
72 15 13
72 23 2
72 26 20
72 31 3
72 46 7
72 48 13
72 52 19
72 53 15
72 59 3
72 66 11
72 67 12
72 68 5
72 77 17
72 78 5
72 83 15
72 87 11
72 91 19
72 93 12
72 94 8
72 96 2
72 97 10
73 8 14
73 15 1
73 30 7
73 33 8
73 34 9
73 38 18
73 41 19
73 59 10
73 65 10
73 66 18
73 69 2
73 70 20
73 77 19
73 78 9
73 79 20
73 83 11
73 88 18
73 89 15
73 93 2
73 99 9
74 0 16
74 2 20
74 5 10
74 8 11
74 9 8
74 10 14
74 12 12
74 13 10
74 20 16
74 23 3
74 27 17
74 35 19
74 36 1
74 37 10
74 44 8
74 46 2
74 48 6
74 49 18
74 52 10
74 53 1
74 54 9
74 55 17
74 59 8
74 70 5
74 78 2
74 80 19
74 83 1
74 88 14
74 92 3
75 8 14
75 9 9
75 12 10
75 14 3
75 26 10
75 29 13
75 30 5
75 31 19
75 34 12
75 44 7
75 45 9
75 55 20
75 56 2
75 58 12
75 60 11
75 67 10
75 68 11
75 71 1
75 72 5
75 78 19
75 80 17
75 83 7
75 84 8
75 86 14
75 90 18
75 94 5
76 0 2
76 6 15
76 10 19
76 18 19
76 27 3
76 31 13
76 33 6
76 35 20
76 39 13
76 42 4
76 43 3
76 46 18
76 51 5
76 64 6
76 67 20
76 68 7
76 69 15
76 72 19
76 73 9
76 77 4
76 78 8
76 79 17
76 80 10
76 82 16
76 91 10
76 92 7
76 94 1
77 2 4
77 3 9
77 5 7
77 6 15
77 10 18
77 11 18
77 12 14
77 21 15
77 23 14
77 24 11
77 27 5
77 28 11
77 31 6
77 32 12
77 41 2
77 47 17
77 56 2
77 57 8
77 59 9
77 61 13
77 66 9
77 67 7
77 68 2
77 79 8
77 86 7
77 88 1
77 90 2
77 94 17
77 96 3
77 98 4
78 0 14
78 5 15
78 8 4
78 12 9
78 14 15
78 18 11
78 30 14
78 38 15
78 45 14
78 52 16
78 58 18
78 59 7
78 63 9
78 67 10
78 74 11
78 76 14
78 82 20
78 83 11
78 88 18
78 90 10
78 92 5
78 94 13
79 6 4
79 15 20
79 16 14
79 19 18
79 20 15
79 22 18
79 27 14
79 33 15
79 34 8
79 35 4
79 39 5
79 40 10
79 42 14
79 49 13
79 51 1
79 54 11
79 55 6
79 59 10
79 61 2
79 76 6
79 78 8
79 82 11
79 83 10
79 93 16
79 99 6
80 1 17
80 4 9
80 7 2
80 15 12
80 20 14
80 21 17
80 23 11
80 26 5
80 30 13
80 33 10
80 35 2
80 37 6
80 38 9
80 43 17
80 44 19
80 46 3
80 47 13
80 54 3
80 56 18
80 59 9
80 70 14
80 75 13
80 78 11
80 79 8
80 81 8
80 84 17
80 85 8
80 86 15
80 89 11
80 95 7
80 96 17
80 98 11
81 5 17
81 9 3
81 17 14
81 19 11
81 23 10
81 25 15
81 31 6
81 36 12
81 41 11
81 44 2
81 45 5
81 53 20
81 54 12
81 56 16
81 59 8
81 67 5
81 71 14
81 76 8
81 77 19
81 88 13
81 91 8
81 95 5
82 8 7
82 13 16
82 16 12
82 20 10
82 25 17
82 34 15
82 42 6
82 50 10
82 53 18
82 54 6
82 62 5
82 74 4
82 76 13
82 83 15
82 84 19
82 92 8
82 93 15
82 96 3
83 7 12
83 9 7
83 13 20
83 16 12
83 22 8
83 27 11
83 29 12
83 31 8
83 36 7
83 37 17
83 38 10
83 40 9
83 43 10
83 45 11
83 47 7
83 53 16
83 55 9
83 56 2
83 57 18
83 61 15
83 63 9
83 68 9
83 72 8
83 86 8
83 88 17
83 92 16
84 4 2
84 7 13
84 8 7
84 9 16
84 13 1
84 16 11
84 18 18
84 19 16
84 38 15
84 40 12
84 41 19
84 46 11
84 49 17
84 53 7
84 54 9
84 58 11
84 60 11
84 62 14
84 63 11
84 64 9
84 70 10
84 71 15
84 74 2
84 76 3
84 82 14
84 83 7
84 85 6
84 89 20
85 0 20
85 1 20
85 5 4
85 6 9
85 8 13
85 11 5
85 13 4
85 15 9
85 18 14
85 23 13
85 27 9
85 34 6
85 41 14
85 51 1
85 52 11
85 56 7
85 64 5
85 65 20
85 67 11
85 71 20
85 72 8
85 73 20
85 75 17
85 94 7
85 95 11
86 6 7
86 11 1
86 16 4
86 18 13
86 27 3
86 36 11
86 37 17
86 46 11
86 52 20
86 55 4
86 59 1
86 63 10
86 64 17
86 65 1
86 66 3
86 68 3
86 74 12
86 75 3
86 76 3
86 83 3
86 84 14
86 88 8
86 89 17
86 94 9
87 0 8
87 2 14
87 6 7
87 8 11
87 14 15
87 29 13
87 31 20
87 36 10
87 38 17
87 40 20
87 48 3
87 51 9
87 59 9
87 61 11
87 62 18
87 63 20
87 65 18
87 66 2
87 76 20
87 77 1
87 80 3
87 81 7
87 85 19
87 93 19
87 97 19
88 4 8
88 6 2
88 8 2
88 22 3
88 23 3
88 24 3
88 27 4
88 33 3
88 43 16
88 44 17
88 51 13
88 53 19
88 54 17
88 60 5
88 63 20
88 64 14
88 69 16
88 73 8
88 74 13
88 80 17
88 82 2
88 85 14
88 86 1
88 90 11
88 91 19
88 97 20
89 0 13
89 1 4
89 19 8
89 43 18
89 47 12
89 52 20
89 57 15
89 61 8
89 63 3
89 68 10
89 69 11
89 71 15
89 74 8
89 85 10
89 91 18
90 1 6
90 4 17
90 8 19
90 9 19
90 11 5
90 17 12
90 24 13
90 29 7
90 33 18
90 36 3
90 37 3
90 40 9
90 42 18
90 47 2
90 48 4
90 49 18
90 51 7
90 52 7
90 53 10
90 55 2
90 73 9
90 75 3
90 78 2
90 80 6
90 85 8
90 86 18
90 87 1
90 88 8
90 91 20
91 3 20
91 22 19
91 25 6
91 28 14
91 34 17
91 35 17
91 36 15
91 39 17
91 40 5
91 44 12
91 47 1
91 53 18
91 59 12
91 68 15
91 69 2
91 72 14
91 73 16
91 79 8
91 82 11
91 86 11
91 88 13
91 92 14
91 95 7
92 1 17
92 13 4
92 15 13
92 18 7
92 23 6
92 28 15
92 30 10
92 32 6
92 36 19
92 45 20
92 46 13
92 51 15
92 52 11
92 53 9
92 54 11
92 59 14
92 61 11
92 62 6
92 63 20
92 65 11
92 70 16
92 73 20
92 77 20
92 81 14
92 89 13
92 94 2
92 96 12
93 1 19
93 2 14
93 4 10
93 7 14
93 17 1
93 18 8
93 19 18
93 28 11
93 30 16
93 33 14
93 35 18
93 36 19
93 41 6
93 43 13
93 44 10
93 46 2
93 47 10
93 48 8
93 50 10
93 53 17
93 57 14
93 62 17
93 68 12
93 70 11
93 76 19
93 83 20
93 90 12
93 94 3
93 97 4
94 4 10
94 5 19
94 7 6
94 8 19
94 9 18
94 13 18
94 16 14
94 21 20
94 24 19
94 27 7
94 32 10
94 34 15
94 36 9
94 41 5
94 42 3
94 48 13
94 60 12
94 66 19
94 74 5
94 79 18
94 83 12
94 89 19
94 90 19
94 91 13
94 93 11
95 16 10
95 25 13
95 26 8
95 29 6
95 30 10
95 37 12
95 39 6
95 42 13
95 45 9
95 48 3
95 49 4
95 54 9
95 55 11
95 56 10
95 59 14
95 60 2
95 63 11
95 67 5
95 75 16
95 77 10
95 83 12
95 88 11
95 89 12
95 97 5
96 2 17
96 6 4
96 11 9
96 20 20
96 21 7
96 26 13
96 32 13
96 36 9
96 45 8
96 52 4
96 59 17
96 69 12
96 79 17
96 85 6
96 98 15
97 4 16
97 5 1
97 11 4
97 14 13
97 18 16
97 19 10
97 24 6
97 28 10
97 34 18
97 39 6
97 42 1
97 43 7
97 45 8
97 47 19
97 57 9
97 58 9
97 60 13
97 69 20
97 73 10
97 78 18
97 81 15
97 83 8
97 85 13
97 91 9
98 3 5
98 11 7
98 16 15
98 18 5
98 23 3
98 34 13
98 36 8
98 37 2
98 42 20
98 44 18
98 45 4
98 46 8
98 49 2
98 54 8
98 64 17
98 72 17
98 75 2
98 81 12
98 82 2
98 83 12
98 86 9
98 88 19
98 89 15
98 90 14
98 91 13
98 94 16
98 96 14
98 97 9
99 0 5
99 4 9
99 8 10
99 16 6
99 17 20
99 19 19
99 24 13
99 25 6
99 27 6
99 31 7
99 35 3
99 38 2
99 40 9
99 42 11
99 46 18
99 51 18
99 53 17
99 54 19
99 66 14
99 67 17
99 70 18
99 83 11
99 87 5
99 91 3
99 94 6
99 96 5
