4950 100 60 0
0 1 6
0 2 10
0 3 3
0 4 18
0 5 17
0 6 10
0 7 7
0 8 18
0 9 11
0 10 17
0 11 3
0 12 19
0 13 4
0 14 3
0 15 10
0 16 17
0 17 9
0 18 10
0 19 7
0 20 18
0 21 13
0 22 8
0 23 19
0 24 9
0 25 3
0 26 14
0 27 16
0 28 2
0 29 11
0 30 20
0 31 14
0 32 17
0 33 18
0 34 1
0 35 2
0 36 3
0 37 2
0 38 10
0 39 1
0 40 12
0 41 11
0 42 3
0 43 2
0 44 1
0 45 2
0 46 14
0 47 3
0 48 5
0 49 4
0 50 10
0 51 9
0 52 11
0 53 16
0 54 1
0 55 6
0 56 20
0 57 3
0 58 8
0 59 2
0 60 3
0 61 20
0 62 14
0 63 20
0 64 3
0 65 1
0 66 9
0 67 17
0 68 17
0 69 19
0 70 20
0 71 6
0 72 2
0 73 9
0 74 1
0 75 6
0 76 2
0 77 14
0 78 13
0 79 6
0 80 3
0 81 17
0 82 2
0 83 1
0 84 14
0 85 16
0 86 17
0 87 16
0 88 14
0 89 10
0 90 17
0 91 4
0 92 13
0 93 14
0 94 1
0 95 20
0 96 11
0 97 8
0 98 14
0 99 16
1 2 12
1 3 2
1 4 11
1 5 5
1 6 4
1 7 2
1 8 7
1 9 19
1 10 13
1 11 19
1 12 15
1 13 18
1 14 16
1 15 12
1 16 18
1 17 18
1 18 7
1 19 7
1 20 15
1 21 12
1 22 11
1 23 11
1 24 16
1 25 16
1 26 3
1 27 3
1 28 16
1 29 2
1 30 3
1 31 5
1 32 20
1 33 18
1 34 5
1 35 8
1 36 15
1 37 13
1 38 7
1 39 3
1 40 10
1 41 16
1 42 4
1 43 14
1 44 4
1 45 7
1 46 1
1 47 8
1 48 9
1 49 5
1 50 9
1 51 5
1 52 8
1 53 10
1 54 16
1 55 12
1 56 6
1 57 10
1 58 7
1 59 19
1 60 18
1 61 16
1 62 9
1 63 6
1 64 7
1 65 15
1 66 7
1 67 3
1 68 19
1 69 20
1 70 2
1 71 2
1 72 14
1 73 16
1 74 15
1 75 2
1 76 12
1 77 3
1 78 3
1 79 20
1 80 18
1 81 8
1 82 13
1 83 11
1 84 18
1 85 1
1 86 9
1 87 16
1 88 10
1 89 15
1 90 14
1 91 9
1 92 2
1 93 13
1 94 7
1 95 14
1 96 20
1 97 13
1 98 6
1 99 5
2 3 8
2 4 18
2 5 11
2 6 17
2 7 15
2 8 18
2 9 8
2 10 8
2 11 16
2 12 18
2 13 13
2 14 4
2 15 19
2 16 19
2 17 10
2 18 16
2 19 4
2 20 13
2 21 13
2 22 16
2 23 5
2 24 17
2 25 14
2 26 6
2 27 4
2 28 13
2 29 11
2 30 6
2 31 6
2 32 13
2 33 11
2 34 14
2 35 4
2 36 2
2 37 15
2 38 2
2 39 5
2 40 4
2 41 7
2 42 6
2 43 13
2 44 17
2 45 6
2 46 6
2 47 6
2 48 11
2 49 20
2 50 10
2 51 5
2 52 18
2 53 2
2 54 14
2 55 10
2 56 12
2 57 3
2 58 3
2 59 20
2 60 7
2 61 7
2 62 18
2 63 15
2 64 17
2 65 17
2 66 8
2 67 17
2 68 15
2 69 5
2 70 6
2 71 19
2 72 6
2 73 15
2 74 6
2 75 14
2 76 1
2 77 3
2 78 8
2 79 16
2 80 1
2 81 15
2 82 8
2 83 10
2 84 3
2 85 15
2 86 6
2 87 14
2 88 15
2 89 1
2 90 1
2 91 2
2 92 9
2 93 9
2 94 7
2 95 16
2 96 3
2 97 4
2 98 10
2 99 10
3 4 5
3 5 14
3 6 7
3 7 4
3 8 16
3 9 18
3 10 4
3 11 7
3 12 12
3 13 9
3 14 2
3 15 19
3 16 15
3 17 10
3 18 1
3 19 2
3 20 20
3 21 18
3 22 15
3 23 3
3 24 7
3 25 19
3 26 1
3 27 9
3 28 17
3 29 17
3 30 19
3 31 18
3 32 8
3 33 6
3 34 14
3 35 19
3 36 15
3 37 6
3 38 14
3 39 2
3 40 2
3 41 8
3 42 4
3 43 15
3 44 14
3 45 15
3 46 6
3 47 18
3 48 3
3 49 20
3 50 2
3 51 18
3 52 10
3 53 6
3 54 1
3 55 3
3 56 16
3 57 15
3 58 13
3 59 4
3 60 18
3 61 12
3 62 8
3 63 9
3 64 15
3 65 12
3 66 3
3 67 10
3 68 9
3 69 7
3 70 6
3 71 11
3 72 15
3 73 3
3 74 12
3 75 12
3 76 3
3 77 16
3 78 8
3 79 19
3 80 1
3 81 3
3 82 13
3 83 6
3 84 13
3 85 17
3 86 14
3 87 8
3 88 9
3 89 14
3 90 13
3 91 11
3 92 7
3 93 18
3 94 17
3 95 13
3 96 20
3 97 13
3 98 13
3 99 10
4 5 17
4 6 15
4 7 5
4 8 9
4 9 18
4 10 20
4 11 13
4 12 4
4 13 4
4 14 10
4 15 19
4 16 8
4 17 3
4 18 10
4 19 6
4 20 18
4 21 17
4 22 2
4 23 3
4 24 14
4 25 2
4 26 16
4 27 7
4 28 11
4 29 4
4 30 1
4 31 10
4 32 2
4 33 19
4 34 5
4 35 18
4 36 11
4 37 17
4 38 2
4 39 10
4 40 14
4 41 10
4 42 5
4 43 1
4 44 4
4 45 10
4 46 5
4 47 4
4 48 8
4 49 13
4 50 19
4 51 9
4 52 13
4 53 2
4 54 4
4 55 15
4 56 10
4 57 7
4 58 3
4 59 2
4 60 19
4 61 18
4 62 15
4 63 2
4 64 18
4 65 4
4 66 8
4 67 9
4 68 13
4 69 15
4 70 13
4 71 17
4 72 9
4 73 14
4 74 1
4 75 20
4 76 7
4 77 19
4 78 6
4 79 16
4 80 19
4 81 13
4 82 3
4 83 10
4 84 13
4 85 7
4 86 7
4 87 12
4 88 4
4 89 8
4 90 13
4 91 20
4 92 17
4 93 17
4 94 11
4 95 14
4 96 11
4 97 16
4 98 9
4 99 2
5 6 20
5 7 1
5 8 16
5 9 20
5 10 14
5 11 9
5 12 9
5 13 1
5 14 9
5 15 18
5 16 16
5 17 15
5 18 16
5 19 16
5 20 19
5 21 13
5 22 13
5 23 8
5 24 3
5 25 3
5 26 13
5 27 14
5 28 7
5 29 10
5 30 10
5 31 2
5 32 19
5 33 6
5 34 16
5 35 14
5 36 19
5 37 16
5 38 11
5 39 13
5 40 15
5 41 9
5 42 5
5 43 19
5 44 13
5 45 9
5 46 4
5 47 16
5 48 4
5 49 15
5 50 4
5 51 13
5 52 13
5 53 16
5 54 16
5 55 20
5 56 9
5 57 10
5 58 18
5 59 3
5 60 20
5 61 4
5 62 20
5 63 13
5 64 17
5 65 11
5 66 9
5 67 20
5 68 2
5 69 2
5 70 6
5 71 6
5 72 1
5 73 5
5 74 15
5 75 15
5 76 14
5 77 8
5 78 16
5 79 19
5 80 8
5 81 2
5 82 5
5 83 4
5 84 10
5 85 3
5 86 4
5 87 18
5 88 17
5 89 18
5 90 8
5 91 14
5 92 16
5 93 17
5 94 13
5 95 5
5 96 11
5 97 4
5 98 14
5 99 19
6 7 8
6 8 2
6 9 12
6 10 6
6 11 12
6 12 4
6 13 10
6 14 8
6 15 2
6 16 11
6 17 5
6 18 20
6 19 3
6 20 1
6 21 8
6 22 19
6 23 2
6 24 1
6 25 14
6 26 18
6 27 16
6 28 14
6 29 18
6 30 19
6 31 2
6 32 16
6 33 5
6 34 18
6 35 4
6 36 20
6 37 8
6 38 16
6 39 15
6 40 1
6 41 14
6 42 3
6 43 8
6 44 7
6 45 20
6 46 7
6 47 20
6 48 15
6 49 4
6 50 3
6 51 9
6 52 16
6 53 1
6 54 18
6 55 5
6 56 1
6 57 7
6 58 17
6 59 3
6 60 17
6 61 13
6 62 15
6 63 7
6 64 18
6 65 14
6 66 10
6 67 3
6 68 8
6 69 4
6 70 2
6 71 13
6 72 5
6 73 14
6 74 5
6 75 7
6 76 11
6 77 2
6 78 8
6 79 12
6 80 1
6 81 19
6 82 15
6 83 17
6 84 17
6 85 2
6 86 19
6 87 7
6 88 14
6 89 11
6 90 1
6 91 19
6 92 9
6 93 19
6 94 12
6 95 4
6 96 15
6 97 19
6 98 6
6 99 9
7 8 13
7 9 19
7 10 2
7 11 1
7 12 7
7 13 6
7 14 17
7 15 10
7 16 11
7 17 6
7 18 13
7 19 17
7 20 3
7 21 3
7 22 16
7 23 11
7 24 1
7 25 15
7 26 12
7 27 14
7 28 15
7 29 9
7 30 16
7 31 3
7 32 8
7 33 16
7 34 13
7 35 20
7 36 6
7 37 14
7 38 19
7 39 8
7 40 20
7 41 1
7 42 5
7 43 11
7 44 19
7 45 13
7 46 14
7 47 15
7 48 13
7 49 14
7 50 14
7 51 16
7 52 16
7 53 20
7 54 7
7 55 4
7 56 8
7 57 19
7 58 2
7 59 16
7 60 15
7 61 18
7 62 18
7 63 8
7 64 17
7 65 2
7 66 20
7 67 20
7 68 11
7 69 14
7 70 20
7 71 4
7 72 10
7 73 18
7 74 19
7 75 20
7 76 2
7 77 9
7 78 20
7 79 5
7 80 12
7 81 20
7 82 1
7 83 18
7 84 13
7 85 7
7 86 3
7 87 18
7 88 20
7 89 4
7 90 18
7 91 20
7 92 15
7 93 5
7 94 10
7 95 11
7 96 15
7 97 4
7 98 11
7 99 15
8 9 1
8 10 10
8 11 5
8 12 19
8 13 12
8 14 13
8 15 7
8 16 13
8 17 3
8 18 1
8 19 3
8 20 14
8 21 2
8 22 6
8 23 2
8 24 1
8 25 17
8 26 2
8 27 15
8 28 8
8 29 8
8 30 11
8 31 18
8 32 14
8 33 1
8 34 18
8 35 9
8 36 14
8 37 4
8 38 15
8 39 15
8 40 1
8 41 1
8 42 2
8 43 14
8 44 12
8 45 14
8 46 5
8 47 15
8 48 6
8 49 12
8 50 2
8 51 5
8 52 10
8 53 20
8 54 18
8 55 2
8 56 3
8 57 19
8 58 9
8 59 17
8 60 2
8 61 14
8 62 6
8 63 4
8 64 16
8 65 19
8 66 1
8 67 18
8 68 5
8 69 7
8 70 12
8 71 16
8 72 2
8 73 10
8 74 16
8 75 7
8 76 9
8 77 19
8 78 3
8 79 10
8 80 2
8 81 10
8 82 19
8 83 7
8 84 18
8 85 20
8 86 15
8 87 5
8 88 1
8 89 18
8 90 19
8 91 4
8 92 3
8 93 5
8 94 17
8 95 2
8 96 3
8 97 19
8 98 7
8 99 3
9 10 15
9 11 6
9 12 17
9 13 17
9 14 8
9 15 14
9 16 7
9 17 13
9 18 7
9 19 13
9 20 3
9 21 17
9 22 13
9 23 7
9 24 17
9 25 1
9 26 13
9 27 20
9 28 19
9 29 9
9 30 10
9 31 9
9 32 15
9 33 9
9 34 11
9 35 5
9 36 14
9 37 7
9 38 9
9 39 6
9 40 10
9 41 11
9 42 4
9 43 10
9 44 10
9 45 11
9 46 5
9 47 7
9 48 9
9 49 2
9 50 9
9 51 11
9 52 19
9 53 4
9 54 17
9 55 17
9 56 2
9 57 11
9 58 6
9 59 6
9 60 2
9 61 16
9 62 6
9 63 11
9 64 1
9 65 18
9 66 9
9 67 18
9 68 20
9 69 6
9 70 11
9 71 8
9 72 12
9 73 18
9 74 15
9 75 5
9 76 11
9 77 5
9 78 7
9 79 5
9 80 9
9 81 2
9 82 14
9 83 20
9 84 13
9 85 10
9 86 19
9 87 20
9 88 18
9 89 8
9 90 2
9 91 12
9 92 9
9 93 9
9 94 7
9 95 4
9 96 17
9 97 9
9 98 17
9 99 5
10 11 4
10 12 15
10 13 2
10 14 17
10 15 1
10 16 16
10 17 7
10 18 5
10 19 18
10 20 8
10 21 19
10 22 17
10 23 19
10 24 11
10 25 10
10 26 18
10 27 15
10 28 2
10 29 15
10 30 6
10 31 5
10 32 8
10 33 4
10 34 16
10 35 4
10 36 7
10 37 13
10 38 7
10 39 18
10 40 12
10 41 17
10 42 7
10 43 20
10 44 15
10 45 15
10 46 7
10 47 6
10 48 9
10 49 14
10 50 10
10 51 12
10 52 16
10 53 11
10 54 3
10 55 7
10 56 4
10 57 1
10 58 14
10 59 8
10 60 2
10 61 1
10 62 14
10 63 10
10 64 16
10 65 6
10 66 11
10 67 14
10 68 3
10 69 18
10 70 11
10 71 20
10 72 20
10 73 12
10 74 20
10 75 10
10 76 1
10 77 18
10 78 6
10 79 10
10 80 10
10 81 7
10 82 14
10 83 8
10 84 2
10 85 13
10 86 14
10 87 4
10 88 6
10 89 12
10 90 7
10 91 10
10 92 1
10 93 18
10 94 14
10 95 13
10 96 17
10 97 14
10 98 8
10 99 10
11 12 16
11 13 7
11 14 19
11 15 15
11 16 17
11 17 4
11 18 7
11 19 12
11 20 7
11 21 12
11 22 16
11 23 1
11 24 20
11 25 19
11 26 10
11 27 20
11 28 12
11 29 1
11 30 19
11 31 12
11 32 6
11 33 12
11 34 1
11 35 1
11 36 6
11 37 13
11 38 4
11 39 19
11 40 11
11 41 3
11 42 11
11 43 13
11 44 6
11 45 8
11 46 1
11 47 10
11 48 7
11 49 6
11 50 18
11 51 6
11 52 17
11 53 15
11 54 14
11 55 10
11 56 4
11 57 4
11 58 3
11 59 9
11 60 9
11 61 17
11 62 14
11 63 20
11 64 12
11 65 12
11 66 3
11 67 1
11 68 6
11 69 4
11 70 8
11 71 16
11 72 3
11 73 7
11 74 14
11 75 6
11 76 4
11 77 10
11 78 13
11 79 7
11 80 13
11 81 20
11 82 9
11 83 5
11 84 9
11 85 14
11 86 11
11 87 18
11 88 2
11 89 18
11 90 12
11 91 18
11 92 20
11 93 17
11 94 16
11 95 11
11 96 17
11 97 19
11 98 14
11 99 2
12 13 6
12 14 11
12 15 7
12 16 2
12 17 5
12 18 14
12 19 18
12 20 14
12 21 15
12 22 16
12 23 10
12 24 20
12 25 16
12 26 5
12 27 16
12 28 4
12 29 9
12 30 12
12 31 17
12 32 13
12 33 14
12 34 10
12 35 4
12 36 11
12 37 6
12 38 1
12 39 14
12 40 6
12 41 3
12 42 10
12 43 19
12 44 20
12 45 18
12 46 15
12 47 10
12 48 12
12 49 13
12 50 1
12 51 16
12 52 20
12 53 10
12 54 7
12 55 16
12 56 12
12 57 6
12 58 12
12 59 3
12 60 14
12 61 9
12 62 3
12 63 9
12 64 16
12 65 14
12 66 2
12 67 10
12 68 7
12 69 1
12 70 10
12 71 2
12 72 14
12 73 9
12 74 7
12 75 12
12 76 7
12 77 9
12 78 16
12 79 12
12 80 15
12 81 14
12 82 14
12 83 1
12 84 9
12 85 10
12 86 3
12 87 9
12 88 4
12 89 13
12 90 7
12 91 19
12 92 3
12 93 17
12 94 6
12 95 19
12 96 2
12 97 6
12 98 2
12 99 11
13 14 17
13 15 5
13 16 5
13 17 14
13 18 10
13 19 6
13 20 2
13 21 9
13 22 3
13 23 4
13 24 3
13 25 10
13 26 20
13 27 14
13 28 15
13 29 4
13 30 12
13 31 7
13 32 18
13 33 10
13 34 13
13 35 17
13 36 14
13 37 10
13 38 18
13 39 3
13 40 5
13 41 8
13 42 15
13 43 9
13 44 19
13 45 15
13 46 9
13 47 20
13 48 2
13 49 18
13 50 18
13 51 13
13 52 5
13 53 7
13 54 13
13 55 7
13 56 17
13 57 5
13 58 4
13 59 19
13 60 5
13 61 11
13 62 6
13 63 16
13 64 17
13 65 18
13 66 11
13 67 13
13 68 4
13 69 20
13 70 2
13 71 18
13 72 2
13 73 1
13 74 7
13 75 10
13 76 9
13 77 16
13 78 6
13 79 20
13 80 7
13 81 17
13 82 15
13 83 19
13 84 10
13 85 5
13 86 7
13 87 20
13 88 18
13 89 20
13 90 5
13 91 19
13 92 13
13 93 12
13 94 8
13 95 18
13 96 16
13 97 5
13 98 1
13 99 15
14 15 15
14 16 7
14 17 2
14 18 3
14 19 3
14 20 15
14 21 17
14 22 15
14 23 20
14 24 19
14 25 11
14 26 17
14 27 12
14 28 2
14 29 17
14 30 11
14 31 5
14 32 18
14 33 8
14 34 11
14 35 2
14 36 17
14 37 6
14 38 8
14 39 19
14 40 2
14 41 8
14 42 9
14 43 16
14 44 10
14 45 7
14 46 4
14 47 5
14 48 8
14 49 8
14 50 6
14 51 4
14 52 5
14 53 5
14 54 8
14 55 6
14 56 17
14 57 3
14 58 10
14 59 4
14 60 5
14 61 15
14 62 18
14 63 10
14 64 12
14 65 10
14 66 19
14 67 5
14 68 12
14 69 14
14 70 8
14 71 17
14 72 9
14 73 7
14 74 19
14 75 15
14 76 16
14 77 9
14 78 5
14 79 16
14 80 12
14 81 8
14 82 4
14 83 13
14 84 13
14 85 16
14 86 1
14 87 18
14 88 7
14 89 16
14 90 2
14 91 2
14 92 5
14 93 1
14 94 8
14 95 5
14 96 20
14 97 10
14 98 9
14 99 11
15 16 6
15 17 20
15 18 17
15 19 19
15 20 17
15 21 7
15 22 2
15 23 12
15 24 20
15 25 8
15 26 10
15 27 9
15 28 16
15 29 13
15 30 19
15 31 3
15 32 12
15 33 8
15 34 7
15 35 18
15 36 4
15 37 15
15 38 12
15 39 1
15 40 19
15 41 11
15 42 4
15 43 15
15 44 2
15 45 8
15 46 12
15 47 4
15 48 15
15 49 16
15 50 8
15 51 17
15 52 9
15 53 17
15 54 13
15 55 20
15 56 6
15 57 20
15 58 18
15 59 18
15 60 11
15 61 16
15 62 2
15 63 7
15 64 16
15 65 17
15 66 16
15 67 14
15 68 4
15 69 11
15 70 9
15 71 9
15 72 11
15 73 13
15 74 19
15 75 1
15 76 5
15 77 17
15 78 10
15 79 10
15 80 13
15 81 8
15 82 19
15 83 6
15 84 16
15 85 10
15 86 17
15 87 1
15 88 1
15 89 6
15 90 10
15 91 19
15 92 17
15 93 15
15 94 3
15 95 4
15 96 17
15 97 7
15 98 19
15 99 10
16 17 14
16 18 16
16 19 13
16 20 15
16 21 11
16 22 1
16 23 2
16 24 15
16 25 9
16 26 20
16 27 12
16 28 18
16 29 19
16 30 20
16 31 18
16 32 3
16 33 11
16 34 9
16 35 18
16 36 10
16 37 12
16 38 2
16 39 4
16 40 9
16 41 4
16 42 2
16 43 1
16 44 16
16 45 17
16 46 11
16 47 2
16 48 10
16 49 5
16 50 19
16 51 6
16 52 1
16 53 18
16 54 11
16 55 16
16 56 2
16 57 5
16 58 15
16 59 20
16 60 17
16 61 3
16 62 19
16 63 9
16 64 5
16 65 17
16 66 20
16 67 5
16 68 20
16 69 11
16 70 8
16 71 16
16 72 1
16 73 7
16 74 10
16 75 5
16 76 7
16 77 15
16 78 8
16 79 10
16 80 16
16 81 3
16 82 12
16 83 20
16 84 15
16 85 16
16 86 11
16 87 13
16 88 7
16 89 6
16 90 16
16 91 11
16 92 4
16 93 12
16 94 13
16 95 20
16 96 4
16 97 14
16 98 18
16 99 20
17 18 15
17 19 20
17 20 1
17 21 19
17 22 10
17 23 1
17 24 11
17 25 14
17 26 8
17 27 1
17 28 15
17 29 15
17 30 9
17 31 8
17 32 4
17 33 7
17 34 20
17 35 5
17 36 7
17 37 5
17 38 3
17 39 19
17 40 10
17 41 4
17 42 8
17 43 5
17 44 10
17 45 9
17 46 1
17 47 18
17 48 12
17 49 18
17 50 14
17 51 11
17 52 7
17 53 9
17 54 8
17 55 1
17 56 6
17 57 8
17 58 2
17 59 18
17 60 4
17 61 11
17 62 15
17 63 16
17 64 17
17 65 3
17 66 15
17 67 16
17 68 3
17 69 2
17 70 15
17 71 7
17 72 6
17 73 17
17 74 16
17 75 3
17 76 3
17 77 12
17 78 5
17 79 10
17 80 5
17 81 7
17 82 10
17 83 4
17 84 10
17 85 11
17 86 11
17 87 14
17 88 5
17 89 9
17 90 6
17 91 3
17 92 14
17 93 15
17 94 7
17 95 10
17 96 10
17 97 8
17 98 4
17 99 1
18 19 19
18 20 12
18 21 3
18 22 19
18 23 17
18 24 17
18 25 19
18 26 9
18 27 19
18 28 6
18 29 19
18 30 19
18 31 3
18 32 7
18 33 17
18 34 6
18 35 9
18 36 17
18 37 10
18 38 5
18 39 17
18 40 3
18 41 6
18 42 2
18 43 19
18 44 6
18 45 16
18 46 5
18 47 18
18 48 8
18 49 18
18 50 10
18 51 11
18 52 14
18 53 9
18 54 4
18 55 6
18 56 8
18 57 6
18 58 10
18 59 15
18 60 9
18 61 3
18 62 11
18 63 12
18 64 2
18 65 6
18 66 14
18 67 14
18 68 5
18 69 9
18 70 18
18 71 15
18 72 20
18 73 4
18 74 1
18 75 11
18 76 16
18 77 15
18 78 5
18 79 14
18 80 11
18 81 11
18 82 15
18 83 20
18 84 17
18 85 14
18 86 7
18 87 7
18 88 3
18 89 5
18 90 7
18 91 19
18 92 3
18 93 10
18 94 13
18 95 18
18 96 11
18 97 6
18 98 20
18 99 1
19 20 9
19 21 6
19 22 9
19 23 9
19 24 17
19 25 2
19 26 13
19 27 1
19 28 8
19 29 10
19 30 18
19 31 19
19 32 3
19 33 12
19 34 16
19 35 7
19 36 18
19 37 17
19 38 4
19 39 14
19 40 16
19 41 17
19 42 2
19 43 10
19 44 16
19 45 20
19 46 5
19 47 19
19 48 16
19 49 18
19 50 13
19 51 5
19 52 16
19 53 8
19 54 16
19 55 9
19 56 7
19 57 2
19 58 7
19 59 10
19 60 17
19 61 7
19 62 12
19 63 7
19 64 10
19 65 17
19 66 6
19 67 12
19 68 13
19 69 19
19 70 1
19 71 11
19 72 7
19 73 8
19 74 6
19 75 18
19 76 20
19 77 17
19 78 10
19 79 9
19 80 11
19 81 17
19 82 9
19 83 20
19 84 5
19 85 9
19 86 10
19 87 5
19 88 7
19 89 18
19 90 16
19 91 5
19 92 12
19 93 6
19 94 4
19 95 16
19 96 8
19 97 11
19 98 18
19 99 9
20 21 6
20 22 19
20 23 6
20 24 5
20 25 7
20 26 6
20 27 13
20 28 6
20 29 13
20 30 10
20 31 18
20 32 18
20 33 7
20 34 3
20 35 5
20 36 3
20 37 14
20 38 20
20 39 14
20 40 20
20 41 13
20 42 11
20 43 8
20 44 5
20 45 2
20 46 5
20 47 19
20 48 7
20 49 18
20 50 8
20 51 18
20 52 16
20 53 16
20 54 2
20 55 16
20 56 2
20 57 13
20 58 13
20 59 7
20 60 14
20 61 4
20 62 5
20 63 5
20 64 7
20 65 15
20 66 13
20 67 13
20 68 13
20 69 15
20 70 19
20 71 18
20 72 16
20 73 16
20 74 8
20 75 6
20 76 4
20 77 16
20 78 2
20 79 20
20 80 13
20 81 11
20 82 10
20 83 8
20 84 9
20 85 12
20 86 3
20 87 7
20 88 3
20 89 3
20 90 19
20 91 17
20 92 13
20 93 4
20 94 4
20 95 10
20 96 5
20 97 2
20 98 5
20 99 19
21 22 8
21 23 6
21 24 5
21 25 7
21 26 12
21 27 1
21 28 8
21 29 18
21 30 4
21 31 5
21 32 10
21 33 5
21 34 18
21 35 6
21 36 3
21 37 16
21 38 17
21 39 7
21 40 5
21 41 13
21 42 17
21 43 4
21 44 4
21 45 5
21 46 5
21 47 17
21 48 12
21 49 14
21 50 9
21 51 14
21 52 14
21 53 14
21 54 20
21 55 20
21 56 11
21 57 3
21 58 5
21 59 3
21 60 14
21 61 1
21 62 5
21 63 8
21 64 7
21 65 9
21 66 13
21 67 7
21 68 19
21 69 6
21 70 17
21 71 4
21 72 12
21 73 16
21 74 18
21 75 4
21 76 8
21 77 4
21 78 9
21 79 17
21 80 1
21 81 5
21 82 6
21 83 6
21 84 1
21 85 6
21 86 1
21 87 4
21 88 9
21 89 20
21 90 7
21 91 17
21 92 15
21 93 18
21 94 2
21 95 20
21 96 4
21 97 2
21 98 16
21 99 12
22 23 5
22 24 17
22 25 11
22 26 13
22 27 13
22 28 1
22 29 12
22 30 9
22 31 10
22 32 15
22 33 4
22 34 15
22 35 5
22 36 4
22 37 18
22 38 6
22 39 2
22 40 13
22 41 8
22 42 3
22 43 10
22 44 1
22 45 6
22 46 20
22 47 18
22 48 3
22 49 9
22 50 2
22 51 4
22 52 13
22 53 8
22 54 16
22 55 15
22 56 1
22 57 7
22 58 7
22 59 20
22 60 11
22 61 2
22 62 12
22 63 14
22 64 10
22 65 8
22 66 14
22 67 3
22 68 7
22 69 16
22 70 10
22 71 9
22 72 4
22 73 3
22 74 12
22 75 1
22 76 11
22 77 2
22 78 11
22 79 14
22 80 10
22 81 1
22 82 6
22 83 14
22 84 3
22 85 19
22 86 9
22 87 19
22 88 10
22 89 2
22 90 14
22 91 16
22 92 10
22 93 16
22 94 19
22 95 10
22 96 16
22 97 11
22 98 11
22 99 17
23 24 1
23 25 9
23 26 13
23 27 8
23 28 14
23 29 19
23 30 2
23 31 6
23 32 7
23 33 11
23 34 10
23 35 14
23 36 7
23 37 1
23 38 5
23 39 15
23 40 3
23 41 18
23 42 1
23 43 15
23 44 5
23 45 7
23 46 2
23 47 15
23 48 19
23 49 1
23 50 16
23 51 16
23 52 11
23 53 12
23 54 2
23 55 19
23 56 17
23 57 10
23 58 4
23 59 18
23 60 14
23 61 2
23 62 13
23 63 15
23 64 8
23 65 20
23 66 17
23 67 17
23 68 5
23 69 12
23 70 14
23 71 8
23 72 12
23 73 11
23 74 4
23 75 3
23 76 3
23 77 3
23 78 8
23 79 1
23 80 16
23 81 6
23 82 3
23 83 4
23 84 12
23 85 6
23 86 15
23 87 2
23 88 11
23 89 19
23 90 2
23 91 13
23 92 16
23 93 6
23 94 10
23 95 1
23 96 7
23 97 18
23 98 10
23 99 20
24 25 10
24 26 4
24 27 8
24 28 10
24 29 18
24 30 14
24 31 9
24 32 4
24 33 9
24 34 4
24 35 1
24 36 5
24 37 16
24 38 14
24 39 3
24 40 20
24 41 20
24 42 8
24 43 8
24 44 4
24 45 16
24 46 3
24 47 15
24 48 10
24 49 12
24 50 19
24 51 7
24 52 12
24 53 17
24 54 19
24 55 19
24 56 2
24 57 18
24 58 18
24 59 20
24 60 18
24 61 19
24 62 18
24 63 20
24 64 13
24 65 17
24 66 19
24 67 16
24 68 19
24 69 12
24 70 2
24 71 4
24 72 20
24 73 3
24 74 11
24 75 10
24 76 10
24 77 6
24 78 1
24 79 1
24 80 3
24 81 12
24 82 10
24 83 5
24 84 18
24 85 16
24 86 4
24 87 17
24 88 1
24 89 12
24 90 6
24 91 13
24 92 3
24 93 8
24 94 3
24 95 2
24 96 9
24 97 13
24 98 1
24 99 12
25 26 9
25 27 2
25 28 19
25 29 18
25 30 9
25 31 6
25 32 18
25 33 14
25 34 14
25 35 6
25 36 17
25 37 12
25 38 17
25 39 2
25 40 13
25 41 14
25 42 16
25 43 14
25 44 1
25 45 1
25 46 14
25 47 17
25 48 19
25 49 9
25 50 3
25 51 14
25 52 3
25 53 8
25 54 11
25 55 16
25 56 10
25 57 7
25 58 17
25 59 2
25 60 5
25 61 13
25 62 12
25 63 17
25 64 2
25 65 20
25 66 20
25 67 17
25 68 1
25 69 1
25 70 12
25 71 11
25 72 19
25 73 15
25 74 14
25 75 5
25 76 17
25 77 3
25 78 5
25 79 6
25 80 16
25 81 3
25 82 13
25 83 3
25 84 3
25 85 2
25 86 18
25 87 9
25 88 15
25 89 18
25 90 11
25 91 15
25 92 16
25 93 10
25 94 4
25 95 5
25 96 8
25 97 7
25 98 4
25 99 20
26 27 1
26 28 8
26 29 7
26 30 19
26 31 14
26 32 19
26 33 2
26 34 15
26 35 13
26 36 1
26 37 20
26 38 15
26 39 6
26 40 19
26 41 13
26 42 8
26 43 20
26 44 16
26 45 6
26 46 13
26 47 4
26 48 12
26 49 12
26 50 2
26 51 7
26 52 15
26 53 2
26 54 14
26 55 9
26 56 12
26 57 6
26 58 10
26 59 12
26 60 18
26 61 10
26 62 17
26 63 14
26 64 8
26 65 5
26 66 7
26 67 6
26 68 16
26 69 7
26 70 18
26 71 3
26 72 12
26 73 20
26 74 20
26 75 16
26 76 13
26 77 7
26 78 4
26 79 6
26 80 14
26 81 1
26 82 17
26 83 3
26 84 8
26 85 6
26 86 3
26 87 5
26 88 13
26 89 19
26 90 10
26 91 19
26 92 2
26 93 4
26 94 13
26 95 5
26 96 19
26 97 19
26 98 10
26 99 15
27 28 8
27 29 9
27 30 16
27 31 20
27 32 17
27 33 17
27 34 19
27 35 11
27 36 15
27 37 11
27 38 16
27 39 5
27 40 19
27 41 20
27 42 17
27 43 14
27 44 20
27 45 13
27 46 20
27 47 10
27 48 16
27 49 9
27 50 12
27 51 14
27 52 2
27 53 9
27 54 5
27 55 18
27 56 14
27 57 1
27 58 12
27 59 11
27 60 1
27 61 12
27 62 5
27 63 5
27 64 6
27 65 9
27 66 19
27 67 5
27 68 1
27 69 19
27 70 11
27 71 15
27 72 15
27 73 1
27 74 18
27 75 1
27 76 16
27 77 1
27 78 6
27 79 14
27 80 13
27 81 8
27 82 17
27 83 8
27 84 20
27 85 17
27 86 13
27 87 14
27 88 2
27 89 11
27 90 5
27 91 7
27 92 17
27 93 5
27 94 14
27 95 14
27 96 2
27 97 16
27 98 4
27 99 7
28 29 6
28 30 11
28 31 15
28 32 4
28 33 17
28 34 18
28 35 20
28 36 20
28 37 14
28 38 4
28 39 10
28 40 16
28 41 11
28 42 10
28 43 15
28 44 7
28 45 13
28 46 9
28 47 19
28 48 4
28 49 13
28 50 19
28 51 17
28 52 10
28 53 12
28 54 14
28 55 5
28 56 9
28 57 12
28 58 6
28 59 1
28 60 10
28 61 19
28 62 5
28 63 4
28 64 5
28 65 17
28 66 10
28 67 1
28 68 15
28 69 13
28 70 12
28 71 1
28 72 6
28 73 4
28 74 17
28 75 16
28 76 8
28 77 17
28 78 6
28 79 19
28 80 15
28 81 12
28 82 10
28 83 13
28 84 10
28 85 11
28 86 4
28 87 6
28 88 2
28 89 7
28 90 19
28 91 9
28 92 15
28 93 6
28 94 7
28 95 12
28 96 9
28 97 9
28 98 6
28 99 17
29 30 2
29 31 8
29 32 13
29 33 9
29 34 5
29 35 5
29 36 15
29 37 18
29 38 9
29 39 5
29 40 8
29 41 13
29 42 19
29 43 12
29 44 20
29 45 16
29 46 15
29 47 8
29 48 11
29 49 3
29 50 14
29 51 2
29 52 18
29 53 14
29 54 9
29 55 13
29 56 1
29 57 11
29 58 15
29 59 17
29 60 7
29 61 7
29 62 1
29 63 18
29 64 16
29 65 15
29 66 18
29 67 16
29 68 8
29 69 12
29 70 1
29 71 11
29 72 1
29 73 5
29 74 3
29 75 2
29 76 13
29 77 18
29 78 12
29 79 3
29 80 16
29 81 18
29 82 19
29 83 7
29 84 13
29 85 15
29 86 1
29 87 2
29 88 4
29 89 3
29 90 13
29 91 7
29 92 4
29 93 7
29 94 11
29 95 2
29 96 8
29 97 20
29 98 12
29 99 14
30 31 9
30 32 17
30 33 18
30 34 7
30 35 13
30 36 12
30 37 10
30 38 11
30 39 16
30 40 15
30 41 4
30 42 6
30 43 5
30 44 19
30 45 14
30 46 10
30 47 10
30 48 1
30 49 7
30 50 7
30 51 7
30 52 18
30 53 11
30 54 15
30 55 19
30 56 16
30 57 9
30 58 12
30 59 2
30 60 10
30 61 7
30 62 4
30 63 12
30 64 19
30 65 10
30 66 20
30 67 6
30 68 12
30 69 12
30 70 1
30 71 19
30 72 1
30 73 19
30 74 16
30 75 12
30 76 8
30 77 2
30 78 16
30 79 15
30 80 3
30 81 8
30 82 4
30 83 19
30 84 16
30 85 14
30 86 11
30 87 4
30 88 3
30 89 17
30 90 4
30 91 6
30 92 4
30 93 2
30 94 11
30 95 20
30 96 13
30 97 11
30 98 18
30 99 13
31 32 1
31 33 15
31 34 15
31 35 8
31 36 10
31 37 6
31 38 18
31 39 9
31 40 17
31 41 8
31 42 17
31 43 16
31 44 17
31 45 5
31 46 13
31 47 7
31 48 20
31 49 8
31 50 15
31 51 6
31 52 18
31 53 3
31 54 18
31 55 5
31 56 1
31 57 13
31 58 2
31 59 6
31 60 9
31 61 15
31 62 1
31 63 11
31 64 2
31 65 2
31 66 20
31 67 5
31 68 10
31 69 16
31 70 9
31 71 16
31 72 16
31 73 16
31 74 3
31 75 12
31 76 5
31 77 15
31 78 16
31 79 11
31 80 6
31 81 10
31 82 16
31 83 6
31 84 9
31 85 12
31 86 11
31 87 7
31 88 10
31 89 1
31 90 6
31 91 18
31 92 14
31 93 17
31 94 20
31 95 13
31 96 13
31 97 10
31 98 18
31 99 19
32 33 20
32 34 7
32 35 14
32 36 1
32 37 20
32 38 1
32 39 4
32 40 14
32 41 1
32 42 17
32 43 17
32 44 2
32 45 5
32 46 10
32 47 4
32 48 9
32 49 7
32 50 17
32 51 7
32 52 20
32 53 11
32 54 18
32 55 13
32 56 4
32 57 8
32 58 1
32 59 16
32 60 2
32 61 4
32 62 20
32 63 19
32 64 13
32 65 6
32 66 17
32 67 20
32 68 6
32 69 13
32 70 7
32 71 12
32 72 9
32 73 15
32 74 13
32 75 19
32 76 7
32 77 4
32 78 9
32 79 3
32 80 14
32 81 20
32 82 2
32 83 17
32 84 16
32 85 11
32 86 20
32 87 12
32 88 11
32 89 13
32 90 4
32 91 9
32 92 18
32 93 4
32 94 18
32 95 8
32 96 15
32 97 14
32 98 2
32 99 13
33 34 20
33 35 11
33 36 16
33 37 3
33 38 19
33 39 13
33 40 5
33 41 17
33 42 7
33 43 11
33 44 13
33 45 1
33 46 3
33 47 2
33 48 4
33 49 13
33 50 3
33 51 20
33 52 15
33 53 19
33 54 1
33 55 17
33 56 7
33 57 5
33 58 9
33 59 12
33 60 18
33 61 2
33 62 20
33 63 15
33 64 17
33 65 2
33 66 14
33 67 13
33 68 6
33 69 20
33 70 6
33 71 13
33 72 11
33 73 17
33 74 2
33 75 18
33 76 13
33 77 11
33 78 6
33 79 13
33 80 19
33 81 13
33 82 14
33 83 16
33 84 2
33 85 17
33 86 5
33 87 18
33 88 1
33 89 13
33 90 8
33 91 18
33 92 20
33 93 11
33 94 20
33 95 1
33 96 9
33 97 13
33 98 16
33 99 14
34 35 3
34 36 6
34 37 9
34 38 18
34 39 6
34 40 3
34 41 10
34 42 9
34 43 1
34 44 14
34 45 4
34 46 4
34 47 10
34 48 17
34 49 16
34 50 8
34 51 11
34 52 5
34 53 1
34 54 1
34 55 9
34 56 13
34 57 8
34 58 5
34 59 17
34 60 13
34 61 17
34 62 2
34 63 11
34 64 2
34 65 18
34 66 3
34 67 13
34 68 10
34 69 2
34 70 8
34 71 8
34 72 10
34 73 9
34 74 4
34 75 20
34 76 8
34 77 3
34 78 19
34 79 5
34 80 6
34 81 16
34 82 2
34 83 18
34 84 3
34 85 6
34 86 4
34 87 18
34 88 20
34 89 15
34 90 8
34 91 12
34 92 18
34 93 8
34 94 12
34 95 16
34 96 10
34 97 15
34 98 5
34 99 15
35 36 4
35 37 8
35 38 1
35 39 10
35 40 1
35 41 6
35 42 14
35 43 11
35 44 1
35 45 16
35 46 2
35 47 13
35 48 1
35 49 10
35 50 19
35 51 4
35 52 2
35 53 11
35 54 19
35 55 16
35 56 9
35 57 13
35 58 3
35 59 6
35 60 20
35 61 1
35 62 12
35 63 15
35 64 4
35 65 13
35 66 2
35 67 3
35 68 11
35 69 5
35 70 3
35 71 13
35 72 4
35 73 19
35 74 2
35 75 10
35 76 17
35 77 20
35 78 17
35 79 11
35 80 8
35 81 1
35 82 9
35 83 15
35 84 16
35 85 14
35 86 12
35 87 5
35 88 11
35 89 18
35 90 2
35 91 16
35 92 17
35 93 13
35 94 9
35 95 19
35 96 20
35 97 15
35 98 7
35 99 13
36 37 2
36 38 16
36 39 10
36 40 17
36 41 13
36 42 2
36 43 18
36 44 14
36 45 16
36 46 7
36 47 2
36 48 16
36 49 5
36 50 15
36 51 12
36 52 11
36 53 1
36 54 17
36 55 16
36 56 13
36 57 18
36 58 9
36 59 20
36 60 15
36 61 3
36 62 2
36 63 1
36 64 10
36 65 8
36 66 14
36 67 20
36 68 8
36 69 19
36 70 9
36 71 3
36 72 19
36 73 12
36 74 9
36 75 15
36 76 17
36 77 9
36 78 14
36 79 7
36 80 10
36 81 19
36 82 2
36 83 11
36 84 1
36 85 4
36 86 9
36 87 9
36 88 17
36 89 4
36 90 11
36 91 9
36 92 10
36 93 3
36 94 4
36 95 20
36 96 14
36 97 2
36 98 9
36 99 18
37 38 13
37 39 19
37 40 6
37 41 7
37 42 8
37 43 9
37 44 10
37 45 12
37 46 20
37 47 11
37 48 8
37 49 9
37 50 7
37 51 7
37 52 1
37 53 3
37 54 16
37 55 12
37 56 1
37 57 5
37 58 17
37 59 13
37 60 17
37 61 7
37 62 18
37 63 19
37 64 3
37 65 2
37 66 6
37 67 12
37 68 14
37 69 13
37 70 17
37 71 14
37 72 17
37 73 1
37 74 7
37 75 18
37 76 2
37 77 18
37 78 11
37 79 12
37 80 6
37 81 12
37 82 10
37 83 16
37 84 9
37 85 6
37 86 12
37 87 19
37 88 2
37 89 15
37 90 6
37 91 7
37 92 9
37 93 9
37 94 3
37 95 14
37 96 15
37 97 12
37 98 16
37 99 11
38 39 12
38 40 4
38 41 20
38 42 19
38 43 3
38 44 19
38 45 18
38 46 8
38 47 2
38 48 19
38 49 18
38 50 9
38 51 13
38 52 10
38 53 12
38 54 5
38 55 1
38 56 4
38 57 5
38 58 5
38 59 5
38 60 6
38 61 6
38 62 3
38 63 17
38 64 8
38 65 7
38 66 13
38 67 4
38 68 12
38 69 16
38 70 18
38 71 13
38 72 13
38 73 3
38 74 11
38 75 19
38 76 12
38 77 18
38 78 2
38 79 2
38 80 15
38 81 15
38 82 12
38 83 13
38 84 5
38 85 5
38 86 4
38 87 17
38 88 9
38 89 5
38 90 16
38 91 8
38 92 20
38 93 11
38 94 1
38 95 12
38 96 5
38 97 14
38 98 9
38 99 8
39 40 16
39 41 18
39 42 15
39 43 5
39 44 4
39 45 7
39 46 11
39 47 5
39 48 12
39 49 7
39 50 1
39 51 7
39 52 10
39 53 15
39 54 7
39 55 12
39 56 12
39 57 6
39 58 1
39 59 15
39 60 16
39 61 10
39 62 19
39 63 8
39 64 1
39 65 6
39 66 10
39 67 17
39 68 1
39 69 1
39 70 18
39 71 19
39 72 4
39 73 10
39 74 4
39 75 4
39 76 19
39 77 14
39 78 13
39 79 17
39 80 13
39 81 15
39 82 6
39 83 20
39 84 6
39 85 2
39 86 15
39 87 8
39 88 1
39 89 10
39 90 15
39 91 12
39 92 8
39 93 8
39 94 18
39 95 15
39 96 10
39 97 20
39 98 3
39 99 15
40 41 6
40 42 14
40 43 10
40 44 5
40 45 4
40 46 5
40 47 6
40 48 11
40 49 20
40 50 1
40 51 7
40 52 9
40 53 3
40 54 8
40 55 10
40 56 17
40 57 17
40 58 4
40 59 7
40 60 18
40 61 13
40 62 5
40 63 6
40 64 11
40 65 18
40 66 12
40 67 18
40 68 2
40 69 9
40 70 7
40 71 3
40 72 16
40 73 18
40 74 9
40 75 5
40 76 18
40 77 2
40 78 1
40 79 4
40 80 19
40 81 16
40 82 10
40 83 1
40 84 19
40 85 17
40 86 1
40 87 3
40 88 13
40 89 15
40 90 6
40 91 20
40 92 15
40 93 6
40 94 6
40 95 19
40 96 2
40 97 18
40 98 20
40 99 17
41 42 5
41 43 14
41 44 19
41 45 11
41 46 16
41 47 4
41 48 1
41 49 5
41 50 5
41 51 5
41 52 15
41 53 5
41 54 3
41 55 5
41 56 1
41 57 12
41 58 15
41 59 8
41 60 9
41 61 5
41 62 9
41 63 18
41 64 8
41 65 8
41 66 15
41 67 20
41 68 11
41 69 12
41 70 16
41 71 7
41 72 15
41 73 10
41 74 5
41 75 8
41 76 12
41 77 10
41 78 5
41 79 15
41 80 12
41 81 10
41 82 3
41 83 8
41 84 9
41 85 14
41 86 15
41 87 14
41 88 5
41 89 9
41 90 19
41 91 5
41 92 19
41 93 7
41 94 16
41 95 8
41 96 14
41 97 11
41 98 12
41 99 4
42 43 2
42 44 15
42 45 7
42 46 9
42 47 12
42 48 5
42 49 10
42 50 7
42 51 13
42 52 13
42 53 5
42 54 2
42 55 5
42 56 16
42 57 18
42 58 3
42 59 20
42 60 7
42 61 13
42 62 20
42 63 17
42 64 18
42 65 4
42 66 2
42 67 14
42 68 9
42 69 8
42 70 9
42 71 5
42 72 15
42 73 19
42 74 10
42 75 12
42 76 1
42 77 19
42 78 7
42 79 18
42 80 18
42 81 14
42 82 5
42 83 9
42 84 9
42 85 12
42 86 15
42 87 20
42 88 15
42 89 13
42 90 15
42 91 1
42 92 13
42 93 18
42 94 9
42 95 11
42 96 12
42 97 8
42 98 10
42 99 16
43 44 20
43 45 12
43 46 19
43 47 8
43 48 3
43 49 1
43 50 14
43 51 5
43 52 7
43 53 5
43 54 14
43 55 6
43 56 1
43 57 16
43 58 12
43 59 7
43 60 7
43 61 8
43 62 15
43 63 17
43 64 10
43 65 10
43 66 2
43 67 7
43 68 1
43 69 1
43 70 6
43 71 1
43 72 15
43 73 7
43 74 7
43 75 20
43 76 7
43 77 3
43 78 6
43 79 5
43 80 7
43 81 7
43 82 17
43 83 8
43 84 19
43 85 16
43 86 16
43 87 10
43 88 19
43 89 14
43 90 11
43 91 15
43 92 5
43 93 13
43 94 9
43 95 10
43 96 17
43 97 9
43 98 3
43 99 3
44 45 19
44 46 20
44 47 16
44 48 7
44 49 5
44 50 20
44 51 11
44 52 20
44 53 5
44 54 6
44 55 14
44 56 6
44 57 12
44 58 8
44 59 11
44 60 7
44 61 10
44 62 12
44 63 5
44 64 20
44 65 8
44 66 9
44 67 8
44 68 20
44 69 2
44 70 11
44 71 15
44 72 10
44 73 12
44 74 12
44 75 2
44 76 20
44 77 5
44 78 15
44 79 14
44 80 19
44 81 17
44 82 11
44 83 20
44 84 1
44 85 3
44 86 20
44 87 7
44 88 7
44 89 14
44 90 20
44 91 3
44 92 12
44 93 15
44 94 18
44 95 5
44 96 2
44 97 3
44 98 19
44 99 13
45 46 15
45 47 4
45 48 3
45 49 19
45 50 19
45 51 16
45 52 3
45 53 8
45 54 16
45 55 16
45 56 16
45 57 4
45 58 3
45 59 6
45 60 5
45 61 6
45 62 18
45 63 8
45 64 1
45 65 6
45 66 18
45 67 4
45 68 3
45 69 6
45 70 19
45 71 10
45 72 16
45 73 20
45 74 5
45 75 18
45 76 20
45 77 6
45 78 17
45 79 3
45 80 13
45 81 11
45 82 13
45 83 10
45 84 20
45 85 10
45 86 9
45 87 2
45 88 3
45 89 8
45 90 14
45 91 9
45 92 16
45 93 8
45 94 6
45 95 3
45 96 4
45 97 3
45 98 16
45 99 8
46 47 1
46 48 19
46 49 1
46 50 4
46 51 18
46 52 5
46 53 20
46 54 3
46 55 11
46 56 11
46 57 13
46 58 10
46 59 1
46 60 9
46 61 8
46 62 19
46 63 14
46 64 5
46 65 8
46 66 18
46 67 15
46 68 19
46 69 11
46 70 8
46 71 5
46 72 13
46 73 4
46 74 2
46 75 3
46 76 14
46 77 14
46 78 20
46 79 8
46 80 11
46 81 7
46 82 12
46 83 18
46 84 10
46 85 4
46 86 3
46 87 13
46 88 8
46 89 16
46 90 3
46 91 3
46 92 15
46 93 19
46 94 14
46 95 17
46 96 8
46 97 5
46 98 20
46 99 20
47 48 4
47 49 5
47 50 17
47 51 3
47 52 3
47 53 9
47 54 8
47 55 4
47 56 5
47 57 7
47 58 20
47 59 8
47 60 17
47 61 16
47 62 17
47 63 13
47 64 13
47 65 5
47 66 18
47 67 8
47 68 1
47 69 3
47 70 16
47 71 12
47 72 13
47 73 1
47 74 5
47 75 5
47 76 9
47 77 1
47 78 11
47 79 2
47 80 14
47 81 17
47 82 10
47 83 13
47 84 17
47 85 2
47 86 14
47 87 19
47 88 5
47 89 1
47 90 13
47 91 7
47 92 6
47 93 19
47 94 7
47 95 2
47 96 9
47 97 5
47 98 8
47 99 14
48 49 20
48 50 6
48 51 13
48 52 2
48 53 5
48 54 4
48 55 10
48 56 17
48 57 17
48 58 2
48 59 14
48 60 2
48 61 16
48 62 7
48 63 6
48 64 12
48 65 16
48 66 14
48 67 20
48 68 17
48 69 12
48 70 1
48 71 19
48 72 1
48 73 11
48 74 8
48 75 8
48 76 18
48 77 1
48 78 3
48 79 14
48 80 6
48 81 11
48 82 13
48 83 5
48 84 10
48 85 15
48 86 1
48 87 4
48 88 11
48 89 6
48 90 9
48 91 5
48 92 15
48 93 6
48 94 20
48 95 20
48 96 4
48 97 14
48 98 3
48 99 14
49 50 8
49 51 8
49 52 1
49 53 20
49 54 13
49 55 10
49 56 7
49 57 18
49 58 1
49 59 4
49 60 2
49 61 2
49 62 9
49 63 7
49 64 14
49 65 3
49 66 16
49 67 5
49 68 4
49 69 15
49 70 17
49 71 16
49 72 5
49 73 18
49 74 4
49 75 14
49 76 11
49 77 19
49 78 7
49 79 19
49 80 13
49 81 2
49 82 12
49 83 3
49 84 9
49 85 13
49 86 1
49 87 13
49 88 11
49 89 17
49 90 19
49 91 5
49 92 6
49 93 14
49 94 12
49 95 15
49 96 12
49 97 16
49 98 6
49 99 6
50 51 16
50 52 9
50 53 12
50 54 17
50 55 14
50 56 5
50 57 3
50 58 11
50 59 2
50 60 13
50 61 7
50 62 6
50 63 19
50 64 6
50 65 5
50 66 6
50 67 9
50 68 3
50 69 12
50 70 16
50 71 7
50 72 18
50 73 17
50 74 19
50 75 15
50 76 2
50 77 15
50 78 12
50 79 3
50 80 17
50 81 15
50 82 1
50 83 10
50 84 17
50 85 19
50 86 15
50 87 15
50 88 8
50 89 12
50 90 8
50 91 4
50 92 11
50 93 20
50 94 5
50 95 19
50 96 4
50 97 15
50 98 3
50 99 2
51 52 8
51 53 8
51 54 11
51 55 15
51 56 8
51 57 17
51 58 3
51 59 5
51 60 8
51 61 13
51 62 20
51 63 13
51 64 13
51 65 18
51 66 6
51 67 11
51 68 1
51 69 5
51 70 16
51 71 9
51 72 8
51 73 9
51 74 20
51 75 9
51 76 17
51 77 19
51 78 18
51 79 9
51 80 10
51 81 15
51 82 18
51 83 7
51 84 1
51 85 7
51 86 4
51 87 8
51 88 3
51 89 3
51 90 4
51 91 4
51 92 16
51 93 12
51 94 4
51 95 12
51 96 8
51 97 20
51 98 17
51 99 2
52 53 3
52 54 12
52 55 13
52 56 16
52 57 4
52 58 6
52 59 5
52 60 13
52 61 9
52 62 18
52 63 8
52 64 19
52 65 14
52 66 17
52 67 6
52 68 19
52 69 5
52 70 11
52 71 4
52 72 11
52 73 14
52 74 16
52 75 18
52 76 4
52 77 19
52 78 3
52 79 13
52 80 6
52 81 2
52 82 15
52 83 17
52 84 17
52 85 18
52 86 20
52 87 6
52 88 16
52 89 16
52 90 11
52 91 17
52 92 3
52 93 7
52 94 7
52 95 17
52 96 2
52 97 9
52 98 9
52 99 17
53 54 16
53 55 18
53 56 15
53 57 15
53 58 17
53 59 17
53 60 8
53 61 11
53 62 16
53 63 14
53 64 4
53 65 17
53 66 10
53 67 11
53 68 6
53 69 14
53 70 20
53 71 4
53 72 3
53 73 19
53 74 18
53 75 11
53 76 13
53 77 10
53 78 14
53 79 3
53 80 11
53 81 11
53 82 20
53 83 19
53 84 8
53 85 5
53 86 16
53 87 3
53 88 11
53 89 2
53 90 16
53 91 12
53 92 17
53 93 5
53 94 16
53 95 17
53 96 18
53 97 4
53 98 9
53 99 20
54 55 3
54 56 17
54 57 20
54 58 15
54 59 8
54 60 5
54 61 12
54 62 17
54 63 18
54 64 15
54 65 3
54 66 11
54 67 8
54 68 16
54 69 15
54 70 15
54 71 13
54 72 13
54 73 1
54 74 18
54 75 6
54 76 15
54 77 7
54 78 9
54 79 17
54 80 17
54 81 12
54 82 20
54 83 17
54 84 11
54 85 3
54 86 11
54 87 17
54 88 4
54 89 9
54 90 15
54 91 4
54 92 2
54 93 14
54 94 6
54 95 6
54 96 11
54 97 10
54 98 1
54 99 16
55 56 2
55 57 2
55 58 14
55 59 18
55 60 6
55 61 6
55 62 17
55 63 16
55 64 12
55 65 6
55 66 20
55 67 11
55 68 4
55 69 17
55 70 1
55 71 7
55 72 8
55 73 11
55 74 10
55 75 4
55 76 16
55 77 10
55 78 20
55 79 13
55 80 10
55 81 13
55 82 16
55 83 17
55 84 5
55 85 10
55 86 1
55 87 2
55 88 2
55 89 7
55 90 15
55 91 16
55 92 2
55 93 15
55 94 14
55 95 8
55 96 11
55 97 16
55 98 3
55 99 16
56 57 9
56 58 4
56 59 1
56 60 11
56 61 3
56 62 8
56 63 5
56 64 3
56 65 12
56 66 6
56 67 1
56 68 1
56 69 6
56 70 6
56 71 13
56 72 13
56 73 20
56 74 3
56 75 9
56 76 5
56 77 12
56 78 19
56 79 6
56 80 16
56 81 10
56 82 12
56 83 15
56 84 5
56 85 1
56 86 4
56 87 7
56 88 4
56 89 20
56 90 20
56 91 10
56 92 4
56 93 5
56 94 5
56 95 2
56 96 4
56 97 15
56 98 12
56 99 1
57 58 2
57 59 12
57 60 13
57 61 10
57 62 10
57 63 10
57 64 15
57 65 20
57 66 6
57 67 20
57 68 12
57 69 2
57 70 9
57 71 18
57 72 8
57 73 12
57 74 5
57 75 18
57 76 6
57 77 3
57 78 14
57 79 2
57 80 2
57 81 4
57 82 18
57 83 17
57 84 2
57 85 19
57 86 10
57 87 11
57 88 17
57 89 19
57 90 6
57 91 3
57 92 11
57 93 10
57 94 20
57 95 15
57 96 16
57 97 14
57 98 8
57 99 9
58 59 19
58 60 15
58 61 14
58 62 1
58 63 8
58 64 13
58 65 3
58 66 18
58 67 14
58 68 11
58 69 6
58 70 1
58 71 10
58 72 20
58 73 4
58 74 20
58 75 12
58 76 11
58 77 10
58 78 11
58 79 10
58 80 13
58 81 10
58 82 15
58 83 13
58 84 14
58 85 19
58 86 19
58 87 15
58 88 10
58 89 20
58 90 6
58 91 1
58 92 17
58 93 6
58 94 14
58 95 14
58 96 18
58 97 2
58 98 9
58 99 2
59 60 18
59 61 12
59 62 14
59 63 2
59 64 6
59 65 9
59 66 7
59 67 5
59 68 6
59 69 4
59 70 8
59 71 18
59 72 4
59 73 8
59 74 6
59 75 10
59 76 2
59 77 11
59 78 11
59 79 6
59 80 12
59 81 10
59 82 14
59 83 8
59 84 4
59 85 14
59 86 19
59 87 17
59 88 6
59 89 16
59 90 9
59 91 14
59 92 3
59 93 11
59 94 13
59 95 7
59 96 4
59 97 3
59 98 8
59 99 14
60 61 18
60 62 4
60 63 3
60 64 13
60 65 10
60 66 20
60 67 3
60 68 14
60 69 19
60 70 8
60 71 18
60 72 12
60 73 2
60 74 2
60 75 10
60 76 8
60 77 9
60 78 12
60 79 6
60 80 10
60 81 16
60 82 18
60 83 8
60 84 19
60 85 3
60 86 18
60 87 20
60 88 5
60 89 14
60 90 3
60 91 5
60 92 12
60 93 17
60 94 12
60 95 9
60 96 20
60 97 20
60 98 4
60 99 1
61 62 13
61 63 11
61 64 17
61 65 17
61 66 7
61 67 5
61 68 3
61 69 14
61 70 13
61 71 9
61 72 17
61 73 13
61 74 2
61 75 11
61 76 16
61 77 18
61 78 18
61 79 9
61 80 20
61 81 13
61 82 4
61 83 9
61 84 7
61 85 5
61 86 13
61 87 9
61 88 10
61 89 18
61 90 14
61 91 16
61 92 6
61 93 3
61 94 6
61 95 15
61 96 1
61 97 18
61 98 2
61 99 20
62 63 3
62 64 6
62 65 11
62 66 7
62 67 7
62 68 7
62 69 4
62 70 2
62 71 5
62 72 16
62 73 18
62 74 9
62 75 8
62 76 12
62 77 13
62 78 5
62 79 1
62 80 10
62 81 15
62 82 7
62 83 14
62 84 1
62 85 19
62 86 16
62 87 2
62 88 6
62 89 12
62 90 16
62 91 19
62 92 11
62 93 4
62 94 8
62 95 2
62 96 1
62 97 3
62 98 8
62 99 4
63 64 14
63 65 17
63 66 3
63 67 5
63 68 10
63 69 16
63 70 9
63 71 9
63 72 19
63 73 2
63 74 4
63 75 13
63 76 13
63 77 19
63 78 8
63 79 18
63 80 6
63 81 15
63 82 11
63 83 14
63 84 13
63 85 3
63 86 4
63 87 4
63 88 12
63 89 12
63 90 12
63 91 8
63 92 2
63 93 13
63 94 8
63 95 5
63 96 17
63 97 20
63 98 6
63 99 11
64 65 16
64 66 6
64 67 4
64 68 7
64 69 1
64 70 15
64 71 4
64 72 11
64 73 17
64 74 2
64 75 12
64 76 13
64 77 9
64 78 19
64 79 6
64 80 8
64 81 17
64 82 18
64 83 18
64 84 11
64 85 1
64 86 4
64 87 8
64 88 18
64 89 19
64 90 8
64 91 10
64 92 7
64 93 2
64 94 20
64 95 19
64 96 16
64 97 6
64 98 2
64 99 5
65 66 13
65 67 15
65 68 11
65 69 1
65 70 19
65 71 1
65 72 14
65 73 14
65 74 10
65 75 17
65 76 1
65 77 12
65 78 16
65 79 20
65 80 4
65 81 2
65 82 7
65 83 2
65 84 17
65 85 19
65 86 6
65 87 14
65 88 11
65 89 7
65 90 20
65 91 13
65 92 9
65 93 16
65 94 8
65 95 11
65 96 2
65 97 7
65 98 16
65 99 3
66 67 16
66 68 6
66 69 1
66 70 1
66 71 6
66 72 5
66 73 19
66 74 19
66 75 10
66 76 15
66 77 4
66 78 1
66 79 8
66 80 13
66 81 11
66 82 18
66 83 17
66 84 6
66 85 8
66 86 17
66 87 20
66 88 15
66 89 13
66 90 18
66 91 1
66 92 6
66 93 1
66 94 16
66 95 10
66 96 17
66 97 5
66 98 8
66 99 6
67 68 12
67 69 12
67 70 3
67 71 10
67 72 9
67 73 4
67 74 13
67 75 16
67 76 15
67 77 10
67 78 2
67 79 7
67 80 10
67 81 15
67 82 19
67 83 18
67 84 11
67 85 7
67 86 2
67 87 8
67 88 12
67 89 13
67 90 8
67 91 9
67 92 8
67 93 20
67 94 1
67 95 14
67 96 18
67 97 4
67 98 3
67 99 11
68 69 4
68 70 16
68 71 15
68 72 10
68 73 2
68 74 6
68 75 10
68 76 13
68 77 14
68 78 7
68 79 2
68 80 1
68 81 7
68 82 9
68 83 11
68 84 13
68 85 3
68 86 7
68 87 15
68 88 12
68 89 2
68 90 2
68 91 18
68 92 7
68 93 8
68 94 1
68 95 16
68 96 12
68 97 20
68 98 13
68 99 7
69 70 18
69 71 11
69 72 14
69 73 10
69 74 13
69 75 18
69 76 10
69 77 10
69 78 20
69 79 4
69 80 7
69 81 5
69 82 10
69 83 19
69 84 9
69 85 7
69 86 18
69 87 20
69 88 5
69 89 20
69 90 19
69 91 2
69 92 19
69 93 10
69 94 6
69 95 6
69 96 7
69 97 3
69 98 9
69 99 13
70 71 8
70 72 6
70 73 18
70 74 5
70 75 3
70 76 19
70 77 6
70 78 16
70 79 15
70 80 7
70 81 18
70 82 11
70 83 18
70 84 19
70 85 1
70 86 18
70 87 9
70 88 5
70 89 20
70 90 15
70 91 2
70 92 11
70 93 13
70 94 18
70 95 10
70 96 7
70 97 19
70 98 5
70 99 4
71 72 19
71 73 20
71 74 18
71 75 9
71 76 2
71 77 13
71 78 6
71 79 5
71 80 13
71 81 16
71 82 5
71 83 17
71 84 5
71 85 20
71 86 15
71 87 8
71 88 7
71 89 8
71 90 3
71 91 10
71 92 5
71 93 9
71 94 6
71 95 20
71 96 16
71 97 17
71 98 1
71 99 15
72 73 19
72 74 3
72 75 16
72 76 19
72 77 7
72 78 17
72 79 8
72 80 16
72 81 7
72 82 17
72 83 12
72 84 7
72 85 1
72 86 9
72 87 17
72 88 10
72 89 2
72 90 1
72 91 15
72 92 16
72 93 12
72 94 14
72 95 1
72 96 5
72 97 2
72 98 6
72 99 9
73 74 2
73 75 18
73 76 9
73 77 10
73 78 10
73 79 8
73 80 1
73 81 4
73 82 4
73 83 1
73 84 17
73 85 11
73 86 19
73 87 20
73 88 5
73 89 16
73 90 15
73 91 20
73 92 4
73 93 13
73 94 20
73 95 2
73 96 10
73 97 9
73 98 10
73 99 6
74 75 12
74 76 13
74 77 16
74 78 13
74 79 11
74 80 16
74 81 12
74 82 1
74 83 1
74 84 3
74 85 12
74 86 5
74 87 1
74 88 17
74 89 7
74 90 1
74 91 12
74 92 7
74 93 9
74 94 6
74 95 4
74 96 10
74 97 17
74 98 2
74 99 15
75 76 7
75 77 4
75 78 20
75 79 15
75 80 15
75 81 16
75 82 9
75 83 14
75 84 12
75 85 14
75 86 3
75 87 18
75 88 11
75 89 10
75 90 9
75 91 12
75 92 6
75 93 17
75 94 15
75 95 9
75 96 6
75 97 4
75 98 4
75 99 6
76 77 8
76 78 13
76 79 19
76 80 20
76 81 4
76 82 9
76 83 4
76 84 14
76 85 12
76 86 3
76 87 18
76 88 11
76 89 17
76 90 5
76 91 10
76 92 16
76 93 8
76 94 10
76 95 1
76 96 6
76 97 8
76 98 15
76 99 17
77 78 20
77 79 9
77 80 2
77 81 7
77 82 14
77 83 19
77 84 1
77 85 7
77 86 1
77 87 9
77 88 1
77 89 15
77 90 11
77 91 12
77 92 7
77 93 15
77 94 11
77 95 12
77 96 2
77 97 6
77 98 7
77 99 12
78 79 16
78 80 4
78 81 8
78 82 5
78 83 4
78 84 12
78 85 19
78 86 13
78 87 18
78 88 15
78 89 16
78 90 6
78 91 19
78 92 9
78 93 15
78 94 6
78 95 11
78 96 18
78 97 2
78 98 14
78 99 20
79 80 5
79 81 2
79 82 8
79 83 14
79 84 5
79 85 13
79 86 18
79 87 11
79 88 9
79 89 4
79 90 9
79 91 5
79 92 6
79 93 20
79 94 1
79 95 4
79 96 17
79 97 4
79 98 10
79 99 12
80 81 19
80 82 7
80 83 15
80 84 12
80 85 17
80 86 4
80 87 4
80 88 5
80 89 17
80 90 1
80 91 20
80 92 1
80 93 7
80 94 9
80 95 1
80 96 15
80 97 15
80 98 1
80 99 5
81 82 14
81 83 19
81 84 14
81 85 13
81 86 8
81 87 13
81 88 3
81 89 4
81 90 11
81 91 4
81 92 1
81 93 18
81 94 20
81 95 17
81 96 12
81 97 17
81 98 11
81 99 4
82 83 11
82 84 16
82 85 9
82 86 8
82 87 15
82 88 10
82 89 8
82 90 13
82 91 13
82 92 1
82 93 10
82 94 12
82 95 18
82 96 2
82 97 9
82 98 7
82 99 16
83 84 11
83 85 8
83 86 9
83 87 9
83 88 8
83 89 12
83 90 4
83 91 17
83 92 10
83 93 9
83 94 8
83 95 1
83 96 13
83 97 5
83 98 15
83 99 13
84 85 20
84 86 6
84 87 10
84 88 15
84 89 12
84 90 2
84 91 15
84 92 5
84 93 9
84 94 4
84 95 15
84 96 1
84 97 13
84 98 15
84 99 1
85 86 11
85 87 4
85 88 3
85 89 18
85 90 7
85 91 19
85 92 19
85 93 17
85 94 10
85 95 15
85 96 8
85 97 13
85 98 6
85 99 11
86 87 7
86 88 10
86 89 16
86 90 15
86 91 4
86 92 3
86 93 6
86 94 20
86 95 5
86 96 1
86 97 15
86 98 19
86 99 20
87 88 19
87 89 3
87 90 4
87 91 3
87 92 14
87 93 5
87 94 4
87 95 13
87 96 3
87 97 18
87 98 19
87 99 6
88 89 5
88 90 4
88 91 4
88 92 16
88 93 9
88 94 1
88 95 6
88 96 3
88 97 9
88 98 7
88 99 5
89 90 10
89 91 4
89 92 7
89 93 10
89 94 10
89 95 1
89 96 12
89 97 18
89 98 13
89 99 19
90 91 13
90 92 10
90 93 13
90 94 14
90 95 19
90 96 15
90 97 5
90 98 13
90 99 3
91 92 5
91 93 10
91 94 3
91 95 15
91 96 9
91 97 19
91 98 3
91 99 7
92 93 16
92 94 1
92 95 4
92 96 15
92 97 5
92 98 4
92 99 17
93 94 9
93 95 17
93 96 3
93 97 12
93 98 13
93 99 2
94 95 15
94 96 19
94 97 16
94 98 16
94 99 5
95 96 9
95 97 16
95 98 2
95 99 15
96 97 16
96 98 20
96 99 6
97 98 4
97 99 15
98 99 18
