938 50 7 0
0 3 1
0 4 14
0 7 7
0 8 8
0 9 16
0 10 16
0 12 9
0 13 1
0 14 7
0 15 8
0 16 12
0 17 10
0 18 13
0 19 1
0 20 19
0 21 10
0 22 17
0 27 19
0 28 14
0 29 9
0 30 5
0 31 11
0 32 20
0 34 11
0 35 13
0 36 18
0 37 5
0 38 13
0 42 4
0 44 16
0 45 16
0 46 1
0 47 13
0 49 18
1 2 5
1 3 5
1 4 3
1 5 8
1 6 2
1 7 11
1 8 19
1 9 16
1 11 12
1 13 6
1 15 5
1 17 20
1 18 18
1 19 8
1 22 15
1 23 11
1 24 8
1 25 1
1 27 16
1 28 8
1 30 4
1 31 4
1 32 1
1 34 1
1 36 7
1 38 10
1 39 6
1 40 9
1 41 7
1 42 9
1 43 14
1 45 14
1 46 9
1 47 13
1 48 19
1 49 9
2 4 1
2 6 9
2 7 1
2 9 8
2 10 11
2 11 18
2 12 9
2 14 17
2 15 18
2 17 17
2 18 13
2 19 9
2 21 5
2 25 4
2 26 16
2 27 2
2 29 14
2 30 8
2 31 1
2 32 6
2 35 1
2 36 2
2 37 3
2 38 15
2 39 11
2 41 19
2 42 10
2 45 13
2 46 9
2 47 20
2 48 18
2 49 3
3 5 17
3 6 3
3 7 20
3 8 12
3 9 11
3 11 4
3 13 16
3 14 8
3 15 17
3 16 5
3 17 5
3 20 2
3 21 13
3 23 13
3 24 19
3 25 19
3 26 1
3 27 20
3 28 20
3 29 17
3 30 2
3 32 11
3 33 16
3 34 3
3 35 11
3 36 3
3 37 15
3 39 20
3 41 19
3 42 7
3 44 12
3 47 7
3 49 4
4 5 17
4 9 7
4 10 15
4 11 13
4 12 19
4 13 2
4 14 12
4 16 6
4 18 15
4 20 12
4 21 3
4 22 1
4 23 18
4 24 2
4 25 8
4 26 2
4 28 8
4 29 20
4 32 13
4 33 8
4 34 9
4 37 16
4 39 15
4 41 6
4 44 11
4 45 10
4 47 10
4 48 19
4 49 14
5 6 15
5 7 17
5 8 5
5 9 13
5 10 8
5 13 12
5 14 18
5 15 1
5 16 12
5 17 5
5 18 9
5 20 20
5 22 7
5 23 4
5 24 10
5 25 3
5 26 6
5 27 13
5 28 19
5 29 20
5 30 15
5 31 6
5 32 7
5 33 15
5 34 15
5 35 17
5 36 3
5 37 5
5 38 3
5 39 20
5 41 13
5 42 14
5 44 16
5 45 11
5 48 19
5 49 10
6 7 16
6 8 6
6 9 17
6 10 14
6 11 20
6 12 12
6 13 12
6 15 4
6 16 3
6 17 2
6 18 1
6 19 15
6 20 14
6 21 6
6 22 2
6 23 15
6 24 16
6 25 15
6 26 10
6 27 14
6 28 2
6 29 4
6 30 17
6 31 12
6 33 2
6 34 16
6 35 11
6 38 6
6 40 15
6 41 5
6 42 11
6 43 10
6 45 12
6 46 19
6 47 20
6 48 7
6 49 14
7 9 13
7 10 20
7 12 2
7 14 10
7 15 4
7 16 16
7 17 3
7 18 11
7 19 2
7 20 9
7 21 14
7 22 18
7 23 8
7 24 9
7 25 17
7 26 12
7 27 4
7 28 11
7 29 20
7 31 14
7 32 4
7 33 17
7 34 1
7 35 12
7 37 20
7 38 8
7 39 2
7 42 20
7 43 5
7 44 13
7 45 1
7 47 17
7 48 14
7 49 7
8 9 9
8 11 1
8 12 11
8 14 3
8 15 15
8 16 16
8 18 14
8 20 11
8 21 13
8 22 5
8 23 7
8 24 4
8 25 9
8 26 15
8 27 3
8 29 11
8 30 1
8 33 3
8 34 8
8 35 20
8 36 3
8 37 1
8 38 1
8 39 9
8 40 15
8 41 9
8 42 6
8 43 6
8 45 15
8 46 18
8 47 7
8 48 12
8 49 12
9 11 20
9 12 2
9 14 1
9 15 7
9 16 10
9 18 14
9 19 8
9 20 10
9 22 20
9 23 3
9 24 1
9 25 3
9 26 2
9 27 14
9 28 9
9 29 8
9 31 9
9 33 8
9 34 17
9 35 17
9 36 4
9 37 10
9 38 17
9 39 8
9 40 14
9 41 7
9 42 15
9 43 13
9 44 3
9 45 15
9 46 19
9 49 13
10 12 4
10 13 10
10 14 14
10 15 4
10 16 3
10 18 11
10 19 1
10 20 16
10 21 6
10 22 20
10 24 9
10 26 15
10 27 17
10 28 15
10 29 8
10 30 12
10 31 3
10 32 13
10 33 18
10 34 15
10 35 2
10 38 1
10 39 20
10 40 6
10 41 1
10 42 16
10 43 12
10 44 11
10 47 3
10 48 1
11 13 12
11 14 4
11 15 1
11 16 16
11 17 8
11 18 3
11 19 20
11 20 11
11 22 7
11 23 19
11 25 13
11 26 4
11 28 12
11 29 8
11 30 19
11 31 8
11 32 11
11 33 7
11 34 8
11 35 8
11 36 1
11 37 8
11 38 17
11 39 3
11 40 20
11 41 1
11 42 19
11 43 19
11 44 18
11 46 4
11 47 19
11 48 15
11 49 20
12 13 2
12 14 10
12 15 13
12 17 4
12 18 10
12 19 1
12 21 14
12 22 7
12 23 17
12 24 20
12 25 4
12 26 19
12 27 3
12 28 3
12 29 11
12 30 1
12 31 15
12 33 17
12 34 8
12 35 18
12 36 9
12 38 6
12 39 11
12 40 7
12 41 12
12 42 20
12 43 3
12 45 7
12 46 19
12 47 11
13 14 16
13 15 17
13 16 2
13 17 2
13 18 16
13 19 4
13 20 6
13 21 18
13 22 4
13 23 14
13 24 1
13 26 16
13 27 18
13 28 18
13 29 10
13 30 19
13 31 14
13 32 10
13 33 6
13 34 12
13 35 2
13 36 2
13 38 3
13 39 8
13 41 5
13 42 11
13 44 3
13 46 6
13 47 13
13 49 6
14 15 16
14 17 20
14 18 1
14 19 5
14 20 11
14 21 10
14 22 3
14 24 19
14 26 9
14 27 8
14 28 6
14 29 12
14 30 5
14 31 1
14 32 5
14 33 8
14 35 9
14 36 4
14 37 18
14 38 17
14 39 2
14 40 5
14 41 16
14 43 1
14 44 9
14 47 1
14 48 5
14 49 3
15 16 17
15 18 4
15 19 10
15 20 1
15 21 16
15 23 6
15 26 18
15 27 6
15 28 11
15 29 19
15 30 1
15 31 1
15 32 6
15 33 8
15 34 1
15 35 20
15 38 3
15 39 19
15 40 20
15 41 7
15 42 5
15 43 9
15 45 9
15 46 15
15 47 13
15 48 5
15 49 4
16 18 2
16 19 11
16 20 11
16 21 6
16 22 6
16 23 3
16 24 14
16 26 15
16 27 18
16 28 8
16 29 3
16 31 18
16 32 6
16 34 13
16 35 13
16 37 3
16 38 10
16 39 8
16 41 11
16 43 6
16 44 5
16 45 2
16 46 9
16 47 17
16 48 3
16 49 20
17 18 14
17 19 11
17 21 19
17 22 10
17 23 2
17 24 19
17 25 8
17 26 6
17 27 1
17 29 17
17 30 2
17 31 15
17 32 14
17 33 3
17 35 14
17 36 6
17 37 15
17 39 9
17 40 15
17 42 5
17 43 20
17 45 7
17 47 18
17 48 7
17 49 13
18 19 20
18 20 8
18 22 16
18 23 6
18 24 18
18 25 10
18 26 12
18 28 12
18 29 5
18 30 15
18 31 19
18 32 2
18 33 9
18 35 10
18 37 19
18 38 18
18 39 10
18 40 19
18 42 20
18 45 3
18 47 16
18 48 20
18 49 15
19 21 4
19 22 18
19 23 11
19 24 15
19 25 17
19 27 3
19 28 7
19 29 13
19 30 12
19 33 10
19 36 1
19 37 6
19 38 8
19 39 15
19 40 16
19 42 9
19 43 15
19 45 15
19 47 5
19 48 1
20 21 2
20 23 11
20 25 10
20 26 3
20 28 17
20 29 4
20 30 16
20 31 5
20 32 13
20 34 18
20 35 15
20 36 11
20 37 15
20 38 13
20 41 9
20 42 14
20 43 1
20 44 3
20 45 10
20 46 16
20 47 13
20 48 9
20 49 12
21 23 5
21 24 16
21 28 19
21 29 10
21 30 7
21 31 20
21 32 17
21 33 20
21 34 2
21 35 5
21 37 3
21 38 15
21 39 15
21 40 20
21 41 1
21 42 7
21 43 3
21 44 8
21 45 18
22 24 14
22 26 6
22 27 4
22 28 5
22 29 4
22 31 7
22 32 12
22 33 12
22 34 19
22 37 1
22 39 5
22 41 20
22 42 11
22 43 15
22 44 18
22 45 8
22 46 6
22 47 19
22 48 20
22 49 17
23 25 14
23 26 3
23 27 1
23 29 20
23 30 13
23 31 11
23 32 3
23 33 7
23 34 15
23 36 2
23 37 5
23 38 19
23 40 7
23 41 15
23 42 14
23 44 15
23 45 16
23 46 11
23 47 9
23 49 8
24 25 6
24 27 10
24 28 7
24 29 8
24 30 14
24 31 17
24 32 12
24 33 7
24 34 2
24 35 6
24 37 19
24 38 20
24 39 10
24 41 19
24 42 2
24 43 20
24 44 8
24 45 10
24 46 12
24 47 3
24 48 5
24 49 11
25 27 8
25 28 8
25 29 2
25 30 4
25 31 12
25 32 6
25 33 6
25 34 13
25 35 2
25 36 8
25 40 8
25 41 10
25 42 17
25 45 5
25 46 2
25 48 11
25 49 17
26 27 2
26 28 12
26 29 2
26 30 14
26 32 7
26 33 16
26 35 18
26 36 8
26 37 5
26 38 12
26 39 13
26 40 10
26 41 12
26 43 7
26 44 10
26 45 5
26 46 16
26 47 19
26 48 4
26 49 19
27 28 7
27 31 9
27 32 6
27 33 16
27 34 15
27 35 11
27 36 12
27 37 13
27 38 4
27 39 10
27 40 1
27 41 17
27 42 15
27 43 17
27 44 6
27 45 2
27 46 7
27 47 15
27 48 5
27 49 6
28 31 13
28 32 10
28 33 3
28 34 4
28 35 9
28 36 14
28 37 19
28 38 13
28 40 3
28 41 19
28 43 6
28 44 9
28 45 20
28 46 1
28 47 12
28 48 9
28 49 8
29 30 15
29 31 9
29 32 1
29 34 8
29 35 16
29 37 4
29 38 17
29 40 9
29 41 11
29 43 13
29 44 17
29 46 19
29 48 19
29 49 4
30 31 15
30 33 13
30 36 12
30 39 13
30 40 15
30 41 14
30 42 9
30 43 12
30 48 18
30 49 16
31 32 16
31 34 19
31 35 8
31 36 16
31 38 13
31 39 16
31 40 8
31 44 4
31 45 6
31 46 2
31 47 14
31 48 5
31 49 16
32 33 13
32 34 1
32 35 9
32 36 6
32 37 6
32 38 6
32 39 14
32 40 3
32 43 4
32 45 8
32 46 5
32 48 15
32 49 6
33 34 8
33 35 13
33 36 2
33 38 6
33 39 17
33 41 6
33 42 5
33 43 13
33 44 1
33 45 18
33 46 10
33 48 13
34 35 7
34 37 1
34 39 10
34 40 13
34 41 2
34 42 2
34 43 2
34 44 12
34 45 19
34 46 14
34 47 6
34 48 15
34 49 20
35 38 1
35 39 6
35 40 4
35 41 6
35 42 10
35 43 1
35 44 4
35 45 12
35 46 16
35 47 16
35 48 9
35 49 18
36 38 9
36 39 6
36 40 3
36 42 17
36 43 18
36 44 8
36 45 18
36 46 17
36 48 18
36 49 13
37 38 9
37 39 1
37 40 10
37 41 19
37 42 12
37 44 2
37 46 18
37 47 16
37 48 4
37 49 7
38 40 15
38 41 17
38 43 2
38 44 16
38 46 2
38 47 13
38 48 20
39 40 16
39 41 9
39 42 8
39 43 14
39 44 3
39 45 11
39 46 16
39 47 19
39 48 19
39 49 18
40 41 11
40 43 17
40 45 7
40 46 2
40 48 1
40 49 18
41 43 18
41 44 12
41 47 6
41 49 20
42 43 16
42 44 11
42 45 6
42 46 8
42 47 17
42 48 10
43 45 14
43 46 8
43 47 2
43 48 1
44 45 10
44 46 1
44 48 15
44 49 20
45 47 16
45 48 14
46 49 20
48 49 3
