1250 100 39 0
0 1 13
0 10 14
0 11 16
0 22 9
0 24 1
0 31 3
0 32 13
0 35 15
0 37 10
0 40 4
0 48 14
0 52 4
0 58 11
0 59 5
0 65 7
0 66 4
0 68 4
0 75 20
0 80 18
0 82 2
0 84 12
0 85 10
0 91 6
0 93 20
0 97 15
1 2 1
1 6 9
1 11 18
1 13 8
1 19 4
1 22 8
1 31 2
1 36 2
1 47 3
1 49 6
1 61 10
1 62 11
1 73 5
1 76 4
1 77 14
1 79 13
1 84 20
1 85 9
1 86 17
1 87 5
1 94 13
2 25 9
2 27 8
2 30 6
2 36 12
2 39 1
2 40 20
2 47 2
2 48 18
2 52 4
2 55 17
2 59 17
2 62 15
2 64 3
2 68 12
2 69 15
2 71 4
2 81 14
2 82 13
2 83 13
2 84 5
2 93 3
2 94 4
2 99 16
3 6 14
3 8 19
3 9 2
3 10 5
3 13 5
3 16 12
3 30 3
3 42 11
3 51 14
3 52 15
3 55 4
3 56 3
3 58 17
3 62 6
3 66 20
3 69 11
3 75 1
3 81 13
3 82 4
3 84 5
3 87 13
3 88 10
3 92 19
3 98 6
4 7 5
4 11 7
4 15 4
4 20 12
4 22 12
4 24 10
4 27 5
4 33 15
4 38 12
4 55 2
4 72 19
4 85 19
4 87 14
4 89 20
4 92 15
4 95 8
4 97 9
5 8 11
5 13 1
5 14 14
5 17 9
5 20 1
5 25 6
5 31 8
5 33 9
5 37 10
5 42 11
5 47 4
5 54 11
5 56 5
5 65 9
5 66 1
5 67 10
5 68 12
5 71 11
5 78 2
5 79 4
5 82 2
5 83 6
5 90 4
5 91 20
5 92 3
5 95 20
6 7 20
6 14 6
6 25 3
6 28 16
6 32 12
6 36 13
6 39 2
6 50 11
6 51 16
6 57 12
6 62 20
6 77 10
6 84 9
6 85 17
6 89 10
6 94 12
6 97 13
6 99 7
7 8 5
7 16 10
7 19 1
7 24 8
7 27 9
7 37 14
7 38 9
7 42 11
7 45 13
7 47 10
7 50 2
7 56 5
7 59 10
7 65 11
7 68 3
7 73 18
7 75 12
7 82 4
7 86 2
7 98 19
8 9 3
8 10 16
8 15 18
8 16 2
8 21 19
8 24 17
8 27 18
8 28 18
8 31 12
8 33 14
8 34 2
8 35 2
8 39 3
8 45 3
8 46 10
8 50 16
8 56 17
8 58 19
8 61 15
8 64 9
8 72 10
8 74 12
8 75 13
8 79 15
8 80 19
8 85 12
8 89 16
9 14 6
9 15 4
9 17 19
9 21 17
9 23 18
9 28 8
9 37 14
9 43 7
9 44 16
9 46 9
9 48 11
9 50 10
9 54 7
9 58 11
9 59 16
9 64 19
9 71 8
9 73 7
9 76 15
9 77 5
9 80 3
9 81 11
9 97 17
9 98 18
10 12 2
10 15 4
10 23 12
10 26 8
10 28 13
10 37 11
10 38 10
10 47 2
10 50 13
10 52 13
10 53 10
10 54 4
10 61 9
10 64 9
10 66 4
10 70 12
10 75 12
10 76 18
10 78 2
10 81 9
10 88 3
10 97 16
10 98 18
10 99 8
11 16 6
11 31 17
11 33 6
11 35 7
11 53 19
11 55 14
11 63 18
11 64 2
11 65 9
11 67 16
11 68 13
11 69 10
11 74 3
11 79 9
11 82 13
11 83 13
11 85 16
11 87 2
11 93 11
11 97 19
11 98 5
12 14 2
12 15 8
12 32 5
12 36 15
12 38 19
12 39 16
12 41 15
12 47 18
12 48 3
12 49 1
12 58 2
12 62 7
12 68 1
12 72 15
12 76 18
12 78 5
12 83 7
12 90 15
12 94 17
12 95 17
12 97 1
13 15 11
13 19 14
13 26 1
13 27 9
13 38 3
13 41 12
13 47 10
13 48 11
13 56 20
13 57 9
13 82 9
13 84 9
13 92 1
13 94 13
14 22 6
14 24 11
14 30 9
14 44 19
14 45 20
14 48 8
14 49 2
14 54 13
14 55 14
14 60 4
14 75 13
14 77 10
14 80 2
14 81 2
14 85 9
14 88 10
14 94 14
14 95 11
14 98 2
15 16 1
15 20 5
15 27 1
15 40 10
15 42 3
15 43 10
15 44 6
15 49 12
15 50 14
15 52 5
15 64 7
15 75 11
15 77 16
15 84 11
15 89 7
15 99 8
16 17 6
16 18 12
16 25 6
16 29 13
16 35 8
16 38 10
16 39 4
16 42 6
16 45 17
16 47 19
16 48 6
16 49 17
16 53 3
16 63 10
16 77 18
16 79 2
16 81 10
16 85 19
16 86 10
16 93 15
16 98 20
17 19 2
17 21 10
17 25 14
17 27 1
17 30 20
17 38 13
17 41 16
17 45 2
17 51 7
17 54 4
17 65 9
17 68 20
17 72 9
17 76 4
17 77 13
17 81 20
17 84 16
17 85 15
17 88 17
17 95 17
18 19 11
18 26 4
18 27 7
18 31 4
18 37 11
18 45 12
18 48 2
18 56 15
18 57 20
18 59 19
18 60 8
18 61 9
18 68 3
18 69 5
18 71 17
18 74 12
18 79 7
18 80 5
18 84 17
18 87 5
18 90 18
18 93 17
19 28 20
19 29 11
19 34 6
19 44 7
19 47 6
19 49 7
19 52 7
19 54 9
19 56 19
19 61 3
19 68 16
19 76 14
19 78 1
19 83 5
19 84 15
19 90 11
19 93 13
19 94 9
19 98 16
20 21 7
20 22 18
20 28 2
20 29 13
20 31 7
20 40 9
20 41 5
20 42 6
20 43 20
20 45 5
20 49 14
20 53 17
20 56 15
20 59 17
20 71 17
20 75 6
20 76 11
20 77 13
20 85 11
20 89 12
20 91 2
20 92 1
20 94 15
21 23 18
21 27 5
21 31 9
21 40 13
21 42 1
21 47 16
21 51 10
21 58 6
21 65 6
21 67 2
21 71 15
21 73 3
21 81 2
21 92 8
22 23 15
22 24 9
22 29 13
22 37 4
22 42 20
22 47 10
22 53 16
22 63 2
22 71 6
22 73 9
22 76 6
22 80 7
22 83 6
22 87 1
22 89 1
22 92 14
22 93 11
22 94 17
22 98 15
23 43 12
23 45 5
23 53 4
23 55 4
23 59 3
23 63 13
23 70 9
23 74 16
23 80 15
23 81 11
23 83 3
23 85 15
23 86 13
23 99 15
24 35 20
24 41 4
24 42 3
24 47 16
24 55 19
24 59 20
24 64 6
24 68 11
24 72 15
24 77 16
24 85 5
24 87 2
24 88 2
24 95 2
25 26 3
25 33 19
25 35 1
25 47 11
25 52 12
25 54 18
25 55 4
25 60 2
25 66 12
25 68 3
25 69 2
25 78 13
25 80 1
25 81 18
25 88 19
25 91 13
25 93 4
25 95 20
25 96 15
26 27 17
26 31 14
26 32 1
26 34 9
26 35 9
26 37 3
26 40 19
26 44 16
26 48 18
26 56 6
26 57 10
26 60 4
26 64 1
26 65 9
26 69 11
26 71 13
26 72 19
26 74 17
26 75 6
26 81 3
26 92 18
26 99 6
27 31 1
27 36 11
27 39 5
27 40 16
27 43 2
27 50 6
27 51 10
27 53 4
27 57 19
27 60 5
27 62 5
27 64 7
27 65 12
27 74 11
27 77 20
27 78 20
27 81 20
27 85 7
27 86 10
27 87 11
27 91 3
27 92 9
27 99 17
28 29 6
28 31 18
28 34 2
28 37 20
28 38 15
28 42 6
28 43 19
28 46 4
28 48 10
28 50 15
28 59 16
28 67 19
28 73 7
28 78 10
28 89 20
28 92 10
28 93 7
28 96 10
28 97 3
28 98 9
29 40 2
29 42 17
29 44 9
29 51 5
29 52 12
29 54 3
29 56 11
29 57 7
29 60 10
29 73 7
29 78 12
29 91 4
29 92 9
29 95 16
29 97 12
29 98 12
30 31 2
30 36 20
30 38 9
30 43 7
30 47 12
30 48 18
30 49 12
30 51 2
30 55 13
30 56 9
30 57 3
30 58 17
30 62 6
30 68 18
30 69 19
30 73 8
30 74 4
30 78 18
30 79 3
30 89 8
30 90 12
31 32 20
31 34 14
31 35 15
31 36 15
31 38 17
31 40 7
31 42 15
31 43 18
31 49 9
31 53 4
31 55 4
31 56 18
31 57 15
31 68 16
31 72 12
31 75 13
31 77 10
31 80 5
31 81 5
31 83 11
31 84 7
31 86 8
31 88 2
31 90 17
31 92 1
31 94 4
32 34 16
32 35 20
32 41 16
32 42 6
32 43 12
32 44 8
32 53 14
32 60 20
32 61 9
32 62 11
32 63 11
32 66 12
32 68 11
32 69 9
32 70 12
32 77 2
32 79 7
32 83 9
32 86 8
32 87 19
32 90 16
32 91 20
32 96 7
33 35 15
33 37 11
33 38 3
33 41 18
33 45 16
33 48 3
33 56 11
33 63 20
33 69 10
33 82 10
33 85 2
33 86 13
33 91 3
33 95 20
34 36 7
34 39 2
34 40 14
34 43 12
34 46 9
34 47 7
34 54 18
34 55 13
34 56 4
34 70 11
34 71 1
34 75 13
34 82 13
34 83 9
34 86 8
34 87 12
34 88 7
34 89 13
34 91 19
34 95 14
34 96 19
34 97 10
35 53 2
35 61 8
35 63 9
35 75 13
35 79 13
35 83 14
35 84 9
35 86 20
35 90 6
35 92 20
35 99 2
36 41 1
36 45 7
36 49 16
36 50 18
36 58 8
36 60 14
36 61 6
36 63 15
36 64 13
36 69 4
36 80 6
36 83 1
36 94 16
36 95 9
36 98 12
37 52 3
37 65 9
37 67 7
37 75 19
37 79 7
37 90 15
37 94 11
37 95 3
38 40 18
38 44 19
38 56 13
38 60 18
38 63 5
38 65 7
38 67 16
38 68 8
38 69 20
38 73 6
38 76 15
38 77 4
38 79 16
38 82 10
38 85 19
38 91 7
38 95 16
39 42 18
39 46 18
39 47 1
39 52 7
39 54 5
39 55 19
39 59 5
39 63 9
39 64 15
39 65 11
39 66 3
39 68 20
39 71 8
39 72 9
39 74 19
39 75 11
39 79 6
39 80 2
39 81 16
39 83 12
39 87 3
39 92 10
39 93 15
39 94 8
39 97 13
40 42 20
40 49 7
40 58 9
40 61 14
40 64 6
40 66 14
40 72 6
40 74 14
40 76 3
40 80 11
40 82 15
40 87 5
40 89 9
40 95 19
40 98 11
41 42 19
41 43 12
41 51 9
41 55 2
41 56 17
41 58 5
41 59 20
41 62 8
41 63 11
41 71 11
41 73 9
41 74 6
41 83 12
41 85 9
41 86 18
41 88 10
42 55 4
42 59 4
42 62 6
42 64 12
42 65 14
42 66 13
42 70 15
42 81 6
42 85 16
42 88 19
42 90 16
42 91 14
42 96 13
42 97 15
42 98 20
42 99 13
43 45 6
43 49 4
43 50 14
43 57 3
43 60 5
43 65 7
43 68 9
43 73 6
43 77 12
43 82 20
43 83 1
43 85 16
43 88 11
43 92 20
43 96 10
43 98 15
44 45 6
44 46 13
44 50 2
44 53 15
44 54 15
44 55 19
44 56 20
44 73 9
44 79 2
44 82 1
44 85 15
44 90 15
44 91 10
44 93 9
44 94 18
44 95 10
44 98 6
45 50 12
45 53 18
45 55 15
45 56 17
45 75 6
45 78 6
45 82 4
45 86 15
45 93 8
45 99 6
46 50 3
46 51 14
46 56 4
46 62 10
46 63 18
46 65 17
46 68 5
46 77 6
46 91 11
46 99 19
47 48 10
47 51 1
47 52 4
47 60 18
47 61 12
47 72 7
47 73 9
47 74 14
47 75 20
47 78 15
47 83 13
47 87 8
47 93 18
47 96 20
48 49 5
48 61 4
48 62 7
48 65 20
48 68 8
48 70 13
48 84 1
48 86 12
48 87 5
48 89 2
48 90 2
48 91 3
48 92 17
48 94 13
48 95 12
49 50 10
49 54 20
49 59 1
49 62 9
49 67 13
49 68 1
49 69 3
49 72 17
49 74 8
49 75 19
49 79 7
49 82 2
49 84 3
49 87 7
49 89 14
49 94 13
49 98 2
50 56 15
50 57 9
50 59 15
50 63 5
50 68 3
50 79 20
50 82 4
50 90 16
51 52 13
51 54 15
51 58 20
51 65 4
51 67 20
51 69 3
51 72 10
51 73 7
51 74 19
51 75 9
51 83 4
51 86 16
52 57 7
52 65 15
52 71 18
52 82 12
52 86 12
52 91 8
52 93 20
52 94 20
52 95 8
52 98 4
53 58 14
53 59 10
53 62 20
53 71 7
53 75 9
53 77 15
53 79 5
53 80 3
53 82 8
53 88 2
53 97 14
54 55 16
54 61 11
54 65 8
54 68 4
54 71 15
54 81 15
54 83 8
54 86 15
54 92 7
54 95 11
54 97 8
55 56 19
55 60 4
55 66 7
55 68 19
55 74 16
55 83 18
55 85 20
55 86 20
56 63 1
56 64 15
56 67 17
56 71 15
56 77 1
56 82 15
56 91 13
56 92 1
56 93 9
56 97 6
57 62 19
57 64 18
57 66 15
57 67 13
57 78 11
57 79 5
57 88 12
57 91 18
57 97 7
58 60 16
58 64 4
58 65 9
58 69 20
58 72 18
58 73 8
58 76 8
58 82 11
58 92 3
58 93 4
58 97 9
59 63 6
59 64 5
59 66 18
59 69 6
59 73 19
59 79 16
59 82 11
59 83 4
59 84 9
59 85 10
59 87 3
59 88 19
59 90 4
59 91 10
59 92 15
59 93 6
59 98 18
60 62 7
60 64 11
60 68 13
60 76 9
60 78 13
60 80 6
60 81 1
60 82 5
60 89 6
60 90 10
60 91 6
60 92 6
60 94 8
60 95 17
60 98 15
61 66 12
61 70 13
61 72 14
61 76 11
61 79 1
61 84 4
61 85 2
61 87 4
61 96 4
62 66 14
62 67 18
62 70 1
62 73 18
62 82 8
62 85 20
62 88 8
62 93 18
62 94 12
63 71 13
63 76 17
63 85 9
63 91 8
63 94 9
63 96 17
64 68 11
64 69 20
64 71 16
64 73 20
64 75 16
64 76 13
64 77 18
64 81 3
64 83 20
64 94 12
64 97 7
65 67 2
65 69 15
65 70 9
65 76 19
65 83 11
65 84 13
65 87 2
66 79 1
66 80 11
66 99 1
67 71 7
67 78 16
67 82 7
67 85 11
67 86 15
67 87 15
67 99 10
68 70 6
68 76 3
68 77 7
68 79 4
68 84 15
68 86 1
68 89 1
68 93 10
68 96 16
68 98 19
69 72 17
69 74 11
69 77 16
69 79 3
69 80 10
69 89 2
69 95 10
69 96 15
70 71 6
70 74 14
70 76 3
70 77 10
70 81 16
70 83 7
70 86 12
70 87 5
71 72 13
71 73 16
71 74 7
71 78 7
71 87 14
71 92 10
71 93 16
71 97 8
71 99 6
72 73 1
72 74 15
72 76 3
72 78 14
72 79 19
72 93 8
72 95 4
73 75 2
73 76 12
73 77 8
73 83 3
73 87 11
73 91 11
73 92 10
73 94 7
73 96 19
73 97 8
73 99 14
74 76 20
74 78 19
74 79 14
74 81 13
74 88 12
74 90 3
74 95 17
75 80 3
75 81 2
75 82 4
75 88 6
75 90 13
75 93 4
76 77 19
76 78 7
76 81 16
76 88 6
76 90 14
76 92 13
76 98 12
77 78 20
77 89 16
77 95 19
77 96 19
78 85 5
78 89 12
78 90 5
78 93 10
78 94 9
78 96 11
79 87 7
79 90 7
79 93 13
79 96 13
80 82 3
80 87 16
80 89 9
80 90 16
80 91 17
80 93 15
80 96 17
81 84 20
81 86 14
81 90 19
81 92 19
81 96 14
81 98 15
82 84 8
82 85 19
82 89 18
82 91 15
82 95 10
82 97 19
82 99 8
83 88 10
83 89 10
83 93 9
83 98 13
83 99 12
84 85 15
84 92 10
84 93 6
84 95 19
84 97 16
85 88 10
85 89 18
85 90 7
85 92 5
86 87 10
86 92 16
86 95 13
86 98 16
87 88 16
87 90 5
87 91 19
87 97 7
87 98 18
88 98 16
89 92 3
89 97 20
89 99 9
90 94 15
90 96 18
91 95 4
92 98 3
93 94 7
94 98 13
94 99 8
96 98 4
