1250 100 77 100
0 2 11
0 5 12
0 11 6
0 15 9
0 17 18
0 21 11
0 23 6
0 27 16
0 30 8
0 34 19
0 38 6
0 43 3
0 49 1
0 50 9
0 51 12
0 52 11
0 58 3
0 61 7
0 64 14
0 69 6
0 70 18
0 72 10
0 80 15
0 85 17
0 93 7
0 94 1
1 12 6
1 23 15
1 43 13
1 56 16
1 62 9
1 65 14
1 67 19
1 68 18
1 71 20
1 73 2
1 83 18
1 84 2
1 85 15
1 87 8
1 91 20
2 5 5
2 9 6
2 14 15
2 16 4
2 21 16
2 24 17
2 30 2
2 42 2
2 43 19
2 45 19
2 47 20
2 50 3
2 52 20
2 54 7
2 56 20
2 57 6
2 58 4
2 67 10
2 70 20
2 71 5
2 75 17
2 76 12
2 81 13
2 85 4
2 92 20
2 98 6
3 4 12
3 5 15
3 16 1
3 17 10
3 18 16
3 21 13
3 23 15
3 32 4
3 34 9
3 35 11
3 37 16
3 39 15
3 40 12
3 46 16
3 47 20
3 50 14
3 53 3
3 56 9
3 60 7
3 66 15
3 73 3
3 77 8
3 85 14
3 86 14
3 98 7
4 5 4
4 13 20
4 14 11
4 18 7
4 19 17
4 31 15
4 32 10
4 36 1
4 42 19
4 45 16
4 48 16
4 53 20
4 55 1
4 59 18
4 60 7
4 67 20
4 68 19
4 70 1
4 75 2
4 78 12
5 6 19
5 13 14
5 16 9
5 17 10
5 19 7
5 22 11
5 26 7
5 28 10
5 31 8
5 36 1
5 52 14
5 53 4
5 56 3
5 59 1
5 60 10
5 63 15
5 64 18
5 71 6
5 72 12
5 73 6
5 75 18
5 76 6
5 79 3
5 80 19
5 84 8
5 87 20
5 90 4
5 91 5
5 94 13
5 99 6
6 9 3
6 10 1
6 11 5
6 12 7
6 14 7
6 15 13
6 20 12
6 22 3
6 30 10
6 37 15
6 45 5
6 54 6
6 55 2
6 58 6
6 59 11
6 61 5
6 64 20
6 66 13
6 71 4
6 78 11
6 81 20
6 85 14
6 99 19
7 9 1
7 16 18
7 18 19
7 26 17
7 31 2
7 38 18
7 39 16
7 40 12
7 44 9
7 46 13
7 58 12
7 60 14
7 62 3
7 67 9
7 69 19
7 70 6
7 71 15
7 73 12
7 76 20
7 77 20
7 82 4
7 87 12
7 93 3
7 94 12
7 95 19
7 99 13
8 11 19
8 15 1
8 16 6
8 20 2
8 22 6
8 23 17
8 24 6
8 29 16
8 36 3
8 39 9
8 48 9
8 52 8
8 54 12
8 58 15
8 61 10
8 64 5
8 68 15
8 75 5
8 80 9
8 84 5
8 86 18
8 94 4
8 95 3
8 98 10
9 11 15
9 12 7
9 18 3
9 34 16
9 41 19
9 47 14
9 51 18
9 55 10
9 65 20
9 67 6
9 80 9
9 82 8
9 85 16
9 86 11
9 88 13
9 90 20
9 91 19
9 98 14
10 14 19
10 15 13
10 18 6
10 21 8
10 22 1
10 25 18
10 28 4
10 35 1
10 37 7
10 39 1
10 41 4
10 62 6
10 68 3
10 79 15
10 80 16
10 83 3
10 86 19
10 88 12
10 89 19
10 91 15
10 93 4
10 94 2
11 12 20
11 13 12
11 21 19
11 22 9
11 25 13
11 26 17
11 27 7
11 30 3
11 32 13
11 35 2
11 38 3
11 39 18
11 45 11
11 47 18
11 49 1
11 55 1
11 62 16
11 66 18
11 67 13
11 71 15
11 75 15
11 76 12
11 78 15
11 80 7
11 81 9
11 82 5
11 88 20
12 13 17
12 17 7
12 18 7
12 23 8
12 24 5
12 26 8
12 32 12
12 38 7
12 39 15
12 40 16
12 41 5
12 43 18
12 45 18
12 49 5
12 51 20
12 54 17
12 64 7
12 65 3
12 72 1
12 75 4
12 78 11
12 83 11
12 88 6
12 89 17
12 91 2
12 97 17
12 99 15
13 15 6
13 21 17
13 23 3
13 27 18
13 30 19
13 33 6
13 40 2
13 44 14
13 47 12
13 54 6
13 55 12
13 62 13
13 63 16
13 68 19
13 79 9
13 82 5
13 84 19
13 88 1
13 89 12
13 94 17
13 95 18
13 96 11
13 97 4
13 98 17
14 22 6
14 24 7
14 38 4
14 39 19
14 51 3
14 59 5
14 60 15
14 61 10
14 62 20
14 70 13
14 73 9
14 85 16
14 88 2
14 91 16
14 97 9
14 98 15
15 18 12
15 28 17
15 33 19
15 36 9
15 54 12
15 56 10
15 62 16
15 63 9
15 65 7
15 75 13
15 78 6
15 81 20
15 86 17
15 88 1
15 90 9
15 96 5
16 17 14
16 19 14
16 20 11
16 25 10
16 35 7
16 36 12
16 38 8
16 41 5
16 46 6
16 50 12
16 53 9
16 57 8
16 73 19
16 82 5
16 83 17
16 85 20
16 86 18
16 88 18
16 90 14
16 92 15
16 97 11
17 21 10
17 25 12
17 27 1
17 45 19
17 47 15
17 48 8
17 50 12
17 51 20
17 53 6
17 56 2
17 58 6
17 60 13
17 61 15
17 68 7
17 71 11
17 72 8
17 73 19
17 74 5
17 75 16
17 78 18
17 92 2
17 93 12
17 98 19
18 19 10
18 21 14
18 30 3
18 33 13
18 37 13
18 41 13
18 42 14
18 44 9
18 45 16
18 48 14
18 50 2
18 52 4
18 54 19
18 62 6
18 64 6
18 65 2
18 79 7
18 83 6
18 94 4
19 21 2
19 24 6
19 26 10
19 27 5
19 28 2
19 32 19
19 37 8
19 44 17
19 59 11
19 65 6
19 66 2
19 71 14
19 74 13
19 76 5
19 77 11
19 78 3
19 79 15
19 84 9
19 85 16
19 87 20
19 92 4
19 93 17
19 97 15
20 22 9
20 23 9
20 29 17
20 31 11
20 33 20
20 38 13
20 39 17
20 40 2
20 41 10
20 42 4
20 50 8
20 51 5
20 58 4
20 68 10
20 72 12
20 74 17
20 76 19
20 79 5
20 81 13
20 82 3
20 86 11
20 88 14
20 96 10
20 97 6
21 22 3
21 25 18
21 28 12
21 37 17
21 44 7
21 51 11
21 54 20
21 59 18
21 63 2
21 71 11
21 80 8
21 89 13
21 94 12
21 95 2
22 26 2
22 28 18
22 33 12
22 39 10
22 40 13
22 43 8
22 47 3
22 49 18
22 50 5
22 54 2
22 57 2
22 63 19
22 68 13
22 69 12
22 73 12
22 74 19
22 76 9
22 78 7
22 88 12
22 91 7
22 92 3
22 98 7
22 99 4
23 24 4
23 25 5
23 29 17
23 38 8
23 40 5
23 41 13
23 43 10
23 44 13
23 46 6
23 50 9
23 56 5
23 59 19
23 65 12
23 69 2
23 75 12
23 77 13
23 78 18
23 92 11
23 94 4
23 95 16
24 32 17
24 33 4
24 34 7
24 36 8
24 53 2
24 61 16
24 63 4
24 64 5
24 66 9
24 74 10
24 82 16
24 83 13
24 86 18
24 88 18
24 93 10
24 94 2
24 99 12
25 27 9
25 36 10
25 42 14
25 49 6
25 60 3
25 61 20
25 64 19
25 70 10
25 73 11
25 74 14
25 77 16
25 78 5
25 81 2
25 82 7
25 90 18
25 91 10
25 93 19
25 97 15
25 98 5
26 27 2
26 28 18
26 33 4
26 34 6
26 37 18
26 40 8
26 41 3
26 42 2
26 45 14
26 47 5
26 48 17
26 52 20
26 53 6
26 58 5
26 60 1
26 69 14
26 70 5
26 71 17
26 72 17
26 84 15
26 86 7
26 87 3
26 95 18
26 96 16
27 29 16
27 30 13
27 39 20
27 40 14
27 51 3
27 52 11
27 57 8
27 60 9
27 63 16
27 77 17
27 79 12
27 82 3
27 93 5
27 99 5
28 34 6
28 40 15
28 48 1
28 53 4
28 56 20
28 57 1
28 60 12
28 61 15
28 62 9
28 65 15
28 70 1
28 73 8
28 76 7
28 80 9
28 81 10
28 82 18
28 89 13
28 92 2
28 94 14
28 98 15
29 30 6
29 40 20
29 44 20
29 45 17
29 50 2
29 52 9
29 56 15
29 63 2
29 66 18
29 70 18
29 75 17
29 78 1
29 85 4
29 89 15
29 91 13
29 94 14
29 96 16
30 35 19
30 36 19
30 45 18
30 46 18
30 47 16
30 50 17
30 55 20
30 56 19
30 60 1
30 61 14
30 62 7
30 63 12
30 64 4
30 69 10
30 71 8
30 73 2
30 80 8
30 82 6
30 86 14
30 89 11
31 40 5
31 48 19
31 51 20
31 54 8
31 56 19
31 61 18
31 63 17
31 65 3
31 70 1
31 76 19
31 79 2
31 82 12
31 84 18
31 88 6
31 90 13
31 93 13
32 46 5
32 58 1
32 66 6
32 70 10
32 73 19
32 75 17
32 76 14
32 80 18
32 81 15
32 84 17
32 85 7
32 86 20
32 95 11
33 40 11
33 43 10
33 44 10
33 48 7
33 51 4
33 58 9
33 60 10
33 65 7
33 74 14
33 75 9
33 91 9
34 36 7
34 40 1
34 41 12
34 42 20
34 46 16
34 55 5
34 56 5
34 57 13
34 59 5
34 63 6
34 68 2
34 70 8
34 73 15
34 75 5
34 77 12
34 85 18
34 92 2
34 95 6
35 39 8
35 44 16
35 45 4
35 48 3
35 49 18
35 53 19
35 60 3
35 61 16
35 64 18
35 67 6
35 69 1
35 73 2
35 76 9
35 81 6
35 82 11
35 84 1
35 85 20
35 86 3
35 88 5
35 89 18
35 96 2
35 97 2
36 38 10
36 40 15
36 42 4
36 45 4
36 47 9
36 72 5
36 74 17
36 75 20
36 81 14
36 85 3
36 90 13
36 91 3
36 94 13
36 97 5
37 39 2
37 43 10
37 49 14
37 52 2
37 56 18
37 59 10
37 64 19
37 65 17
37 69 17
37 73 13
37 77 16
37 86 19
37 93 16
37 95 11
38 45 2
38 47 13
38 58 13
38 60 20
38 61 18
38 74 11
38 77 15
38 82 13
38 90 18
38 91 10
38 93 14
38 94 18
38 98 11
39 54 8
39 55 7
39 56 15
39 58 6
39 59 17
39 62 9
39 64 18
39 67 10
39 69 14
39 73 10
39 74 2
39 84 5
39 88 20
39 94 13
40 47 2
40 50 14
40 64 11
40 65 15
40 67 11
40 70 19
40 72 15
40 73 3
40 74 20
40 77 11
40 78 6
40 89 6
40 96 18
41 42 1
41 45 2
41 49 19
41 50 8
41 51 9
41 63 16
41 67 7
41 71 6
41 72 17
41 74 19
41 81 19
41 83 9
41 97 12
42 48 12
42 50 6
42 51 18
42 54 13
42 59 10
42 71 1
42 72 20
42 73 20
42 74 1
42 75 3
42 91 10
42 93 17
42 96 18
42 98 19
42 99 10
43 44 20
43 46 16
43 53 8
43 55 2
43 62 3
43 65 7
43 73 13
43 89 14
43 93 5
43 94 3
44 47 19
44 53 6
44 54 11
44 55 3
44 56 13
44 61 19
44 69 15
44 78 4
44 87 7
44 91 7
44 94 15
44 95 15
44 98 11
45 48 6
45 50 3
45 62 2
45 64 18
45 78 3
45 82 14
45 86 13
45 87 6
45 91 16
45 92 2
45 97 4
46 47 9
46 52 6
46 56 9
46 58 11
46 59 13
46 61 5
46 66 3
46 67 10
46 68 5
46 74 11
46 78 2
46 79 12
46 85 11
46 96 18
47 49 1
47 50 11
47 54 19
47 56 4
47 61 17
47 62 2
47 68 9
47 70 2
47 71 14
47 72 8
47 78 6
47 80 6
47 82 6
47 84 8
47 85 19
47 92 10
48 52 18
48 55 15
48 60 8
48 64 20
48 65 19
48 66 12
48 68 19
48 70 19
48 71 15
48 74 5
48 76 10
48 90 9
48 93 16
48 94 14
48 97 1
49 54 16
49 56 10
49 57 8
49 59 1
49 61 20
49 63 16
49 64 7
49 67 8
49 73 2
49 81 12
49 96 2
49 97 2
49 98 9
50 57 11
50 59 1
50 65 6
50 73 15
50 82 20
50 84 5
50 85 20
50 87 14
50 89 9
50 99 5
51 59 6
51 61 4
51 64 4
51 67 10
51 68 3
51 70 6
51 72 6
51 75 16
51 76 17
51 80 9
51 81 12
51 86 8
51 95 13
52 54 14
52 57 4
52 62 7
52 72 17
52 80 8
52 87 7
52 90 18
52 97 14
53 61 1
53 68 13
53 72 10
53 76 18
53 79 13
53 85 20
53 86 12
53 88 18
53 90 17
53 93 15
53 94 15
54 56 8
54 63 20
54 67 5
54 73 14
54 86 5
54 90 13
54 93 11
54 94 19
54 98 10
55 59 6
55 63 15
55 64 16
55 76 11
55 82 3
55 84 9
55 85 14
55 89 18
55 94 4
55 96 5
55 98 6
56 58 9
56 60 5
56 63 1
56 73 15
56 76 11
56 81 8
56 88 11
56 90 15
56 94 15
56 99 11
57 60 4
57 62 4
57 63 16
57 65 10
57 66 12
57 73 14
57 74 7
57 81 2
57 83 9
57 92 15
57 93 11
57 95 16
58 61 7
58 65 18
58 68 4
58 70 11
58 72 7
58 75 3
58 78 18
58 84 17
58 94 8
58 99 13
59 60 3
59 67 15
59 76 3
59 79 8
59 82 13
59 84 18
59 85 10
59 87 8
59 92 8
59 94 11
59 97 4
60 64 5
60 67 20
60 69 3
60 75 14
60 77 17
60 86 15
60 87 4
60 91 15
60 93 17
60 97 13
61 63 1
61 71 20
61 75 13
61 85 10
61 87 3
61 88 14
61 90 17
61 96 9
62 64 2
62 67 8
62 78 17
62 82 2
62 83 1
62 84 10
62 85 19
62 87 5
62 89 6
62 97 4
63 70 8
63 74 2
63 79 11
63 80 8
63 81 3
63 85 7
63 87 11
63 90 13
63 93 12
63 96 9
63 98 10
64 69 3
64 79 11
64 82 4
64 85 16
64 88 16
64 94 14
64 97 18
64 99 14
65 70 14
65 73 3
65 76 3
65 77 3
65 78 3
65 80 14
65 90 9
65 96 12
65 97 12
65 99 12
66 72 14
66 77 19
66 85 8
66 88 19
66 90 12
66 91 13
66 95 11
66 97 5
67 73 9
67 74 15
67 75 16
67 80 1
67 82 7
67 84 1
67 87 12
67 89 7
67 93 4
67 94 20
68 73 16
68 76 17
68 80 15
68 81 5
68 85 1
68 92 15
69 75 20
69 80 13
69 82 20
69 87 3
69 92 20
69 95 7
69 96 15
69 98 8
70 73 11
70 75 13
70 78 17
70 80 4
70 85 4
70 92 15
70 93 1
70 96 19
70 98 11
70 99 11
71 73 12
71 81 3
71 83 17
71 89 6
71 91 2
71 99 14
72 75 15
72 77 5
72 80 11
72 81 10
72 87 3
72 88 19
72 90 15
72 93 7
73 76 10
73 77 8
73 82 3
73 86 5
73 92 17
73 93 19
73 95 12
74 87 5
74 88 20
74 90 3
74 91 19
74 92 10
74 94 18
74 95 12
74 96 12
74 99 13
75 77 8
75 78 2
75 84 15
75 86 6
75 88 11
75 89 12
75 92 15
76 83 20
76 92 19
76 94 14
76 95 15
76 97 12
76 98 16
76 99 18
77 81 18
77 82 11
77 84 1
77 85 7
77 86 19
77 87 16
77 88 11
77 90 4
77 94 16
77 96 9
78 79 15
78 84 12
78 92 10
78 98 9
78 99 16
79 80 18
79 81 5
79 82 17
79 83 20
79 91 3
79 93 17
79 94 19
79 96 16
79 99 3
80 82 10
80 89 18
80 94 9
80 97 16
80 99 11
81 84 15
81 88 3
81 90 8
81 92 2
81 96 10
82 84 18
82 85 17
82 86 20
82 91 2
82 97 2
82 98 4
82 99 4
83 85 20
83 86 14
83 87 9
83 90 6
83 93 5
83 96 4
83 98 18
84 93 14
84 95 6
85 86 9
85 98 8
85 99 18
86 88 19
86 94 12
86 96 1
86 99 3
87 90 3
87 91 17
87 99 15
88 89 18
88 95 10
88 98 3
89 94 14
90 92 5
90 94 17
91 99 17
93 94 16
93 99 4
94 97 16
97 99 8
